siteid,projectid,"PIDHASH                                                                                                                         ","hash1                                                                                                                           ","hash2                                                                                                                           ","hash3                                                                                                                           ","hash4                                                                                                                           ","hash5                                                                                                                           ","hash6                                                                                                                           ","hash7                                                                                                                           ","hash8                                                                                                                           ","hash9                                                                                                                           ","hash10                                                                                                                          "
1,Linkja Project,83D6B9A469B9615B6003985730F2450147124CB1A4DC69B03C94BD6442AA714F40C7ADEE6D2E6F5A5C5CCE9E31622E0A59E6E89E23C5B1DB78AB9BC2AE0EC9E0,,6F554507B9BB0BD8566C469697D9BA943D61A38712C882B03DDB69F2B0E3F6B21C285DC1F77C5C16A5BFDF8DD32A07BF141FBCCB2A543D5ECA8C686FED6BD426,,ABE33CB2F1A43747ED05C477EF64C5E289737D776DCD7E30D94A437262525B3E1455BCAA662B3CC8E4D30108E7B3AAB3051FAF9D7E42CC6020381C1C8DDAF8DF,,70D2B6947230FE7573B375B70E827A02F3ABD2596207BA9E8109CC92A20A0914A3572B1B5ACBF656286B1F8AA7988AD47330548B8F072DC81A4DAB87B0D1340B,,C6D23C1FE8630E0C4D621F79B5F79A81CA0E51F334B02BCEFABDD56414E8DE4975B610D0DC54F198A20F9D73EE3C54EDE9BDE0A397A3A4A1933DDAEA9BC052BB,,
1,Linkja Project,6B8164EF98B274E0E1B33894372BC67BD23D9980B1EE6FEC077169A63001A41F733DA51E6C724908EE2B0A32716B7DF6D974F591B9DE7D818FB80054EAD90997,,44EAF960EF90B3A1D2A4029306EEA92E8DD6E3E7CCCE595F1603D0054E526E37CF926430F6B77B23851704ECE2795067931D7F36CD3029CD5BC139D5F02EB0B2,,7580C3424E6EE243497CD094ABF82B6F862DE74D57E9D5C9041884AD5D04C96322A70B30C1A567325D6F2BDBBA84E2083C5792142A4DC36E3BFD0071B88E7D19,,2A754C4B3DDC0CA76768203AC0837E7F1C7D6A0CD1ECB0ED88C47739A2BEC3EE8981E98828D93A55BC7C55D637C8B4235FA70B222F2788030AC48596FCB82B9E,,64A72EC966BCFDA41E783B58D2ED857CB2A89D884369F2F7715F43C393B5A123C299DF6B20963AE9365995E532B34A987F55FBAB36218DF96BCADFE07B7C825A,,
1,Linkja Project,7E81C35FE88A0FFA77CB16AA90B5706B2CE7826E8F8C4049A90DF32B96EE9ABD3E2336CF56BDFD0169B88677D6FE69AF016DADFCAAAAB7FFC46FB1EBA5E944E9,,89B19EBBD37F02AA3D3A330465FB8E917D48FE60B87599DE2B087BB051F038AD516870DB5974BB2588BEA35A6B02A2BB3790DEC0DFFF8F054FBAC939D6901E68,,EAF206544DCE6D53DCD8229655CE19885A65F6F8855FDBD9995DAB6A64D118A031784F30DFB34967571CD47EF480F2C523302304744EDB0AB660217866A66BD1,,E36BC41279C29B42BCE3883AA1A858712829D138B4737B36AA5B1138502C811E54DAF63B01AE3DEB9C412453100AFD876CC0F467B695E50ED5627E398297ADE4,,83DE131B01509D2EC30EFAE94152FF65E8E3645D8322DD3E0525B1F5578C64299A86A5FF7CA41CBD363C5BD105668A15F882FF1C834AA0AEA12C8030E21F9D3B,,
1,Linkja Project,EABCECE69B6BEEB961BAAF7C8FEC46DF32F715A1EE47218EB9263247910EB7D14F517C2DEE51F18FF94FC5CBE820176997C1573D942A3D8B1C8B47829166B57C,,F89CB6517AFBB567DA419AC677394F3F8CAE2F368B27F4C3900260A59953A405A0028C1E26601198C0A1DFEB314066B13EEB9A7E9D4D819A5C6A184EBCB0D046,,D01FC1411E79476FD2BD9857977D77B022440172A56368A0FF40AEB43A6624C469C214BE8E175876AA50495B09D0147BFB85DBB2EEBAD2FFE663CB2B17071F88,,394E894E3CF1D313EADD159FFCFF657E7E17DB8BC5A824CB678EAD7DFE7F1613DF23596F1EC389B6AA9F872E43C7C1307BA7DE936347C7D76140930B5B23C363,,10309BBD5E15932E1142A311018FB92642914A32C40D19683CF691C6323FEF8D8267420E4F4C280FCF6E9CAE11280F90BF97D7AD1C9782E7F91900A44A22D54A,,
1,Linkja Project,A9FDA6528333FD59D2D1653ED847606A13DC214419EE4F5FC3C215EB154944F0FCD767946BC2E3468193128BFDE5864612D8640C04F6A0D5ECDB42917573E8AA,4A412D7D0A845BA3AB5A3E212F7D9603534DC335DCD1640C980CBF5CC694AE802194A17B31BDFDA9BC6476818158551D4A4258AF9232C2B1E1FB2875482135AB,63269AB82C91C59A49B8EB7C46D16C23677EC6DE5745B9653A7B594C31DEA937320E8EEE3B1A32B3A081D312E71C84640B6004A10BFE5DCCB4B420C8880C0BF6,8CC483E32D13C50F604DA0F468A6BC13D6A93F46CF198CAAE689F91742F3EA4359AE6CD0FC7F5F37EE01F204C3153C4B06458DC93F2B2C0954CE7BF9EFED658E,48BA14BD601938C5210C4A2807309741981D85ACF0C38464B4C516D66C5F0086D305135FF22DA8462E83965117A04B7403FC56EE9F95FE3FF388FA712DFD9014,76DF971773B38D2D861C50371BE9594B4A80047D959456D7911BEC49760835F00ADF87C2A02BBC9DFDC1C3850178D109AF491836AA0D3EE40A9758C76342387E,E87087B619B07464C73071E1214829BE256DD8F75E8537D2FF95FE524F9FC0B3DD87E4BF8D5B394A7ABF7DE5F6C2E0EF0053C3223EF7727F2BDF7859237FDEB7,6E2CA388FC3222F6C2E54BB94C372948D2B7122377DEDB9941A9739BBC6AC47F9100A206367F05C7305C92B3239F842BEF1911C651006D26211BE50FD12CEC1F,3B3217AC2842D131597031D71BC3B52AD7F462AD23673D1B3C3E24087AE762075166D4BE33EB5713C46C87107DCE64E98DAE9835A0DA2D54CE2EF76C2C61C565,B44D3D4F5088FA5755177AE2E5077F93C49EFAA642A492BA4BEE2217F09FB0D1F2392B89ED48B53915D7864C15156B6A23C1381E75DBF8672C7AA5715D90C6FD,AB8C3036034721C943B8038EE863C75FD1E4A2F009A18D5014D4D08F7CB05DF7AA2DE362839C37FFD8B37964DD55B648B29AE9394F24D0F1AA3FA89C0E5FF0D0
1,Linkja Project,88E21A96BC0BAC7951765DEC85895E3FA18580EF05DBD49BBEF8C8EC532212EBB0DF4F5C7E2FFCA4A8848C92FDBC8810692D0FC3B410C16C42B3B061450500BF,6313756283FC60B000ECE6E1145F2E50AB1A7B887695F576537E1DF089DE01A9E72591F9BDE865BB597F4862CD6D155166BA65D092643369ABE3A651E4AAE479,94AEEA317B482C23D9B0BD209EB5DD282A06CB340BF7C24120BD9CDDE354980CE3163BDD274BE8F905A4884AF863BA5FC855744A0464CE17FA8500BA6095BB1B,02E3D46BC769BA7455BAE9F4CEE6D399B27A5A43C117F0E80C3674CC5085F761AF83FCD49B76E612E122F13C408F48C384945E2ED63329860756DCDFD5D46E79,CFD4B2A47DF6A1FCBA32840C8450C066925CD149CB04ECD65D1804569A4796967A50981B650B35AB0C71C0847352D7BA1566413D0DE88C61734ED6484F7817D4,CF1CC5D173C07CE6005AF21EC5AB6A4CFD33F47E5C26DD2F597088B0382B01A282D3589D590755683D03AD26A0C99976F63F0A1862C7AB689232172BC3E27092,1B2525DCDA65BD3F1D4322216DBC2D0E373FD51621771B593C02BEFD9B2300426FC6371487EEF6612DFEC9A7F160AB27BAE3564FCDDED3000DDE7CE5C555FC10,3195ADD3494712F45FE5D7CEC53328BA5A14BB01CB3EBEBE980872746BA9021F85558D9CD875A5F34603DEC7D3B6ADE99B4CF1DB16D92216E34C52B208A0A499,C00C5C51E9B5BB7860BF81C48492A8452355F189B2CBFF6957BE02DA4249E90D7D0AF19455D381FDA329E419EC03803E0844E01C00D4DCF4B5E3D71AE1821F7D,71F30A0B126041EF22F6C7B029216F75718A92B2ED1945F49EF3090C913270D4DFFFC4F1732F134E2E0528119C8A5DAFDA938979622DDF7465B5A48E3A525491,9C2BC7CA046D05B7199502D09D4DFBB7B7503D79C4164C7E9ACF261C1E79E28E525B31A2ADB033EAFE0425BDCD069F96E039CD58CC4BC75E18B9CF49ACA3E77E
1,Linkja Project,5637D657CE7875AD1D926A55879A650F9F80A372412CB71EDB9F47B4BE9943203799460CC077C7E49B1330DCE6AEA48623E60DF9728418CB6A3FD591563CE9D0,4C5C2F3F294E3463DD127DD857BA2214BCA2BB72BA3335F0F13E74EEFDE0F5B5B9929703A3F8B42B646EA8D66DD869B96E69432070DB6E28E944C6D3EF5A1712,E80C579494857813A6AACBAD974F98E0875B7875314D49E7A40BBCA8B75A3F9624B0E6084F6BF3741FC6D55E63A2C750B79EB7E94FB7271608106C2782DD3C44,31276825C58C6ABE008528AC664B4759DDC31A8F5DF15186A5C0DABCE70C6288869668C76C19E8BD6BFB6440872EF9CBCAB9BC4AAA9BB0E99645138B14CFEA7D,37E6D16CEC0A7FB164D95AAEFCE820FFC9D5AAB16C7DE853052381299ADBFF1E58A66CCD73C1926B2649D33FD81E54E6694B97718BEC93111836B7AD00D05B09,3CC2C2FE8FD575E801D5D073DAE9ACB7A684B68B8749020C6FC4934687098AF7F1E4316CFE122ACDB796A7B40EC081161A9D3A68E2A2FCF9A1C9CE975D43C784,0BF303B94FEA5B2605C91CAA907328FE0F3A9361D02F8222F1B307590A8887B59CEFF8F79E314145B25A00B0A3AC43AE2E2035CA52C9CF234560BF69F0E7B331,BED75B679588197A03D64DB2266FE62938B84975F1FD8C8ADAF5EBE96CC11F48943A210732DB0F6B4FF795EEB3169AB47E206F153AB1690A16BEB6329CCF20F2,41A2FA8B723040D8CD654157D08D6BF4C06BC1F8B0177279754B0C629973566CC90C1B982AA907FEC55504F07B2FE40C0D2BE52C67646C7A37B1D45E559136AA,9485E05E7E44AD8D178BE42578C7135F6222CB00D04DDF86AAC380DDBB0AE045D8F19F0EBDEAB61B07E6C8A8D03BA880CC100593A3043B95BF64C368E92903B0,E1E6BCC0BCCC8D143B47901C03E8D186F7CE024D9CF2680A1F324A5F229F22898F865ED1705A88EB4BC30A523143A0E3F4E5AA8E777BDDF89F08475FE16195A5
1,Linkja Project,040538DA24642C7D20B293F34ED6BB4E9BA7A2412F4F8CFB5FC72A64475FC5BF7226FC3B676041715772485775B522B15F8ECB99CC2FE9F19FA503730FAA3D86,,587B5B7E09665C87CEE9F53127F1C5CCB4924D1C2DD9EB469688226F81CF957F0FFC89607E11585DEBA90D846ACF31AFE16804E5E380DBEF1660BD0AF5A54B4F,,EEE90FC77256EB91FDF9F3FA568F1925E12497BD46A13180832F2D184069235BECDA45040A194B444E2416214A0FEAA06B997BEE5F4D73E41E39F32557E3551F,,871E53A802422A9112AA489FBF0748CF786D92825AE1D13CC2A25D8AC42317E87841FE4E39CCA6F54A36481399D9C72DD99C5E851A17A3950624A5F1A4E93AC9,,68A6A4640C8CD5853B30F8BC58FA0EE151A422A700F3A41FE6387F17D98B291CD270104F0B1A530BC8181283E5EE0ABC756BC8706D00E0C964B9F8035226FB5C,,
1,Linkja Project,B5B9D80B88144D7CB290C87FC6EF3BA00BBF96A1FEF6B172E3606D8B61FBEEA8425B5F7F1397FDFFF9B0C64BBBBA501CB93FDF146EAA3E050CA80B49C900F837,,869761748534A8338C560E6C9C6F5FE9A9F5902E0D92245B067E353D9DF5454399A5ACA6828871943111CF59F589DABF672AF667594206E90BE3E1DE409EFBE0,,80998D3DBADB552BDAA00946CF130F5E3ABC0007EC21E5DDF68B3D9B90C2607DBB4B52A958B5317B6E0A96FC1CE4A93208B473E3635165FD227D762A0E7BED0A,,72908235958587D62FAD462895AA93CE388056537B7D2E38701F9E642193AA9F75AD283FFCC77BC24E87FEA3E0820216B59794F71E1D299023848D922F72B1B4,,8F9CBC738EDF4EDAF690D29072902EBA2165C0D2A4165D97CBF2EEC79D349C134707452FE0FE95A536A206A9A5B07ACA63B4E3C951827096062C38E291458765,,
1,Linkja Project,967790C48CA9AED77E1B8DBBCA5FE46D63C88CD161773EDCAC0F39A2410D82F03B8F220AC40DEB1CE22BF60C960E8077D179BE446EB0E0E6EFBEE10A68D7198C,D06F03A60B8EC420E579D90ABDC0A56D6D846504820D5859D8724EA5262031B4BC1001725F2423363EDE501D8284030C90F271A9F8EA856AE1508075F66D7A0A,F296BC397C16CAE8F061B3FB79EA0187395180ACF36FE84249F884D21D10EEA354BA7D970D7AB72D2132101417C4274D236057693EC2879CD75478370CA04FA8,793E90ABF40DDFB1EA5CA72B00E8EF9B659B22093E1ACD2E28FC7F60810A265E8A6B8F0B58D1F1501349A6E6498EE1757761CC53CB47FA69E6953A946FF013FC,3BA77A53AC25AC8E085243C984567598909783DF7E4D89E6F61CB60242CF1E9E0C993D4A0BCA7F1F59C0EA807EEC6DA7CBCA37F3D56D465F0CD5086887A8A976,2D046A8308E565E6E6C260BA2DDBC045AE3BF4EC35BA5C9ED30842C469AC5016702350AF56FA899A218F27001342061DBC993DB57E9964AFA15E875CE59C524A,971F8ECB1A431B4F595230297371C78B851E07570DCA212BE6216DCD80CB174CAF89676466433CDE57173425AAB346F9E2F7A9FE4B2E7F7A3DEB644C495FFFFE,D8D279DEBCCCEF8DFD83041CD7FDCDE7BD9F3EF5F3E79A3F33A4C6C274790B885FCB3E3FBCAA11B64C46333C883B787E65619E47DC537CAB2111A5F2F52BF0F6,8B4E887903E07AB93F24F111DF90D9008ABD428799DF9E65AA2C7DEBFDB95EDBE2064884287BA6BB252A797F231346DB3EF9958C3D7D9A4594E6A4E56FC49F3F,DB7A71B68A159FA8998290C9C133F665D1FD130F6E10BA3AD236CD87A408756A8460138CB15B902A586740B25C260D4FB485B898D804ED5D296C75376D88C85F,65387EDDC923CBB4DD5169A0C010A36B556A25E720318FACD065224591B913EAD74B76817A8860653BD9CCFA24760D6BFAAED12AFFC60931B9520C2473910AB2
1,Linkja Project,2CDFA0E2A70ABE04930F30FE22F278A1C99F35DD781DD248D95F6B0AF5D02E690F40813F61BA28B61854CAADF79E5D50B51CFA130430436F93BD22F5E68E8A73,,15A21862CA707E48CEC1C789AC104F5C0A2D9CD6ACF104D48DC8FD575D13357AEB4A62E41BC615990CCCCB602BFD18D9F1C5E4383381ABFAEEC26E9B269C3EAC,,466E89C77B561FBB47EC61B78B0A6CC1BB3993489748D576386D41604C7E53424EAE4BBEE3AF66BCFA072F0BE3401D6BAED613242C0A450996FC00F4A5BE6C5B,,0FC015C236C67527B2CA4F5617F1481B7F2AA47ED46FE69DB6852EACA2EC3FCD7AE01ADC211A7309083595E865D103BC61C88B6E7C33AA5C0359412AC653A88A,,5D288954DC6C74C2E837E4C31B25C50BF143E78288FAD65D920AD0F9A87145BE9B2E154FE0EB63B0347898E4394F022629ED42CDAD32B816ECFA47414B32AC32,,
1,Linkja Project,78E96C86706B72F44507E5595CB874C17F461D65AC949D77EF396042BDE89138B6B9BA4C385CDFF9DDC2D204AA9CEBDBA84C5E3B8C1B7B607A81972BEFDBEA31,,C554DDE4DF024C404D2521A5D7CEDF1D3FECE0AA0DB4122AF9A295D90070D5F91D6400AA8A7A53A47870788434901E216BEB5C4E4DB409929690E987C6A7AEE2,,F683F46B65944124829AE2244B106BE2AB16E2446FE5C1410414DAB9602741927DFD42902860A7346E9774A86DA638D539591DA5BEE4374DC849C929B640E144,,01FFBB5EB1F2DCEF86AC23D59C7B296D6CF092AC8A9AB3B27382E0B3C4B2B32AFEAA05D6276DD5656C51CE3A0175ABA6C3BA00EEB0847E7892B48CD47F1F40D2,,5C6A855DC7C852C92ADF624941ECA15417F2A808A48111C8CC2DF3FD20C4DB6F89D57D073CA0E3CBD0AE0185AFF114A71138ECDC9AF591176611DB6BD2F5BCAB,,
1,Linkja Project,8ADB947DA326B6D7A2E144D8C90571E3CEEAAABFC9C16FBFF76C30FDC146A01F6CAC09E239FB259F9564162CCADB08EB5C8EB68C9D3FEF271BB7151A7FBBA5D1,,C4781D8A7D383AF19C9BDFE6D16544ACBEF56CA22BF7C5DAE9C7D5388CFEC59CEA614A786110D5B9D756F64D51A243CB6E70D10B2346C66904D08B4255C956FC,,B757384104F348E181D4ED7DE61E2DCF3FA642C93DE5F062AE2B8F947F655FCA89F208C3DA92174EB88EC1E2A13CF8A63D428CBD17F5830AEB1075A6AD1003CC,,EC2EBC2A533487FBC8837E1FBD7972C098E78B831B4027ED0EBEE567A9B42FC9E8C1670962CFE3637790FB8FD1454FDB3C542D3AB9C090FB107349DBA07D1B6A,,D1B5A8DA26475602FBE7E614F600B3AE53622092581125472BCEE08A0189B529865254102A3BCCC7FE6FD2F73FE68EEE863C57E4EB771DC1B0321CA44F613211,,
1,Linkja Project,6680848D891959A030DA8AAADCD436A41213C0B1DD410606CC5A69405DF1537E9CE76AC314481CE164ED16E0418CDC415C932C2331B5658365DB0928627DE04A,,2AD664066E7AC9297C12701A446CFFF5C5066E2F8AE8FC0979E73D7782B0CE72A6C223DD9C74316C624243BFC970164CBE8CD98DE0ECD7EC3F2E74005B30B80D,,06B7E74CA5B17B99B46E688A60D008BEB276A328F74C67E3ED6CFD7D49B5E197E4D33DD3BFE25CF6FF94F5C92DA98C9CA14F9BA0916FC0D85F79FA1637EF9DB6,,076A4A7FDA48C8DD1184A36C494B0F5B3CE5315E69B3B85F655FD45EA01A68F87974483D9604D39DF54E24BE4C4475D848E54672D2027EADD3A9590D46CF06A6,,5F84BCE3A5CE53931E2F8C19BF2FB1D4ED231A8FC628949278AB1E4E5854E279C84F9A5391FB835B0A4344B6D1731BF417D67EA83195FFF0E18604592081EAB9,,
1,Linkja Project,409E6995AF822DABDB1F1B0AE896F29D09EA9202B6AB133CE381C57AA8967FE2C56298CFC6A187BF3D8B9CAFE6E29B04CFEB6FC9A9E55ACEAFA3076432078FD1,,A4D07627F5FCA349851F1A248B25BAF364FC561D5A2661950883B3F0D71EF488793E0CB770B958ECDD97639227E7E5B7B7DA0BAC26B0CD4AC5B148D57DEF4CD2,,C3E0E2900912CF7D0806EE1E6FD0656C5B7C63EFAEB2710C7AAA81428E7B4AD41A4D2A9555C66621828D2F16B8545C9E8A5203FF5097321F50CDBC2049DCDDD0,,EDA2BF7702EFF2376FD56D2BFC915560F4E9D9B02884329A3F9A33E00C3DCF40827F707AEF6D14B9C3EFB4DA07C83A69BFE3FC35CF2F33019D7AD2F55D04EB59,,407DA8D345D9706DC0F2D7DA0A4915E85661E216DC8860E3FA06EB23AB736EE08670C23B61DEB4DB2EF53781FBC026CCFFCDEB482E67ACB5F85725014758921A,,
1,Linkja Project,7ED80CFB0164A21D149BFB51116407790A662DF195E016349259EE084ABDD74861F3FEAE22E2C730925B736121F0C939D9A1D9CD2BEF7B4F1A142700695C8D21,,8D2652FBE032A8A36CD96B716F7CC1C423BBAD6D8EA5A11D2F31F45314EC80D694934204CF74ACE3D3B80DBCA6D3C882EECB42804B400244632712CEDED9A967,,2C94843B0D446FFF3DA6482989C9F28A1C453460B94A32C1C1EBE0F6FEB5704737B4879202F162119D206B43F91A2E52F00AA4D49F875DD99CFACD4428A5AF40,,98E849D472A416BFD09D12170011BCB9CC0727FA38C14BB43348C7EB95E2EA81F13BE624A1842FFE808E4D6E6D14B61B56B67983FA77517FF0217D271D19209E,,EEF55DBC100CB94B30428079E249FF5BE16EC882FE2D81DA0EC0FC2D9F2AA599DAA28BDA764F02888B257350DC52337BBFBECBDC107FA40B3C2DE5CA002C26DB,,
1,Linkja Project,53FC7376E07F1B60B04FB37ACFBD769BD135191C9349AB8DAB3ECF789E96C6B1BBEB3C2B15CC02CB6453CE94B11179342D104B528B44A862E6B3AFF7BE162D7B,,7D127F09795D4CEDB777B35C6CC173F929955601445FE0D1B58F50FAB54B5CE82B477D4EC403EF67266993878BD682E143DF4B73F7C99B58075424E2105015D4,,F15B42C38B7A9D587AC7992D2AE18CF578EFAC1580F2C924008AF3E16DF75CB76AE38F57F69F4ACD120E53DFB5C5DC006F5F6607446CD323F33B85E5FD4E612B,,303144AC9F412C4756D245A02E437C91E316D537E1265B2A4519F414F2C22970F59A82DD2DC66B0CC7BE742C87BB30187F31DD7F08323FBAE7817F9225FCA47E,,6C55D812FED536ECC656B6254FC30769F8125BBEE3848CF9CBA519B7FDE70E347EBCC4C58800832761FF62C67C8D1364E394197A0E053E39E122CF18B3B1A6FC,,
1,Linkja Project,9AF2FBC9382564F7BC4BA8350268C01E63092F41865CEBCACAB0ED32B251A84C14E2C7C75214B7DF6C5FF0BD08A8E88ADE8A7D92F6C415C8782C43E6F71745B8,,5D0ADCCE0149079431F00E336D8360532B7B38A2901ED26D3106A6BDE4A83426AA862279101609F93E8B670F400A11B2A7E53BD60515E9E66F9900926581AE45,,31B3E3DD2F4884FE162E03106F3F4AB306BC6A1F46C96582BE98DCC6D0E8A996FADA762FE280FB2EC394C29C22CA187DC5124C9530DCCA430684AAB0423BA9E9,,9390C19F7ECFD975361E5778E8FAB1155B51F595EF556EE218FAA3FC94785252142B1719F006FDB45B1613625BE069B0DB94B10AE5D3C6821A0A91EB40CB2EAD,,B006494FA4E83041ADAFF4A3376FF69C4F5156CF7D6F6CC72444752FDAB3E28C8777BFB121DD9544A5730C81038FD071154DFE8581E70E3E26BE0532AA638B4A,,
1,Linkja Project,B62BCB44187720826287AD7484696B0377B7A5D1F67A0601F2DE52EE586C2EAE1C82BA427819024D9503B89E29D82D47E34329C53494C9A1649508A26ED6DA08,,7FB6E1D9C106F9FFE2FAE12F0B39D5D93CBC927B3B2A0AF50EB36358CCBD898AE536D1A0224E6200F5E58EED86D41635B4EC5FD000486D4EE88E5A6905EB7DD2,,2CC98A401F88E149E5ED20A4D811161ED6EDD8925BBFB4B95F7E3A0DB64358B1DA970167A42D7F0AAD1889DFF46A85AF451B3412A31649FCB5AC39690DDCBD35,,1F484A933EE43DE6265D51C76DAF0541B12E8C7A29DDF91A6960E40A5D080A87FE053C6C7DBBCE9A0ABFBF659E62EDBCAC1197551A726A48A096F16C0679C403,,E441EC770189099860E0AEF0E1D532EBCC9E8A1A29C6AB8938634017D96D4B57CA9A92D0585769D5F55A945021A62A42BAC92DD582B4C3424AD540BB13CD4C7D,,
1,Linkja Project,81BD0BF9D27B366F8AC8A24DA62C785674A00DC227806701DF2FE6F42595AD4D85C865BF7C4687E14153C74EEB4F0D1FCBE9CB94E8AFCAE2F1079DD6DCA69E7A,FFD9E22A3B2EAA43D76BB5391B9F6B307EF622AF5B35BA99971C454160FE23201C8369830ED63082A20F5721FB1ADBAFB670A6FC2CE85F0E293396B61C40DC7C,DE800D764378407D33BC69892A39F188E433E99DC5720750A3222DFABE4F939A7AC275701CB3CD95D6B2AFFB670D28C6DA4756F609C13864728A8B26A546496E,BF3ACCF1825ADD8D56CA120F0743A361389ED22205A89EC6B06338EE5C38FDA424AA4BB653989CB18DDA94475CB00D6659064E99C8753103F0707D8473154FA1,9B464D06D71C4B929A517572B25F891A3A5A666C367E39E7DEC7A4F64EF5479A7C348BF9BEAC627493AD7E6D3B364F319CE9745D5C7EECCAC6885010E503FD24,16545509E7FF77850256FA5F83EF36BF470F061770342618F987490A68DF5D417D36200D96B59247D29EABAFA906FF6F3B97D22A2C6D2037FAF21D965BAF4DAC,28AA0A4FC4C82144D7BC9EAD22B6FB46CDF971C7923AE0852988B50CB49F54B07A8206FE0FCFAC93217E9807557E2DF2BB81EF8CA41CDF1DEA33EECC2202B5FC,AFB464E954B9551517AC347E05E6B8FCB929E0DE8DAE592C595DCC8D73732D189776685F6C841C13E695EC4B4876F563DE538775A604A42795EFAB132E6C51E4,333C7327EB23F622DF90EE592760AA252C6688D86D9201C2F1F16DF25BF9C0A9ED788B4480539B922D23046A529F6707964B02C8644560D0D6EEC1851A9379D0,CEB7FF0B46891FE4011E242FAD074ECA40470EF22A3993B88D5E28F67DF7166DAFA5AEE0DD381E60BD0566606B95B34E27A2D24D04A89AF71933179EC19157B4,4625990FC94D628681317C8DB9C229D35B0FFDBE5167C9B6A208C1277032C6DE842B0677BF638E8EE3D1EF2FC99E9938A20D553B11881A285FAC68668E11C3A9
1,Linkja Project,02FA5CCC96899456F1CCEDF6366EFFBBA41FF88B2AFE21A99ECC13008ADF2AFDCA91F1DFCCDC74CE451FDC3A34EE9D6495FEB01634416E7E56C3825C81370068,,1808DD64B09722FDCAE8BD88D6737FA20A23ED62C25A993140FCBC274C286D34E25845957D5A32745FDCB6CC5794A23B91974B2F2D0C9CBDAA456EFB3DC6215A,,9597C046406DD2AD15FA909D334840B9CD1A1699D384101025BFF31991C4028EBCA969ACC9363FAACBC009C09728363CC4C73B700C996F004685F1F5B858285D,,693D1C5E4707B5305C6F7CC317C18D34FA9ACB8576447554A88C098C4432242D057F465E142984F3F040756D5670FD07E9D6E6C3C425635F3045E2E501EBDF77,,46B20E416A4513F34F0BFC8AAB0639B141638986CFCEDC8338B6B773B087D0608E5231B8444E727D5ACB3A7523CA3D186D271E9F58B4B8B58339EAE1C31D30D6,,
1,Linkja Project,7089ECCD37D7083F14B956D8B0BAD99B975BCCC15F930BF8A9560BC1F941127A406037E964FD3CD3F57E723C2636AC95A7725BD2D60CEC3199758CA9321230BA,,5B7BC5B55335FF46C78C5C20F667B00ACF2525FF26AA682331B96E8B70B1F4A40DAC16B666AE585F656F5B9615F1CB3B5BF66DA4DDCCAAE7FD2AB81C41978EB4,,4AB9651872CCA74CC99A24504E0D71C2DD7D994541C53F39FEC076F4C64912B2C8D0AC9687C77A38AADC8AF172FD2AAE372194798EE48F936DC55CB77C3C2E95,,31205AE58DE5A23F7EFE1BC83E3B8AA7AD8975FB4755E68EF9C918BC57211B5AF8CAE6C572B9CE33983CEE451BBBA44C61B008F9BB17E305BA5261B2568B1DFA,,A637E38CEDB38FDE26C639562EAC51640D4216CD5D797D463245EDD1FEEE120B4C0B2E3416C58FC9B893B74A37181811F988029FFF2BB5E21DAA635DAB758DC4,,
1,Linkja Project,035D4DC1F226C29128A64B31473B7CA627B2F09BD2ADB46201FCC2A015375FAD717B0F14BE9FF1A6E85C953B1629F1B2543A721DBCC353E0961BDE5B18AB7F93,,699911BF74FBC328225339C22663BE948575AF1B78498CC685B3213CB90C6A9AE92701EF4AC3BB9E63C3D5B9AEC6EB4C51297674E012CC11B6FDFE6314171703,,42379D56A5EB74E2539A69973D6268D6E841F6B5E6F308AA0A4893824671B2CE40DFA7FD4585BD913A3CAF0FB14DAD78C1EE73AECEEEE7442A7966808603B355,,BA913B237945BF2A8BF4FFE7001DED06C2208B447967E3A64BB87B5949D237F8C1654291CE2E59F62D07D0DA7D916F10931D864CFF051F704072EDBDFA5B4F99,,474F034E22472ACF3EF2C312CCAA6A11C59CDC07B0DBF3A552641B1800570C0FD48200F096EE8CD54AECA0C095C0E628990B4264C44D21919AAD9A43281C0E01,,
1,Linkja Project,B5414BFABBB7B85C4C0FF5B260921A971712A13A37A2D490FD04759ACFDF122964E8D6DEE1435126FC0935B5261D2CE65C9092440910F9C1D73244576EAE1FC3,,EB69E18E2262BCC85783173A771FBCC1CFBEA941C66C99812947E0E7896276519AC9340687544AAAD1C02AC5CDE8F9E8DEEC5660FC6ED7D44ED27C720B11FA37,,E77157C7E9EDFAA3292E26EF0FA876BC714F4390F374EB370D9066FD5530A691EAF42137379FB7E77AEBCE4DAC5B378AFD0EE62FB4272DE2F398426CB3B6FB89,,23F40887AEB962EF0ED3A0EAB0294FABAE8C613369C20AD44D0140A813F618458E9B18F06CE2D66541EAFC30EEAC8F90B5B067707067E79C5E4867A3063815E1,,883E06988A1C46B3C5E3C8E1FF4D86FCCA1AA9EF1F9F282A1E9C52A754F1001D5D7C0FD0310CB8764F62FCE189DAE00F030A1677D98832CE14CCB505A054532E,,
1,Linkja Project,4281461B132102B2977266B23D63B4A5FCCF4B7E133FC7ED1BD296F6C5B6CE929BA59467E299AA6F80979BA6ED2735AB5E97CCEE7D68D2D0AC308B333F2DE143,,6555956E5D72FF3764B7D89359A0F9DC8E76258E885265D44BA2F5946D12CF622A2E929B93712CF0646EEBBECEA278FFDDF999C0D0987268F034D2163A72E5D0,,AE2C7B7343F009AE21F55DB1EAC2C003F114A27202D094A242D30A8F895678FB7A5BF8A899D59CC2C078B4CD8F281F1C7C4B31853A5C724C60C3DD7CA7F5DA26,,6426928DBB51B0F07EFB7F380F9618DDAA583F9AC1E5914A8ACC0E6F25ECF1C78BE7D83D487F01C513693E33C1EA4A64975E34E9F7C6F3F693229A1A11286109,,573D26690ECFC6026D1A289574E91E1082043196BE108AA042500B2E6C210CC2173383E1C472E436F32A03F0FA0733C4E4B3278CD723FC4FA42CAF77E265F953,,
1,Linkja Project,265352C3F59AE33F1DFB68EBD0D3AE7E90C55044693591B8BD82C9909E8E23A59476EEEAA89344DB99FD150FB15724C6419D47E21CE5293A121D7CC5BCA709C4,,051B8237A78E8ED274FAE838CAFB1FE0E3F63C18C42EC6F77252E2E685243FEC4EC4B92ED805EBFACBCFE79633D30C2A4EC9D9635D7F7026BFA4DB9C7F8F0C5E,,D55EAA20ED19D189B2CEC34AE874B837BB2B40DFEEF6ED25662AC5FC3583B4104123675A82E41228D359A74A70766E6FFEC47836BC068AB7AF793AF29220B767,,742895980EE18DDC022E2AFE0D799B5344E42DB2FD12FC584B6F543577BCB74F5743D75183C62F70235EFD72629341D42E09341B829E3BA9A59E61991E475938,,86EAD1408D45635E3525CC646F21E925D89E563C17E6B21D26073D0589B035C97D9710EB955203618458BC351B8930F7B6C27C4D33208B68E2FD4F50E69B8D39,,
1,Linkja Project,8D00668A04EA21FA057B3FF70F112DD9C52B973936911CAC4853E220580211E8B1084D852A915DA8B31340C89E1BB51B43AC77CAFC4D20C12D9AD11488C01035,,1D5B37D75371F28633603B204E8036C4AEA32FEF838236784CCCC281AE17B1469EE8CE57747CCC6E593263B858E5DCEB50814239D13DAA8DA970D5F2E8594300,,A277F3641A15667333A50AD0E7743E1838C58467DBF2FBE0FFD5466547E8600CCEDD208C42BC3D879A8245273A1765D91B4847DB1A3F3BED9127D871ACDEF3BC,,EE6BE93C9149126C5D55209724BB160EFC911503F2A5E50367B7C7BB5474ADAD6E89F73A587707462527FDC535B4C11AB51EDD6F5899870ADB82E0AE53679773,,5384C41D97C80CFE20E2B54E095634C93B650855D10A8653710C2A0D478661694884F411C39FE3EDA7A6A7FD5262740562D313B3086F6DFC2A8EA9A0F1B30B34,,
1,Linkja Project,3B1C72885B1A63684D0DF3E61C218FEAEB879138217FD7879D97AE7F4E0D4FB3D85FEDB710B401DC9315B8B8EA5AA517241246B79E39B2E23EE9F742599139EA,,A8836371C154844854025EE4540199E579C8538CA4813C0678127B3136E86BBB2F6B97D188686E4DAFDFCCA0C54273476B0655999F6CE9BE4BB7DFB73AE112B5,,B22861C81EF2C31E8BCD5167EB19D089F0D18CC4D032FFE2C4EA59312ED597F84C48DFD6AEAB27BECA0967735C3C8AB008E22422426EADFAEFB40FAA150F9529,,F237B59090617AD78504D427D079423719AB5D9C02922B816E1EC0CAD0CBB45E81D2EB37C105DBC0660EFEAAA3DEE62C6996CAF2314C6B9FE75DA56409F135B6,,ED71BFEF055B8E41197A4238437FB6385B7921382FE5A1E777069C0245DA3AD7159B1DB7E55E8EE63F611F3DF640AB6A7C775D7DBE98471511F8DDDE920DBECB,,
1,Linkja Project,FE03535991F1F9A7F689CFE411476627E8DE6875A1588295EED5CF8107B19E6DAF8A2FFFDBA4565401A7F1975A235B78657D45AD5AE41A2161F65180F311649A,E4A52F668D44B8D6A2D15B2342DAE2E2B9A20C1972811B323B8819D4AAD76F20B9967CF8AC10CBA38648EA58BA07F8A5CF82C9DB2C047BA3C2E0CDA0D4FC5F0F,98C4A24E19304D0510C343E603858641FD28E9A21CDFAE311C842D8CEB7FF8BD75D8A29C77C98C0E73CBE85441659DE183C2B3FA8FF4EB39F05C16AE2F44EEC1,ABED254E2EB94CAEDC500FC40444AE3DCF84CB31B4679AC88DC1B38F421A7D50D6D4C37BB797C38B54FD06E2BA446D5AEB00B686E1B1B6E45144E2ABC74E4432,970A8D559CFCA8E292CEA94C00FCBB573F3AEB322186C67B0AA69626DC282CD2731DE2B60DF1573DD07AB113E5E764089E150398F32790906304EE71EFBACDAD,8672D355BD54CA6C9212B84C6CA0D47C2279D8355ACDF5D6E6D59669CDD1347B45A75DBADED0AB5BDC811CA06B72C16552AC9F66FE1D2AB63A5FC9B0643F26FC,8E757DBC89DF2EA23B834CE92DF082D5F3E313DAC691CAD0FFB347159D6962EDD515894D58C3FA176D8AF1AE6BB245EA486A6E84A06AA3FC9BE9629B8F3696DC,A17DEF6702D8E32002A03402B2C0D85B94A431D83B136A89A8705C34B6795D667ABC964900968D3117362F3877FB7C745BF9A15667AF7D7CACBB17944332061E,B106C03530C71C0B7E9494908AC21C5D704103A08846FF69D8C67A64418C64AC9302814D9E04628972E87075469573692D8ADD2F775DFBE29CE0A269E7201D9F,3C4ADD6C103D13088E55C66B15230C5408F0519EE4BEA654543B27D61D6AD2B54AB5CCD5CD80D6A7DE2B5EFB0F47245F1B25282240DA3D94A80869126FC4D763,B93C66C016BAF5CE85C5C38EFDF43C4AD7775E70E349E22251418835AFF5D921261C2252311649EF3436329E01608B59120B82B325FAF009FCE971020B1B87C6
1,Linkja Project,B281B330DA7FC238BC929210404D7B23BE10F8ABB86308DF25D84C6E4A3B5B296D8881E2BFCCADCB037AB510F1501D09C2504450D00F615BAD8DCEE6540DA0B5,,C52010F87AECDEB46EDFEB8261FA984C13822C9C13A0DDCBEF4AAED27FD4ACCEE6C445600FAF501F462F2A4EC13926D52C2C171E312DF7F451EF24D678F1A137,,2001F52B1B4AA611783264635B97AC6F4E8817F300B59041C247731289B63E7FD943AD1C4406DABE1B61127CF4F97D139FE64C402FB3E5F887A4FA9CDDED803D,,28FC98ACE3217157EA1BC204F1CF9E7A4FA73F02BC551A638B82D0EFDA9CA0D40AE124684A85ECD4FC5175DFFD5732C74E1D7114C1BB19BE1305ACD6AE76D8F8,,69F0F0D9B883DFACD6B9480312CE33D21BB8D5A6DF1D2229B72D6A61A964F3CD5F78226A5996F4F62866E33CDDC2D6292833D9D3E83DE1C8EFA76A060F71F635,,
1,Linkja Project,9D0A0C4F51E01A521C57D0E3E0CFB6AE33FCE64EAF50B4A8B066BEF1C86B84969CD2FECBA4224AAA8C78920794091C16B219C7893DC4BC221776B5DF2825BDE9,E1899ECA69E30DB3359DEA50C0A8ED03EABF549EE9CC6C0C253ADE8DA442AD39C1F968E2A23F809C462C2E20D1A75B32F3FC401E9B63865327069417354AC228,3ABF8EB5A18B12E4CFBC254F5D35A8E0DFF75D03F487A2A0A97A6302D5484B86B7131D5431ECBC699D908554EC080E7F3D87BDD08362CDB62DB16C1CCE7180F6,82C390303FA3416333D4E94FE8C41A614A33E4A5C68AFDD5C4FC653086C31B7C69E998AD76F195B8A948C56A311913C828AD6BEF1A9B58196355E4F8C61BA078,F301765DBE8AADBFD62D8E1DBB28B8374B59AB8AE2F9A69BC2117C39D0EACA532B73B20416C8063806C8D87CDECAC0B87626B73A222B7D488FA16316FEE91597,5812851CEEDAC647F61192A01785C336EA7450BC327B74EB479F8DB9ED103CFAED6C607C7B8C01AB542514EFC87231E63D377D7A4E75B576870E6900DA06D677,2E76D9D7613305675032AD18008E794F79CF0C862369DFE4EB59B1FEF345E2FA52F12F90444253F2A6CB6E57C5D9D0190488AA190DA30193AE462B739B6C6C7F,BC6F62A5B7052B015DFC28DC5BF2CDF5375E07A3E85556C7931A0662F9BDD873299D48746581EF6C7AF5C06DF1359742B4C7F6303763180E84FA767A6FAE321E,FEBED2C5A036D6BD2913138A1C428528F967D89EC9996F7DE205EFB152203A7D068BB56F78FBAA19F9667014B79EF8040A3621DD2A6BCCCEB84BCFD2A87B7AD8,D05DE12196AFF909989CE9A4AA44EBF749CD6A6FDD9D5D4AF27771C653619E244518BB15938C71637AAFBD23330B5C49160627BC6B2216E7158F8A7327045828,5BEB65A87522EFE57F5E8F832711C66E328F17A248C03CE69E66B83B0F5CEDF2E78D310C0632B62452A2C5DFFAC52CA6599207F0B21799280B72759672283EFF
1,Linkja Project,2F07B96864ADC00862E7AF1FEAE65B8098F3F0CB2B2BED5C60FEC0E6359D7E94496643ADC6C19EED1B532DD2FF94686BB2ED615DE0771501FA13A81535044D60,,0F8757DF75399D256DA63B122A1C3AAC5C2EF9E6FDF4CA92D08374214612EB8CA9C48B2E97E646246B80DF31CD413BFB1A5503A4F06FE365426BFE1930D09E28,,CE04893CF5D90A1FCD851BCCCC45A2761BE4C2B1E2E5FB8D1DE443A70F8FDA12543488D5643A78D7DB7DC508764432B96877141DE491B5733C75881DEDCD94A8,,9A1B3F69CF64DDCB1D053B51F65159657C8A1266C1683F97B6D54AE334745CE632D9453ECC3066B1F1B33AE472F24EB41FBA381694CAAF590CCB17552F22111A,,71BDE9AD856980B770BB7C96AD851671EFDFFAE118F69C3B9E06F36AEC949A166315D9AF5E9D656392A24122B3D2027BE69C60BF35BCAE52AEC73CD3EFAB5CFF,,
1,Linkja Project,71D365D9B968A14C05DD056CA4FBDBD5C8E4E89F0F1984F368793BD6E8D48F5F021577958D2F425E029008D30693B3250B4D7206AC0383EFBF07147766748E47,,2D0AB8B379C10F890506C33AE290B15C9E6363A1A0E2188BCF26FE30779703D4CE425BCFA5F70CDD0B4BE076234623BBA77A50D07FDDC8B55A1A359DA3185D79,,3AAF639AC3445BF4C72CE8965FC385D85CB294AE19C2FB12927E5B3DD5A78E87D6CF4911FD91580253575456575A0ED6B0F119DD70C05FE3143C0C828920FA67,,8A8C4FB9C84B253EC8E8E3585544A80A6EFBCFF83665D36683CB0FACAE3FDF92C80CB2DC11C50E680580FA5142CA34DBE5AF1E2A387B2EE1DBFD71F298F8D403,,E525BF19B2A592F841BE4A1239A2552994E4EEAB1A8EF7A65F3B7BD2EF58546F330A55BC37850CC683D451361796CA3B57FDF001C2DF93BF5EA8E80E677EEC35,,
1,Linkja Project,D9B9299F8FE4F35A79A508876E3FAE157288D3EADBE890518F21DE336459879B3E05C6AA3F5C27E3CBDEF358FB58FB2E8ABDD9D2BF9CD7A4380B44E9E833A460,34ED41DE025039C3EAC14C7DBAD12093725D5AC33E9587D2E36A568116D37F3D59C1A53AA0F55E2753397A495E490272E7C0BEE981791D59B64BEEFB7648443F,184209B6AE92D6C004B35EFCD5D9716977F05324908F7A758A57C57F673F26BAB4C765613F1DB68206DACC27BC932D3E79A1EBFB9A1A21933E85F14974F4105D,4D4767C7F7BD202A35FBA2CDB4AE5190B8C720DE70F0AC791C3D18F9E6034FFA446217EBC6D2DF0A5F7DC36CDF24BA1C449A0AAD2EF82F7F5BE9A4C34BE2A40E,3A77D955E2E7C78D4254791A5A0CDB2550F36B086FB1239DAE14540A499B672076CD658BA60F35D4C4358EB380E56221922A0F9B188600CE7267F89576F648CF,4A0FB38019FC387F4FE5FEB9FDD3169D1EA4450465517433B387D1C921FA2808B10BFA3124BBC7B65FB0B03F5445BB8274CC4AC37B0B1603775CD41FA96CE2CF,1099740158C9EE9986D16BE9456448CB38465AE31EDE5B24963AA8CA681D3700AC6E2CB5623F1EF634D10F45E701E7EA93F9941ED08A2095D9422245C0B369E4,736044377890445D12E2FA2CDBEE8855A663489B89598062212A7A4D2D1CAFBFADA2D0D5B02CDDBA7D77A742E22D9D0234E37043C330DD8255188E8CA46EF585,5BC1BD5653B84DDC48B2068D3A8DF4D9BBBA052A975A5CE9D5ACC4ED392F38EB3C3D5754243665F7A42AA402D68CE601888E175B705F985AF58DADB046ED750D,8320A5EDF9A68C8698C41C7A69D77E561F6F2EAA9E7C5F18EADED9D87A431EF55B8AF8A6766FC7BE0939317B9D4D4000D5C3253D91D85CF13176A024086C3969,6D45429096B08BAF6A40941EADE50FAF4DD26C56C03BB9526208F54874E1FCA976713061E99F9DACD243042D8B4F3BAB80DF621C5C5528604C294A2E659EC88F
1,Linkja Project,2A9E64BE14A4F3C907D8AF62B90519861D813A89B737D8DC969A91C718035BFDD6769FA19FDC580D643FF38EA7C512F96BD59108C9D5DF1A6A8831AF99681D6C,,6EE7013162ACB23E0A6990EE07D135135B6FCBC40655790C470C29A7371849737D5241F8434B5555A63CAF700BF1061E82F9F73BD6E96356F1A1048DEB608B52,,24101A169EB206CDB1B99541C71D5F1086CAC82344354C115CCC91AD4EEEA6045DA9DF93273E8DFA98C94DAE13210DDBE55E6A695A11A2D74AC9CAFCB564783F,,318695AF993D53F6DB72571D6DE0FD63338E9BE0DEFB2F74A62C8A4A7A02077B2B5348E1AC9EEFB52283A965E833957DFB4EB273DF417BBCC2542174F9F607B2,,20EF4C16D8B9C1706D0DF1FE171A7F90F931652472ECF1CCFFE9AF25CA53FE111B1EB455E64E2BFA5D1FCB69C9BA9E5108412CC970D036F1F6FEDEB10BE00499,,
1,Linkja Project,C3D5C277E8B353107A919DD04929FE616E34770B6577F42380FD6511617B5D8CE7C5B9413F0CE154F3560E759149F84F3FDD60A419F4D7E88CD48B7CBBACC828,,713E55A0C9F5B392287155553CE88284E9500862253CF5DECB5CE994378DAA463FF8B6311F89EBF038B0D2E01C4C35E68C941B211329EF773B1E935EA0EEF784,,569EF5B269C83A9BA717C7D9435C0C3F7B7A803C0647E79323D3A81756AC442722AD50F587235D822C92E588945E9B4DD38083716C9874FAA99DFD5ACF6A9A47,,D85D7AFC957175ECBA0C80DA235297FF53296E94569D234532BE203C97B031D97BB0F033DE446D64057BFFE11D18F952E149FEE598455E90BD1D04EF73C7267C,,4A39BE0E3E5563A3FA4A9DDFB00F96AB044FDA4E859FA6D62712467A3B5BA0085A8F30010BA6124BC5C35B71FF2E58AB602DA963EF482DDDBBB06B3185B6815D,,
1,Linkja Project,5AF8428FEB67A9AF71FAAA81EB144AC11571C35A300C213D18F952C10BD6297A566FDB423279BAB7EE1439C19664A52CCB458E2D0C941A062BC32FDCF008FEF8,155EA7AD4A8BD617EC5E452188060CB2EFFF72899B13943E98A30E2D5700D67476781283463AB9C8C7F55D4A07B43AC02D9004F73B2DB2CD297B0E07298B9720,8866042B4E9A1EC1D5CB3EC62921959FC582CD592383CEB8881D627BEE6A4C10B1DF62AE71EE31EB8B537955CB6F629B241C976FCE7AB6424406D210DE807D3B,6C03A963530897CA5CE1148554EA671341E769DB13AFF0A1902793DEEA46342E9C0EDA8C2FEC37161094C90A1694D8FB3FE21DC2E09A95D6D0E77B87CD7C0F7C,49ECA512B92A8632213058DAAC9F5B4794A99C6D365EB1639C035DF51C7C3073F795BD80A401643E01632A4902B378758E810EC3F40031CB2D004F92EE17491E,C47A830BFA8C694703D5BF6C588E43B0129C78F32C10DFF8484BCB657B1FBD42523F2BFF7B0BDE622F84453A4A02119E1F60FD7825074C1B041CA510618A7868,C8BD389688734124265BCD930FA0AF68368B789AE01BE0572A14025525BBB3BE625B186BB44DABD1783F0DB87ACBC049A4C1A84FF7DBE7B5F2957CADF1CA45F5,8937FC4E957CCD789EA6A116D12C0372C4BF75B5C029E9927213CE8EB0CEE7B1A68AA8FF35923FE8C7670B57EF5198459106DD66A2FD0F68206AE8BCF9136430,E78A7CDD1801F02D2543FBAA167D4BA64A4EF877B218CD769B60D296FD0F8A3A48094D0FC3F4E8925A5AAA69DB4C9A4257F65B5F1302090B8B48AD8A6D4EB706,B42A20CE17F958E97131BDF91DBC244C918E11CDB34DD80C96AA8363E1F19CF1F9EBC74E21F1DD91554BB860B470B1A45658CCF621D6B90C3BC330DCCD389AB8,D6B713E42C4C24D170EDF2C1B1CAFB9748EE6E1CEEC2BB76786E5F4A4F43C39F0F0E1137D9ECB5F6FCBDC87585CE51ABADD5D4A9F0CEC791091E7F845F7D606E
1,Linkja Project,0B4080BDE8D3069052368C2DACD61EE24F8605FDBCD5A22E5BE834B08B918CF05B28AC4F236CAA6B3B581ED0566BC1B78BB7F3363FDDEFA264167165BBAF4535,3750920B1EFF269FC8FCEC2FCB7610A918E0AA896BF4C5D3023EAD4FDACE9871BAA87D576DDD17AEAE33B225F4C06CB417B425A9B4CDE88E24F917B544BB1D55,466408560AD3417587F9699D939752DC181CE65E005B65A282F0E40A41211E3044AAAD9BF1CAD1FCE06785B7CA2E03CB49B70E160BC4CB8808858C73B5FE524A,11809AB29A3CE6EABD4426F831ACABF028FF1AD69869731383C7DC176D40FCF73EE8B7494B58ABBDA7CC988123A38AB2D4AA0DD69032F93B33DDF66E92303735,BD8CC1C0B9D6A9B8A54445BE93AEFBC784A6A1BDFF52C426573FE975676351DFE35E2173DAFB3452F52BD33ED3FBDAAAFAAC701EC4BD73EB59263D36CDBA5116,89B57BD7C6B1C529DF1CE5E713B14B08BF1C1DB77305B97A746A185485CDE142E2A0A68D711371EC4C7C5340F7BAC723913C9F360686968570125C642F494E32,400AA0AF4D0377CB597E4386C1178288A33420C99A4FC102D93713E762810A6128B2A8BF548DAEB35F66ED7BFF8D73BAE1EB95B97FFBFFD99C0010C028587061,6BC992C74A390BDEC69A845B5E4BADD785788752856C965C419968EF1F0E07BE954AA0F36EE09D9235259EF5ED5D0ECCCE33F91BDC64382D2E579848AA9A6E67,30EEC7A80DBCF156E3E5B3C98F31B216A0188CB3A5A8C2B4AB31C67231F8B7F6DE2CBC433596F5550C779D6CBB24C4F9897712604E74C2063CCEDDC430CBD4F8,7C11EE6388B6518A2043C971715628FE6AE52CD5D61F10E0CDFFDC978A2B816BEDE505D5668E2416F98A6972D4E0FCA010B7965C459AC23CAF2FC182EB8BD24F,7008B94391BA721EECD4F67EB6E0D7AE3EAA09441E4AF817A983AA99CDC9DE453E15FD24563FCC7670DFBC840ACAFBCA6C6E5B8E5DA7CED362E8EAA4843C3D9B
1,Linkja Project,68F878F31DA8335A513868BDE2D184FAE09D6D8F9CEF408DE9EB1D57CB053C19E91D2755084990569BF30228C2C6755C1376062361A1C6E8CB14EDF31ED7D09E,,5FF2A8DA976E378A40AD62A0D2030691C6E657A9ADBF8526FAEFB8901457EE8EB4B8AAC255D8C8D890B62A37587ABF40C1085538A85D6994A79DE6EC1F60ECB1,,5164735C1913EFF60FE15B0BD7B3B47F55C31523CC6707F0A41647827F8E4D9CD9B67FD9F2AADF87C06C0AF18DBC51D2A56469EE523F3926F34F40C048514FB7,,C51EAD80C1A8FF70A16468EEA41955AC628E2130CF203DC252B4433E5B85513817026E2593EDFB41C44CAE3F4DF4AE3175329F06B5883DB0427396F1185FB619,,EE817E052DEF862E940E009F8D3C4E705143CDA4726D9CA7D2F1E1A8BF62D0B4732942106DB7725FE018E6396DFB5BCED5BAC825DD76436E76390607D00A8C62,,
1,Linkja Project,4DFCAB5DF9EE791D35A62D882783C2BFF363CD2E33A7170D49558CD57F2DCF3A54D5C3AEBF79F1464B52037CE2CD4EECEC91CC319EE2AF7214F41F4E77A21EE2,,0BACC52FC4237EBE0B9F9EEDC2DE2F32707C0D41BEC10CF2324496BA36F4D54E5CAC537764EBF066B30CBDAD5D9B2540611213445CF2F8A7FCC031B76825D65F,,C59B2790F59BD6D2203A69AF56A8BBB73E8247E762EDE94E2C29DE58F966E174BE54A836326F2EEA41F438B829E004646EEE2C1A55DB857DF7A57261E1B0A526,,609142E8838426758FD8FD06C3E2D6AAAED8939350F3E070B5DF5FFBA7FBFA074F2F1CA69292B3BA4E6B89AF08677554BBB468ABF609ED55AA1C1DCE8B442840,,8F9CC8BFD7F3D789D5B23A89BF57D938E414DA9DE4CBD6E4EC443DC8ED955DDC4862C6A93DE540964C530F7D0DA093AADB6E75968471647D167D6D5B4695AC00,,
1,Linkja Project,B1FF63A57C0F96B999FA662543BD610DB654BA8AEA0A0B18C7DBE0B659E8687D4BD88C5BECB5AFE6F5FFDEA03B4B936CEA664C8946876C9BDB0BB6B8E53A6010,94C014A898B73903C534A3E826DF37E8255918B5D4AD445F41E1097A772C4805A83384A35967CF5A32342E434F0AF850B81A311C707CB09957FB9987E70E9843,58C948D939D53E0B82F9B6F9866A5DB6830D33C4A82E94C2FD9B2D971DFD3AD8825BA2C66703023544E8D16D1445CC89682A1A2A871F242382AD435953EDB9DD,EFEA6658E3A01DB49BD96C5DF0C0076FD232DD2E0C0E5DC99A22CDF817A9D2CE24F78CD4C7D0B8B8F630EDC22D5C96CCED3DEEF0A676AC545E3088720D5A2932,18A72F8BB570A46A104732AE1557EF58C53F6EEF642ABF1FB41A6F2F1A8818D0105A547BD457F9BC16E767E24EB8C23B185C6D8E428387BE93C11341A5DE33A8,380A1D9648A36AF572D7801B3B44DD502B7CBF525182E624D0734D36101218E24D127C3F009945141878AB6702CBCED22180F85F2097B1B9B96783622FCEC741,E4B9430594D0EEABB05FFA8C91D0984CF20DCC57B4DC386CB211FBDF7CBF2587D36923654ADB204AFC623CE3CF749E6F95C74F27C866A973F793DD7BE2BF6AE0,FFA888DE37C8DF8962A885DA671C755ED6590D7D5619CB556F1FAF4D11EC1AC8C473BCC736E04CD6F735CF6B0E56FC58AE34591667E54A3B861BEF074E634D8B,0DCF5EA4194813DE18F676905FA1256ED7B3B2C47A0B5DEDA332D73DCFA77A039D7FF34170C5B753E75F90C926E16FB8521551F61C2DE4EA0911D33CE72D756C,021D5F79CA981CE5F2DE7A5C8C49743C3E9FAEE77306D585B62FDE0937C4F3A6B651CB1755710BC996BCF4832F240EBE45B19E3D1F98C9F406F3C3AE19A8A6C9,6A58D2AADE52192CC89359734F9F60B12E34F5C75D90371D5FD7E0733780EFE088DACB407DE926C7FF3CB972CB36CBFEF2B8362C2E7923FFA00B81C98150ECFC
1,Linkja Project,7EBC968BB5C69B460DA2F3CDBB40060484D4A3EC6692A139944DDE88D544CC4FD624EA664C44B5E5B1395D38F81EE4B18A3FF099970C243E6E79EC7787C55462,9E283A93E897D81A7B598F77245FE6DC767297FAEE71C3D11933A1F7C7E101BB5C999C4AE4FEA3619842DC373C43B89D8A73238D2375B9FCC74212F07F25BF68,3D4832CDFF92D42CE6EC7E2BC1C9D4F6402B0994FE3C64F586AD908DF9CE3A2E2642D47ACB67BAE21A88E32B68298FC504FC05BE602B2329F5FA5466594A5048,40F6F3B07203DE4C64E33D0DA23FF8B33234D20DF2B916B468B08721C6B314F79898AEF85C305F2D7A23BA9B72E3D284488A345D5D22D28933B9A8249CCD328A,7E9E0CF69064A5EFDB9E02308092FBF4FCB262FCA78C2CF24AEB373BB4BDBFA1D704FCB8CF60E87730D009A6F3A1C0A5CAA30BC7CED3BD15A6B710E7206CBFA2,2A0A72D7E60AC96EE846C258E24BD0B3963B18504FBC7333A066124FA01DEC6D9CF4D23D14FDE55D511D3C5A19AB4D13BF281AA3340DC8882A3F0933CE1B961A,E73793181ADADE7C534A25FE614005252416FA9C841A48C2312BB1A1EC31D5CE43EEF0D1B4B853CB76DCD0A05C89A798C16AC8A084977A7A6FA36ED84E09D8E7,2E5830DA61DB787AACB52D218855172D6F1B7FAD406D29B0A870680145F3591FA53D2730A81222FBF80F891D6B77D51FDE770EF1142646923F01D44156BE9B3F,6B997B6628AF7A46859D522908DFE0F8B663F9B2EDEA67837234670038CF742A10D58E49AD1DE6A4E4959483F42BA02A374084A2531DC3BA131247E5A135DFAD,94AB17DB18A72F6B48F7E2D00417253986D5E0D42222DED64BDFBE9CF5A4280000E91FD91545D66FFDECB8E7DBA5F5C2FAEA9B70715BAEC13A01AAE75DBDC91D,9925EBAFAF4E784BF924B0489102971507E7B63B3D7B837DDF45D88A2E481ABE2BBCE32520A6FEC29821C6E0EC7254DB5AD1E29ABB1DC3F9B709CD86183A280B
1,Linkja Project,E028E31BFD2C76BDE431531344D5B04778FF625C80B65D225BFD4A0C1737F4996DBA9B4786A73D48E85B969DA8BAF34428825D88411129D21D1ED48467E2B309,,BF76763CA856DF44D6DFA3F16B0C580C4877F086163969E3284DAFA926DC04E3AAEF91187B5D575E6839CD97B0A87E256C24306D7BB67B6A88008C38A26060F8,,CF6D9B801419A1565318C081F55994A363E8BFEC1A1DD12BB4FA7B97C738555C4A730050E2D7A0C95885B2DF25537866203F3C5ACA81AF57081D194E9BC84E53,,A0EE6CF306B06557CA19D544B8AD9D4002919245835A811F82549241DCDDD50E8BD8243FDA5DB54327215E86534F9145467D421B1A8B5C7E830B9932B60A38A4,,9776946D498D799E12359E989FD25F4B44DF8BCA1F6E86A7115D90AD3253486068054AF2268492D1B28FD79A28C2BAFDA24C3CBD568D03C9AEC2140D6F00FF6D,,
1,Linkja Project,86A852795BAFA7BB21A16BECB6902B923B22DFDE87C7301A9CE17ADB8D5B92B5AA6E0982E4737439D05873AA9552F63EB9B8FD2DA4B66960B77532D0A28D4AE9,,2B5E7D8A7806BF23C53E94BED468CF50921F9F04B91EF97CCA17307EBBD56A6AE0D52CEB959F262ABA2E0DC10B74F858E88EEEC2F3B9F85B32F7D73AFC6F74F2,,C75861625CFA5258097B5C466E84F4BDCF2FE1FE669934B386AA147ABF5E0EB9E40286B0CD59F9450B3F018C520E510AEDBB4F8FAFC48802D5EE263C3D9D59FD,,6F6060D8053AA2481EBE6C41826AA9C01FD8118555B816BB671CDE87364A4E87F63258F3B20B93E76FD677C810F35EB7846A4E2E5994F95A76615B4CEFF2BB64,,2C9C0881A261FA2701CF7C14C0B1E87B37B8D70E3C2C389CA8FF85B77778EDE7281A25076B54C4A1A9AE135D6B882F077BD8D517C35020F94A7728806A7D9F47,,
1,Linkja Project,E334B75F6A010AEEDEFD4AB21D25AE5758EB6A1BC11D90606212B7D364B2ED056F9886127A80504D1FA92A4594F3B06476CFD53C7B69B8D8F5C59CF0D670549E,,C16B5D3127E49D17D79F3392D4C668D3FBAE1981280223C71BA53CADC6E04B5A313D2A558666AA24696F631D27DAB1D91832E9F7A8CBE9B91273B46DDD1269FA,,43D5AF13E2787B03E91E5A6D6ADB4D91BAEE6B1F1026DBFEE06D565291A9E71B7F22524C3AD318042C1AFBB2C494445D8F1E3BB74B2A9653124391F8F4070C69,,2D9CECBE8C8198B37C99C4BF63B9CC18747BA42A8222C52857A76E40D5635E39BA47FC92B7315285EBCD9314BB62876F1C56ACA4AD097F89DDE4DE87E4B44D8D,,A6920F41E0F467FE53BB6784E1B90D6F30E3245433FB9DAE0C1634CDE1D22799672A3BD28D34B382372C07CB5F4549835B7F41A9A7C7DCB7DB77BA6AF8117623,,
1,Linkja Project,220725882A41EAB011D0F83DB35BCA4BB310E4448542BD60D913C5B2C5FA908B6165F6A9C8391017C0A7277899314315207514F3AD9E17FA6D8ABBB5AE582FB3,F5203D64FA0224E3A52809D644E394FF21378AA3F11F2C2391149FDB5C5FF02804F5DA612BE0CA9F9F385219CDC2347DDF02C25F11E6EEF790FAA6CF8E4E454B,8ADA774628C32B45633F0E6A4C207D352BEF0CAFB33C356CB4DA99F09012AD0DAF9CA6C6C79125A93963FE07A8444D430090A6E6DD3062BF515CB3E3382E6668,2F9C5237AE2AC07460CD6AFCEE9250B857DCCC7340FBA5C785F0CFDEA7094DEC966781106BED4EEBB0277ABDA9C494669F0C586F2F5E4BE98C2FB7B7D26299E4,F61D95731A1BD7E818FC27D6C8645659E1F3EF7A023CB96F0531DD4979BC465D7E5747D294D8256B3A61D2F27B435D42D400E30E4A3831FFD9501F3AAF9011BB,5BB726CCA7A2A0F7F78A60E7ABA9711D5D142782EFD309218F68790D7C8AAD4C2D76EF1B7314030C631FFD8B69C352DA25F261E15E8BC7448EB6BB473DB4777C,73F19D43226EA56B62107BF5C9591AC8F7C3F13774804A4C0BF321F9FE1EBC314CCADBD520BAEC5B72BF620E75B200D3556F8CB3BB4E9061974AC15E41E34A79,EF89F44F750A70EEFB90DE8AED86550A4586C9345BE297DAD8DC4C60B483426C2A589AA95CCCDF7067E0A152421B6F9F534DDF5729C4075103DD78DD9BFD18AB,DF73620E5BF8A31214C1315CBEB512D988729B8D32672DF1E830C0193FEE9853B1B59BAC0B926E4BCA110B40FA52D2701C05E95E0D9B31E10C5588509487790E,000138BC12457616531353521D113293E3C6A55DD2BA70BF46C7AA23726A1B96D67BFCAD623C3828212F493EABA613AB27A96D82C8FCADB604958A83F969F001,7BE16E3C02ECAD1BAF52C54D2B7B3B4FA48386557E626924D5B657E53C3D0DC737F0848F690BB1450FA7D85E68173384BD74A4AA43F4F30158A6E687B4FA5CAE
1,Linkja Project,CDDF6335DB5921BB697E7658F0A592D1F23B7829E99B3144904E5DDBCB68746C3C21184DBF63D42F58552E615B0644057B6FBF609AB56546FCE032F0F387D3A6,5FDADFDD2EE2B3BC6C173078C27E6F1F5A2BD0E9A9FC742D1EE6E8DAFC66F19BE23EE924F182B81AA57C110BF1AA7A9FA9F6EDF694E4256F8C261EDA743450D2,6C089A1EA7B9093751AC4D7A45C3B3A15E12E46DBD9DFA8198789738E33E0757E4AFFD03726FD0E4C1EA6DF24B39612214E7A4FA479087DB71CBA2F991A1114E,8A45D876B6C5AEC44EE280D130DB9D282AC7A07A20D75A4D8C25EAA725949A6CF98C39593DD220CE6496069BF7818F88A72BA6BDBA59BD764C1B8082B3A82989,78F02155667C05B602CA86FDC6402A0F9E0C9F98A45DD9D9696F989E4450F1030F693A55FF3096F52ED3F5FB4D53FFE51F6222C221B533EEBB5A8D8F1DA71FA6,C7F80A7ABB01355E5FD9C3952A745AF7BC1159D96945B0407A9FBD0D6F6BACD196059FC3DB492086B064BAF1F4E40EBFEF3FD1502AD944FADC0A9D4211DC8FE8,54621658FEF312942BFA68B8B1D1E7527D0D4FBE2B88ED400BF350D0AFDF9E083CA09AAEF17E985E0AFF7D59364DE697A0574F5C5FA0349BF32C54ECBEA99045,7ED1556E82C51238E8A43A3FAAC94E7994FCB7A1E30A9AB4521E7DE6520DC48CBADD77D8BD7CF1DE9BDB31CCEB855452CB0A1E107745FC937F76E37B042F748E,48D17059CC66EF90DC1D2DDE029AC05C8A3E669CA1861EC3CD0944D94D68E9E743C1F05BDEF51775FB7DDA278C63018DBB8307AE7307F9EC2EDEA5567F5B7CD7,49DDD15B275CDE2ADBEFC6274C61E4ED040084F1E562F32D6D26EAE8CED408160A7D2C5FD7539A76043E8E2E8246812EC3145735BB828735AF36AFCDFFFE4BD3,73227FF28A4495F31E13D3F9FBFC4C8588B5B50439CC700CDE16ED745D79E0EBE97E18E321527B87BCA44C9E771DEDDE40EE92C062990C746AE7FE8F1F38179A
1,Linkja Project,02B89AA14E580EA728DBFA648B85CBF306414C0ECED28EA5AFDBD4CF0F853EB5F56C147BBEF18A6DE15537B37D6FB19B31B359CFBF48D45861002CAE7744145C,,0EBDF1A227B46E50F70AA689CD4C45711F5C3BA54652C445F56C44E470BF86D3D469804BEFA885D19A6DA0077E4BD288906C0358C583B4F6778449C174C0BDAC,,D0AB4F2810328C9CE62C4079E67BC60AA48EE40AF39BD9AF4700D936DA2CB397182AA479F9BA2A51787D6132DB26A5FD406916692454C1B5A48F99C3FE33ECB6,,1ABED8A7245755BEE7EFB06EC2D10851A989A9F941C28A67C1E5C94C2CE60D517A2370E08038ABABB2472EFFA17AB3FDB62C7FC8BE1C001FB2D524F73E17A0EB,,56C994939DEDAA94F29ADCAD6816B8F4427E9B81E15F1549991B3794303BD606298DED89A07F3D8D3C8A8C4195241392F64F9AF6AAD93DF314433FA442BE17E1,,
1,Linkja Project,357A8F07EF99334362A80BDF35F476F1FBD073F50C6D662065AB22AE9B5235197661D60F3ED9AD5A45E888BA1E591CEF8BF3C44459EAFCD026309A898EF6D74E,,E323934928BAAB1174751527820B81700684186646221489D0B25828A5512F7C75C5DE22ABBE371BDECFAEBD112EC1822CD87F9BEF06DEAAE5711B7EB5E7579F,,EF88D9EA9456AF7D750701C78E4B20815F688C721B5035BBDB6DA73D120850CFF8FD0059FF9CD2C24BA3005793EF7260C75D2AAE0C39BBEBCA113A2B3E204F4A,,9A29041109AA40E89D45981453B919CD9A682D968C52F5EE657AB9AA44D15FEB114E25FB66EEBFC8C64CDD66D8E83D688A2DFE1D62C14B8D5E826870D95D0486,,9E06F8FA43B7B7D75F8A7D5353B3D43E31C6EB5279E772C0DC28FF4816511863D72955781D0355EDA26633234E6671CCB138D7229C45F4718977C5929D087317,,
1,Linkja Project,0A341E37DECEA744DE7C8DF1F609EADAB3685BC31A848878717CFD3A2D476E306F18308F17E694A12D0E5790094D669F19809A039A2FC20172DB9A88AD5A33E0,,6E87DF5FD5297569E476F91D25229A06BBD8FE02499145B6DBC2C8BFEBA753FEC9F6383892AA3157D188502112151ED0E0C60E7711240DFDF8205388B322AD15,,D6781D1C621BDB775D474CDF3B1903F8CB521FD2326FA69005374D2CA068FA3D8672E5ED2FEF18C6B502AEB7F63381EE04762D99021CC83114F129D0AD3881EB,,9FAE686BAAD3EFC3B3C591CB04ABADC8AFF62EF276541E10062A414A87E01931D8073067A0D760D1D88EF8A913BF000564389B13C71F27CCD8BD7309BAB56D76,,E54303976A80303120C904E180E93B5A3526D95F5C2E4F2A3421A1E19AA17814802271BFFE0BF7E11E9698F2DB85CC9E96861E8ABE5FCBDAC62D2B9F03ABEB2F,,
1,Linkja Project,09549F1CA0A5150E0087CD4673130ACCFD21CCD3133231049E582D7607F2BECC04656599B4AA020B863EF59D2EE6FB76A5659D7E9E2DBA5E4366A138958D3DBC,,1F1B62AE1C3895D254E7CA20172687B72EBD7D846E4EF59B68A616E180B63844F4AB5478242B4F433709A59322415342CB361B89F0B610BCD9B896490B9B7FE3,,5ED31228BCBC05B01663C6BE4D9CA4773941A800B44C0527CAF51A77DC2E90E03E41D2905A93AA3DF4724780B6284B0ECFE3D0723A2B53F66C6A16889682E133,,3C0E70FFF521C734C79E62A4CBC2E13A8BFE6FF894927C08468211EEF98CCE24F7C3A9FA9D93068B5888EF0A7612245BC981D34D272D76E9706AC490D40C87FC,,E5DEEF4BB8C8D494CBEE9D9860438B07CA2BFDC07352FA2CEF399F46F775B68D910472CFD15152687DF5399BB4F5B1FAF676380CAFB1F618B6B4841F6AFC13E6,,
1,Linkja Project,E9DB2EDE5FD025C698F8629C0897BB6E19BC9D5510BD42B752FA30A1442AD07F449A6FC5FE1D3DAEFDA5C0612E997B828D24F5F3BB73C3B129783FD019650888,,7A59E9D6F50677987C65A8B25EAC01AE2A66BE58B46A23E16BB9FF062A119C4039C11630621A2DAAEB40A2E6C25DFE17D94EF1446F9E4AF321C168A5FD72DFD9,,443FD645AF1BBFD123E3408B4B691A23E9ED52B264529114A1EFA888C64ADE5E147EAF715009DF06E579A7263677AEBF3E9ED507317D0FE5AC26FE359021F4BE,,42661D059D3A4393EF38AADE64A4AE968EDDE7A4A6CFF917C260555619A33317973A4CF72191BF206FCCBF9272BFF13FCB63B85BE34C38C871FBEF7122C03AED,,434EA9E123A3F2748D913CBD400B8B4011AA2DB707A043B982ABC6D12C05706DE38688402B87A0BC80526819CBF4130A5A407F94555C801EE42B8D6C9762821E,,
1,Linkja Project,2C1B06297ACE14587D20EF365C22A21740FA0E0798DC8D4CA1C2E6D4D706DDE8318647ADA56C2A5AB96582552972FD1A6AFF187DBA37E9B2C6268A86BFC785D1,027D70F54C5A6051188B76299FB42AACA25DCD2D036557A7DF8FADDE4D842D610A10BF0E039DC8CFAAF72E426D6EBF514AF22C0A51A0A36C91F8A43C3DF5455B,0CD2C843961A2F9317A090859A0210100941C235D419AF21C6243E3E59F8D941A3432FD4B3FB1D35E2A4456A2D23F0CFAD0798C571F0DCF0BE9AE612582CABC0,A7F7FD9B1DDBCFA4BCC4A5C33413F7B15334B135602C29B5872BFF39C9AD7C9E42EFDF750C678BEBC0FA86909206957EE4E355497CE879C0E1962A6971607566,373A46012FCC6E6318EAD8EA8653EAADC01B196FD916D59C512EA10D210A46CA2830F2050094FE931D3BB3388A954909F7469AE337DBBEE3329D0ED526174C60,3461F793A2D7A8EFB6B1CF66C02D13B22C84135376FC828375A7C39688C3DC9C37C7B6F05DD8B960C77AF1162B77A9C26819CD7C954840E0ED290EC6B48C4A6F,E0E795AD85DE9B72BCE7C88ED0EA5D79FEF29B67254DB8E32FC0B4DDBCC7F2882FB82C98AAFF562AACE5BDF015F9337DD9026766921DAE438CD7C58003F1FD29,1D0A820AACAE30C2D0DD181CAFDBE0281ED74FE8495BD6499275C10E1590441CE88DD8F9AE7CD33B67E07A16A8ABFAE8CAA45FB8533DE6A72FBA56ADD0E78C3E,D2F3A050F90FB04194DED4738DB53DC225D5CEA7A1534A2DDC253F19460BA6AD4FC9A9276335F6BF9C459B5934C35C5E2E9376EBAF1708FB64E4AE53A47A2291,6A4D93407F3A0CCE341221B26786232C2A2A4A94FA2BBEAAA490BF4F53D43AAA087771BA567C658FB7DF23145B939DBEE719F770C86C59E2B66D4E72FDD26869,105C3A3B9B61D66B5D672F360F1EEDFF5330F10F5B7DE1500B5D9F20060A43649FCDBCAD647A03F16BCF8F82671CC7CBE49655DA2248DA327FF49A844A25C668
1,Linkja Project,5DCE400B2B50C208862C7936734F3845693E93EF058213C0CD4EBC7BE77849394CE76BB1890881A591F088E2CD57F7529CD2FAFDF82D581F5E075D63EE17564F,904B03A46A16347EF6ECB6573E9D2E4BA1BEDBA4C48C7F9457A0E1965F8F4D29DD7FBE37247AF2560988643A73B6A0BEB3550F9784928935BCAF1D3C1ADCE013,B2F9EAE816D1CF52BDA7605A80DFE70BE20E799AA1B4367F3E0EA3360D986B5EE4CA758F21D048438B35DBA78EB7FC63B2CFCEB0158D5D46F95343A98A7824AA,E1AD7D6FBB5DC0CD006A8578A2359E3CD8E2B22E7FD43BD60B7E2A58D14B3DFBA56E24778B210D6E275B0656BD7EF9975AF93D8763F5616D1ED7A8466DC81DAA,E190512C146833A362CB2B6750A0C184A1F60A19CF39DD1EF10C2F8074863906F3C8B3FF159EA4E9A9D937C669DEED98C7FBEAB661963AAF3B0B488F6709B43E,EF8A5035995CE7263FD3479464A7D4A2A51B89761444D886F04CB08587BE954C749B0E3FFB834F38BDD2FBC1A49C9B6727E4670FE44DC3DFD0243A80FBA1852C,3F1B616C2814A97599E358C65F72166C96E4F2C5F586817B5702DA63F14C07982015BE8D56878C08503A7BEC8624FECBB60AA778780E543486FD8F559AECE32B,41A745ECB16DBCEC805D96BFF18563DCE2460396464483839BD515BF3460A59B9506E19C1A55DEEA2DDF18382652A41FC36C4740B585684F1AE942D34203098C,C64241D41D34EA5212C673FFA42F14691F3A659018B2D0F42D0BBB5B21CBDE1EC154108F9C988868473D668C0501C32688CDE8E17F96A23AC577A519EDB99C0E,6E9ECFD6499AE92B1C957C8DC3C69BAEB3312B209DA489B0C0DA565C3E93E9FD1A4F2C00B587DBE012E2891E02B6357FB1CBE976785220CF510B2F87FE77F32C,FFC96CE041D4E22B2FDEE8E16025B3447C5C6692F710D278657C0FBC50512040B1FA4B0D9A5F90C092E96D8D67D9BE9E48E12E40A63312233E1C9044ECCA88DA
1,Linkja Project,4C601416DC8A634D438BAD34873848E8420BF3B00E848A4EA9584A1338CC71525218ACE583BA77939D28155A022BC37C7788FA776DAD2A27A11031BEE1010465,,2D3063D865A9C77967828059F2D6E469C3CD3B3487CD1A2EB7B651D9D9057E360DE088974FC42E490EDA3174E55B0FDCC03EF3A3924EA5AAE53D36032B8C87DF,,18591645803FE8F2A14829E9739C594CBF7426101BF6272E3A1664A446196EF4F3A173528DCD953D788E06EF907746421EFAA2A83BB0D98348992815E6B6B73C,,9766AB91E832570AFFD4BF69E5CDC5DF1D874ED5D2CAC2B7D31296A50C22C516269C9B1F7BB6AEE6F18C2FF9B70506CDBFF1C12D5ABB6C3EEF0BC48381500B83,,23C5EE4602C8EC8FBB70230883994B4902F40D252FAF2B526E34900868A70229A963D6E6951FAC286B949FC5C3E602FA00F7057C9CB1561A8131172E3CCFF697,,
1,Linkja Project,C70D45CD134E1A90A2B7543A519590A10F9A85575E7D2D0FDDE799BC7F017CE790E357B01C07CFBBCBE34F28CF413096CB43EFF13B3E78539324825000F22B99,BC0A20911CD84A9B8D247DD769616C4CBD5F4A2DAF4D6EE5D5701A29D6A1CEB6E1C37F6D51C529EE29BC94F3BA1930927DE07CC54641AF2D1F2E445EC8D8FCBD,92440EFF79ECB75433E43741E473451ED7B729BEBA0BA5E8E77D1CBC0C72B706936F885310441E92D75A6CFA94AA336465236989E3F11AE1F181A4A7EA45F370,AD1DC658F0213F647C8402F953E8BFDD585EFC2F41676BBD7E56823285535396EBEC3E2AC28E9BD3B2D18A9A3B1F4FC860170763DA0CA90264449C773B632D2E,4FE3C3DB2899633D294BF8B785583D25769A0D5FD5D1A0263D34E1B07975B08949C07BA92F80B961EF8F336D56ADDC3A4FBE8AD2B96CB2D06C50494B90D11AAA,6E530EDFB44EB8C11CE6B49B3AD7247E84A948E86D120746D95C85E42135BC51DDFF966B21D322198608F3D291B3E51B56BEA9667E36530EAB3EECA8176E3D41,8F48C1F1F6859DCAC31DE1E859DB46BE95D8D20F656F2E9CABB50397B3847BD00325131BCD993DAB424DB695B458B583798E375BACDC5FF276378EF50C6E9655,AC4904DC4AE741987A7ADB0C4B554F42594220F9B58A217114E06A2152098A81ABC52A0E3CF7A2588E39B2AC9C8354858535C8E31C12D918D11631239601F20A,A47834A703EE46C74C8F29164C0A11CFF3A1642006E0DA10DC19A76074A74B6139EC7283E4EFEB15F99F2D28A022D471F5121223255328C7B424BBF980E599B2,54DA7527A2472BAE40386AEF8168E02C15A5C3F0072D5076AF7AA5DB64C18A75CC94D90163939FD5EE1F940C787DC2F2934F833AF52A9214E79513DC3566FE11,3E11DAAA3E706DC77507CF1F61DF8B60B331C7546549476C6CC2089D9C7672EF3DC157EAD225EFE2822A2C84C6F0A786AFBECCAD3861BCC1539E5002061DE260
1,Linkja Project,CC804200148ED6BBDA55BAD6048F040CAD9CEFE164696E52F2351599EFF5F98B8273DEFBF9690451C2592210870C10C603F3F97BA92D11B6BECB88D3F248E842,,6801D22E94CA855596D612003FBB69842F4FAD03E74AD9B7520A6E349939CA49E1B4DF195F49A456518FA12A41317ECAA9BBF4D3C051EFF2548CBC4F14B062AD,,304B1F19145D062EB4EC0B855ABBE52D629E3FDA188497782051EE50BFAC87AC9CC0FC400E082E6F66789980F3379BFA824309EF7BDE91416A51C56F39438377,,DED6458395FA2E82DB945FDCFD907A41E8B104218F1F2529D8CE01847C4D0BF6062ACFA35C44FD09A908EF5F14A313D06389E50530B5C78C8411550AABC18E44,,1333BE3C3F4FA7008565D78BF608DBCB4C967DF7C3FC217EB7C7819EF0DEB1FDDBD8E8306475800F3A979D0A7852217C3064E42225F0F9248DB1329DDB420D1B,,
1,Linkja Project,C750ADD658D51CFCF03B1720563FD2CE4A0848F26755A6567ADB81E74793AA309C25F308822E57C02830AE10FED63DE97E089C68958F05A81474C081998868FA,4C1087EA15428EB0FB708DAF8C3EEC13E5109B80AC723A26985DFAB2590EDC86EB96FF80E2C175AC1D61013AA84899434F83AC58218DC76041185BCA0DE2EFD7,3ED477CFFA269071D0175B1B482599520B39DD407051F44AF1B6CE90BF92982F3F9D4D18BAA9CDE6652E99C509421EDD79E5EB90254F1FC39AA1943D3BDE788F,7DBB0BAB8AF5C07B602CFC7A84DD083B6204FB7D0A409AA2841C28D52F276B5DFBA977F2B0EEA907675DE9660C5055BA7EB500AE420ED39DA9D863B3857963F5,41F118D6B58ACD3025F4FC5C7F6A912F9196BEB616265ECDF12D2B4141F1D94202146995F9BE1742FDB90C3190F99055D5DB824A607C894841BC8D3F01390959,D7C54C40EE198B91A315C342D4A6227DF8F91C5062EB141EF016A3171409360DBDBEC71300FB5A898A20DCBEF259AB888B86DD19D79815B20E121B4DAAFD6B2E,29FBEA34AA596816A052D1762D31ABCB2E3A506A91E48A01C023859855E2D5C6774F177F3B86246668F121DBBB09D2284C980E55C1AB138F07CF4B9036A6F0F6,8ECAE198D10A91E50506E2B17417F8B8DE89F80B85FF302DE480288056F1943157B652439C81C08FA55D813E81288BDB40BC87B796AE9D25F1581385BDC14FDD,796A27AD33415AA96BBE19E766AFEE1C8A6ABABD07FF1C6939F8554BFABAB16F33BB1F6F3A3A9BAC32F999B76D47B34C17C9C00BA179D662AE533C0FCFE1F658,9D03CC45C423FEDA45CA0BAE95BE89DCDF4FF891A40BD81C4EB9A9DABF219F4F4162CD1E20A870EC6C26AE471C8D7E08CF4B0B02CDEEB0C6BE672AE616BF8D51,74D5BF881D1DA3D9F7623115D3747DCF5CD1B71974676E623C602966C866C860CD76E9EA3E525BE7097227A03C962FDCABDF986BCF41A17571F4AFF8B56FBF40
1,Linkja Project,B5409DE7D1FDFAD64E2A21DF67845A119662B7C200DD19AD29653B3DB0A57A55D83A2DC73FD53C341CF6B0050714B1C4BA604EC56BBEB2AD518E6B7CECB6BEF5,,B3050A539ED43D4DA7ABCAE56A110B406532FB575CEBA75A698BC491CD9DBEE760E68499AA2BD80B9E4803B13B5B474F435D6F5ACCFA166D25AF6F747138C64B,,E77AE21DE55A017118553DB64E43E71CDF4D883523F1A7DDD320DF6483551D9E4B2C3297D481C451C26454D081DFABC788FB3266DF6A9613BFEF58409AC5630D,,8DD9BD5BC3EACADB4ABF4E7A6EF5FCC4EC578A28286DF67B4888D5B53CD47C7FD753A1DF8B15BF9A74E8D9485D578A5F77511AC7A0957604468EA24E477B3C92,,01B6477582502FE8E363402D9E9CA253210DCB291454E11C221CD5C1512B4F58FCCEE77E07BBAA08B6C26594AE5B914EF3A2E39907D1326EE6EE650290F02065,,
1,Linkja Project,6DC66D4E077435CA6899BF856F9B709D8561F6B30706FE897BBB7F9AF9DE651A0091CFFD968DF48A74E928ED73B05396375A3533E5BBCA25C6D239C929546EC7,34DF2C8B5D9D99FCF1249237D04E77C9E651E029C8BFE4CDAAA4A36208AEC85614CF362F6B326BB16243D8744FD6A8FB183AAB95F900DB638A4201A77499E7DB,C14268995246EAEC84039E8FC8D253333B351A999CCB59ACF17A396EA14F227F8036A082C1F7A60D0869ABB52CEC6AA4349205D035D1F490DE478E8F3A7EADEB,EFFBED5566189591544A4BE609E1749DBB79F9E7F733574F07F4D77F9F1D0CE2A7FECD3913EA2D8BE5B6BAEDB8600CC5D92D25DBDCDA569F97C261BC64CBC77F,4919B1DA70EB76159498BF7CBAA0D13A116D6E121A355F35E3FF67E35613471F1F47492F41E6DE70E15979654ECD5998751C98EE9DB602FF40DAF05C5CC5343B,4EC056222C787F399ABD3B8B39FC78EB5E51D7C33AA9797C3CFC03DBFA81E0F31D881E6AF3284722FB1FB30BA1118AF03B7EFB856ADFF32A10F23995DA9FD07C,CE7999E037C134B9D23AE566C5CC5E95E1F65FDCEBC085C5B06B565A8CE10E498B0ECE3A38285173BC33DCFC492947CC7DCD04DED7B19AEBAB49A711373BC393,CCD08559061C8DDB9985DA205A127D543AAB153BDD69AB56193C670684DB52C42E3339BD037F5C09028B6B42208B17EEA9A9CF8BA6776F8BCF2BF3C31B441C60,453ED924541529D91CCB42D2A74BB3686F95DFE207B8C2475CD0BABEFB233D087C28B6E613EBBA3D8F7E213140E6391A3A3F4BEC74730FAC2D91F0CA8A545D0D,F5254CAC441906ED5D0F5F738DB59D671BF33739F1F80FBA1478B909C21BCF20D0B0E9D2B62A467FB889E7E7FF790103857972CD80DFF1DA859BDA247407039C,857B69A2C94F2340272B4EB83815280D5D069F8282330258E3E6E70C24F05CD864951C0CEC194BBAD338DEA875C3C3F1265B559BDBA06069C09F4AEE4AC4806B
1,Linkja Project,281BB0BEF4833D049ADDBBD755E102D473B2AFD2020643043A83086E5290297717879AA117D520CE8F1236189140BED9C1E0B31798E25F68E2F646EED3483958,,B7F437C95A8FAD3A0785AEF122B63975FFE0B2AD3D5A7686C7E496DD7419DCD02C0ABDC2DCC795B284158193A110F04EE11E42F2E36A498D7A0E4CB1A70FAED2,,815F2D3FBFC3727E830475B4328FFD8267E6BB227C77AA973F7761777A60D62548F0FAB12A460B583D1BD648AF39804568FA1F692E6FF46CE3C1916FF09DD4E5,,DF94E3D0D71374C853DB858DEC4547AF1BA5BEA5E5D5EB61EE796BCB4830952907E5F0BB4C69E8E733BE39B4089D1C76A8DC2D75CB520BBC3F573400B1FC252C,,7211A7B8E17692C3875F70366299DAAD1EDA017644D8AF8432772040FC829957448540FE85C76568D74B84E5F8BA232ECA244030977794C2A4033D39D15E6361,,
1,Linkja Project,3A2B20900E253B18D9F0ECFD937DB3EB4300C99B89F8408FF25062B3323FC626E609C10B9C9B31196C336DAE6E4251E9DF1E100B15B4C7C6DFC5F5AED45926ED,,28688584FCAAC66CBBA0BA776C81693FE64B32CB4B9AA5588C1B23F17B6DAEA24E2197227E0E7EF59C874EA1C033049CBB2DEA5C3FEDAF9A9B8605DAEAA80170,,9916D7E0DF0BA31C7C1A64B60D28BF063A58D4A215368E6F73343AD4964984AEE5EAE1349258C0102527C98E6244E398126594DDD44065282557A5FEA693E5D0,,40FE8B60D152380D3634827217A4DD20798E199F5F37967644EDAD66C2BE171D243D4DDA889426D8F69F427662D10EEA2B8F46BB1AD42A9D34D1223BEB046B9D,,937FB20F81C3D7A6CB0F1D077FEE3949F3AB5CEF3F246A0FF514CB0EC05E25F30B6DD77F03EDBEC54C298A93B833C89FF91B30CE59F49F140D06E58B72259F8F,,
1,Linkja Project,528B3FBF53B40C9C1D16B008D4D0B049312565E429E9A00A19BF914FDD82783A8BDD4D637BD2ABAFB20874AC0B235A116F3445E6D2C54347256D2FB2AEAD7AE3,A8EDD149B943E3FF573A6E3BA0D03F08B3161AC2CF7DEE672080465B36AD56982F058625C23B7120CF3F6EC2667C5FAF87C2498214046918C9E0D4A52C181581,05D0277BA4C5A751EDA1EB6F3650F8C7BA197D87DEF10009BA6A42E68C2BB7A7726ED67EC010EA9A081C9EC112A1F5D416CBAAD5B685765121F0067D643F66D2,D5064060DF6D8EF0111F46ECF665723876AFC720710E36069D25BE4919E7C9A6DC75EA1A5EF94219D743CD2DEB749A10430DA31AA9454B75EFBC761D23B07A13,A0B59EC785BA12852BDF78DF73586ED466AB76CD24A1DF00C65A2BADA666CECF745E37629D7118FB8221763E05C2E65645247CB08C948213F85823FAB7EF6A53,7E7A5941FB73A561BA8575DE9097B67180F38311C56EEEF37227B3DDF0B888D14421AE712B4939E8B321013070579C69B1CD9A1032D6B0365629A86399C230AA,A6D922091B1C3E2B30CF863F742CCA4C12AD0CEB24444CA9014B0F8A7228FA0C25E9E164A214411D2334829CC087DEBAD3B3AEEB9C72A6FF121DCEFE58E6F0F1,6542B8732870DC44552097A2C3150A93D1C24F9F11C266027061113D643FB19A924E5532BBE4265535F424DBA4FBA60F5A00034CE0ABD04B06F0C95B6BE2B9B1,5D4DA41EEBD1E2BA98BA3E56F1EDD1B8CA4738B2AF337CC7E43F3AF01F248B3C45F08BF21E389DD4BDB821DCCA03EB5804BFA40BE2C94845AB6B69F0134A3AE3,49F3D89F8168902CB6982B44B7AF33F713F861F4826B62AD45C67518C6CCD626AE9ADFEC3AC97E4FAF7F25869C32E2569B8B29ED1AA345D01FF2E0D8E103D536,9965493A4E328E214D6F39C1C5FD7D31A8234BBB029D20E6AFE67F9C66374E3AAF74ECB8C7A7A9CCF222A0EDCC1E7C5A4879D452ECE1DE9FA7E44C7B776852AF
1,Linkja Project,38D5FBCC375B30432F553BF7A7E7042F1AEDF54D52B0669ACB0EFDD27921901E7B5E1B157A60B178F4B007ABBBEF25791D45BED7B0D6A97A4D80F66DE33EFE68,,7871CA54B3A6F181EF39F5822538DEBD51DCEA7CE804D8F8E902218C325B9B643072E876F8439A7740D429649BF9D16EA9845565EC5CD13A29471DC524222165,,3B36322E6596C7CB89B2EB88F8AE385C76D1B2982F4A33889086AB77EA506FB717D2D922A3BDA539061455865602A0C74AC8B6491E5AFDD0A8254C6B2565B506,,EB10466AD31787EAB5FDCCE40E1CA84CA3ED1302F9008718C60479B83A4FF96240C8B82CE771F5CEFF370CEE62393D7F6FF29E0971F375B5A9FAE4A0DA2F4629,,CF1E7F173AF55AE36858984C844DC000CCF91638489CD1954BE0D82B64C0EA43734963FE769FDAA40FD2CC5926F5A12539D598F9FFF1C4F0E1189488EA07DAB9,,
1,Linkja Project,854B84360CA5314B09B63D6B50A84A64C9E1B78B5CFF6F6D9D02C1654B44DADDF58321AAEF00B33ED5CDB210B8AD797B76C273B402E65876DE3046C3D69DF683,,15DEE8C4723AAAA2E388945D0207E674831FC6B8794668183880F604746AC6024A529C7EA57E33487BE4C5196DFB788D402C6A9619A38255241860BC0EBE40BB,,2DAA907275B3A1582BEBAF8E0B7B3CAF42C6F9E31178B5B4DB8B56C0B05F8733F2AB51D30812DB04F954E702047A6641F2886B1C5FC38AF0F4E9CFACC67CB638,,2E4FC5F9B2881E5F68594C6B9B8CCC61F9CF4EAC7BBA81CEC8EF968260DBA4CA0EA07F3528B6751B14015D5F244B196E053BB5586DB01EB870BB9D733E15CCB0,,E0CBB09286F0BDEB06EA27D37BA0ABB791DF5F2633F3CD6139987F196709FFCE9A35CA54B8FD24D1999E148D06545B0E937A612A3CDB6B746A81FAE89FF2BC78,,
1,Linkja Project,807901F52A48F6482AF16CBF3B2555B7069F045013782DA0262EA09C01989B72DACB8BC86FE5AB34209AD4B59B52F5E33893397DC29BD04969D3DD455B029FFE,,6577EFE49515186FF8D4BFCB86EB3A0AE3B285581C08660368EF3495E2E1739DA31AEF41297B3B0B67B482D727B6C2AF0158AFDB9BDD3DDB5D4F50BC37FAAD22,,C4FAB516F17E362542F9EDE911F4952BCE834E2FE3669FB9B13A693BEAECBA5CC9401A856B7D493E3C24A6AA639973E398F70D2EB6F00AB563DA795BE0A234D6,,01A0A30852EED4028B34DFB4752AB3D0024628A753680BA8CF574282F4AE74B2ECF55487F01886039EFDD29EB823936DC952725E30300DE22E719A9EB45B71AE,,855236028E555A07E2E835DE9A35B59E6DDDE383EDAA8787C213E85895A07BB70FA03784E7DFD4EF326637B63D228C3D4B7FE56660741BB8FC291B8DCAA438B5,,
1,Linkja Project,0CAD257C0634820A7E66E8ADE5F8B4000B4307D9304BB5111865C12A87F981BD5387C8B7593095AE981DD7978DE6ED1D69422F3827A1286654CA6CE4B7C58344,17F4A65D95B334DDD7132852DD300D2E909F902AB0F818F9CE290FB473984E3014394AFF648A86162EEA599C6A37AFC266FE3B1D3E9715291B5C519BAADED807,D924710BC62A25B64AEB6AEEC6F96E110CEA3E5CC948968CA554F180223AAE74C6C699009F6F5C16C6453771CC4B731C3C9C7336198590424E255BE9B0441335,DD08CB6022B3492067769D7471BBA7680203CEEDBD87FE78D8EDDF35BC92D1F8F08419EB5EB9C2C24609EF9259782852C4CEA5C63AF85081B6373E9C741FF848,7D8A8C759CA680F05EAC0A5601895CEBB8251141BBB00B550D8BC5E3620468083300429F917AD70F7DE19161438CB082C52A9174D0BB45A55F53AF3D15B18503,E2BA99B09DB6558802AA477EFB540529C9009EB4B35BB5D47FE5192164E67DF351BDC252FA236EF117D891A2BE597DBC9377C4981755509737E410102919A11C,8BAE507F4A7F9812E8E35A68E93B11B76A7F196D077B0E9CC7529E9DF682005B8D1AE6219FC0E305045C5FEA21B1C107D9C3D5955771BD9A48C10008DBFC5BEF,1B1B67F4415E748AD6EEA19B7C1D059BAB525540615E3A22A68B92A949ADB611BEB5C15FA1D56B8044EC506BD7F79BF788BA5915819BC9CAA53CC585C251F482,ADE18DF3E7B7447663D43347A01CDE32ABE482BCB79CFD49DCFF9485F64084FAC36144E84B4DBCF7A890B118D63F6055894AF432FDE9BD4ACECB33DD7859315D,0D37569FD760F76F42868584E91B16F8EDA60402063B7729E373C1E5670B485276208D8E08AB501C57C43D618A878A29C35594E8E367B3C03F81B57989C36018,C1310D0C7D55478BB3EE61A0BDAA75129A17293CB66785600B2BB359262BA9266367F8E7655FEFF10725E175F344DB3014B1544E216FCEC03D748F6703E6B224
1,Linkja Project,FA703B49A2B745D6DD9FCCD76E2B3D6BCEB14AFB7CE949E2D3B345D5DB15764ABD00674A3930CF5E6484161E52C688172A8BE08387CABD6304DF5D88CA93A19C,5C152C508557DBB1533A30F715D0E74B2F7F14BB2EDF8F1FA6073A8B347E4AC363AEF2CA92947F80C8003406BCCA24E0B971084FC5BA1AF9CB3754F66044294C,DBB6BC1BBA78DDF4C181E2ACDCE45CB05D2C62DD45DC8D2B56A5F2158E6ADE0CF94E77B52D841DA185E9A0F74414F51F33424B127E211C9996D80D46B72A8CED,C2AD4262ECC0AA7B1F61D5A005BD0D0D66D820F081E40D2AFC4F847153A68735684E3816E2EB67344024F371407DAB2F2DEB2341B33000429AD08FB0DF1BB81B,E10908205B22A5A04EE1F453336944F0E0B17A6DD5D07F1D8BB0048FCABD2CC00ACC55124B7E7A0D5021D13D562CD387B16DF741FA4B429F056F104DE27C7E90,BC214CF4BEDC7E397683C1FF5F61947D35FC059B314BDD7B96B61CF3D11F295E1683F60140A2C732EFE8C26F32BBB31F6782EB9F924469963D87E8C93613CA3D,6BF82A4A6DBD2A86FAD53350F138D8A2028DE42E6C12B1E11E10BE8141146D155BECDB0388D5078DE6A8508929031510F9CF0EE31E2EC251575CF32AFDD8680D,44FAF4C370537E0A1DEE82007EC1C1235C60F2745FDFB880D98BBD1DAB3ABAB8B14DC33547CAEBD05E377AD85524E31AB4A9071850C42FE3B71EABD6627A46AA,04129A46929DACBC48950808F2C0AB7E3A671E2A4255D75C4A21D93A8BAA40489D46AD015A348C600CCF9998845EA4B63C88DD1E1E67FCCC5F9C4FA3F928A2D3,8154B0B5F1723EF347558D83ED1D57A3DDB5FEE0EE51DA9C59B8DA8F4E6F5A65979512FEDFD06017F30D5B0E96D139A90D56D5566D011DE15A2A5AD82A0250AD,EAE0E8F443B5E45A3A62DD27CC3B24D1E9D26CF19D6762742B9C2A7BA25D6D3B12F35E269605D6BF5E3AB2E416A2A51B3A4B094E18ADAAAF705481CEC1894982
1,Linkja Project,CB157898529F61F580CE2DEAF6A4460FDCDE284B2BC7FC325CA320244C4F19E3EE07BF5456673EB7685F5B776E123508A9B0C89AC4643685CA9C73266B101774,,F910F287FC25096A71B1FED16E0DE5C4EE092093143B7A187C509F7D3E48DE7D8890888B96FBF5F8220EFE17A08AC8FD266E3943952AC677F64ABA5E2A8BA43D,,A3CB080EC52C2417FBA6C58DFE7DEA0D956BE1A565F3CB8E518733F98489BDCF77B2DEB7B188956061C442CDCCCF49E73351826D79D8AE938A4DB69734D633E2,,49306592BB8E229385E83B0697B4AD15F907A8CCA538E3D0B8BE43C92EA17DCE97916BE44A0DEDB5AB577DF0AFB7EA99B5AAF90721D0F1975AE64B226DC885ED,,6DE964F696B09DF5502A59B250A74F4A8DB2313C1C0AF81AB0D84E51F6B052AC546B0ED6D08055A91179F599F393C485264536885C8396909F605315E35ACF62,,
1,Linkja Project,3E73B88F90D45F3FE70C91245F5DD5A5577488B29A7411DDA21DDC8FC80490552CC9B0005AC1611BD18D3CEDAA3E259EADD7A24C4777FFF1397C37B0A03CF3BE,,BB73D2E45F3CA904D01947C52E5B6886260A1561F71B74AB18BA7FB394B8BA7F90C1734D330D807D3FE2BC1F38EDA18C4D71364CAA0BF6A3F19835F6A373AF40,,05348AB04A13EC240A5C7C74803E424D06589910297329B9C6A7B94538410C1628160E7339177901F7B14E62F0139131D4FAB45198E9CEDC0644D1E5274D2A18,,36D6C37AA82EFEA25343F1E00CA8298094421DB2B162B03EBD59D6489635BF5C04D11F14AD6240282079088A7B8909DE57FFDC1156521C30FEB8F62A7595F0DE,,2E8A62C919D0BE351746318691DBADD1365ECEC0A8323A58186B573769EC6F7D60A38AC09B996309EF879B3E3A18395DC86F83FD44F237266E734FC9582A387E,,
1,Linkja Project,D85DCF190484AF8F54717B3A70B5B2B3366C9A5A5C62C6B609A148AB44F54811B835EAC75E46374157851313647194334B4FA93C58A0919D70BEDAF58D5C1416,,6DAC24F91F3A24B1661B468C4585D6FD0FD5DA181058EB506461CF7229F5E138A63BD6F33FE089F50B40EE1DF5528F6BF6B9CC2163F7CE76E52700B3EBC49AED,,2676AF19833A30C77E77ED26A7EDD5486C5B2BD58D3F0102B0AEFF2E956363C77DC03068AF10200303624796B509E018747F919ECE076143EE3BFB83DADDCBF3,,B731C86CAB5F449E0EDF3EEE6DE19777D182B6425F0E0A1578AFFC858408B84B2CEC1E93ACB2D66A7DDF6788606E134D42D77B016BF3FCD158EF1C822E69BBA1,,BC3BEDC0BFADAD8CB342919CA69170C43A9FE81E0597EA1E9E1607063C7C7D4508F07445D2FBFB18996FAB20112153D6479C2D6E41EF7047C6E1E5FA31A3242C,,
1,Linkja Project,CFB263487271BFAC7183E792005D5CD76DB7761C70B477E1C9D274C0D9FF1FEA6A85B76FDFD15607412299C9BF920945B4910A9B41C383DD2BD5723577D78501,E56C0436119C17852BAE5ABF6686B59AFBB0D8076B63C56430F0F22DDAF28F0AEC863D73FB67B41EFC852BBD5A9DD99E3215FC205B65092DD6BACC4F372E810A,4B53910CA140B48EA7758FCAF68DF9B4725A2859C7205BEE976436E703B4E2C6B1F382BAB50986F21EB4A9E928A96C3B99AB6EBF6D449AFADC9428CD5ABE2FCA,5577F4516D95FD0708E71EC527EA0F93140242A9479747703A4631F4A1133E2660AEFAD2F0E4F4CEE4EAE5C86999F9FC07DBC3725C87FE2FF86763EA482F4804,737D575004581CDDDDC7D9450E177A564B61E617849A0F3F66A1B0C8EAF913547ED81DEFAF24DE6D9CE6F1972D95C716517F71269AE03CA45BECCC199FDB646A,E412BE63E09DFE3ACA1BAA0790A8C3D5FED07A174EEEEB2F80B983332BCABB4ABB1EF5EA290C57481B4F5BCA3A556ECC14789F1344ACE7E68E57DA8030DBF771,11E4DCA76886B4131E5743A654FDC32F7C0BA85DE4317878B24926ADD375B7DC2E882BA513E1FA04B15D2B2E110ADC9F14FD7AF4D9AE7A5B7C56D451790456EF,C2D3A34B81F7F836084856021C83BE9F18657EC4322785B36C22D3E9EB5AC1341BECB8EE408AFBA7F1AFBF85F70AC9330747D0D4563B35C460E7AD5948EB7D79,55FDFD49E6BF9157BC62E83571C6135AA6E0CE692E73EB25D10AED33D6BA46583790472073F32085AD368A2A0A600DDEABE8ED9155C3D6AE0D35D45340E12E1A,83A8451211D9197F9F8585BF8F033CA675B392C2A4384881203FC05F4EB3D10DC07F32A39263947E83293E9B1BCB2C178A07BC68DA35028F9702FAB3C49CB9E8,8AA22AA78DE9F0BB023336DACAED20094246BFC4BC6E3A7C590ED176AFF39D927658D4E70221256FEA4301572AA5F67255F219F2ACD771A48B356D03170F0CA6
1,Linkja Project,8EFF664AFA4D5A66947E1F7E8E79650B5609A0A379DEE5A685662292E568E65A42321E3F4FD6B0336174CC19799A8B927A4F16CCCAA0989E3200237EFC4441C9,,93CA4444394DE7D74AAA88BC97369236E456D56FCC8D161716FB4675AD3CDFCBC356905E9B4EA416423C97734B1466CE130F84B6624BAA541EDA92DEA10540CF,,8716560B388951A70671FC08C0C5B836354C1B0FA63CB29C416B43A369F9CBE0F81CC6D83D0B47B8A1C9E9F8F1130B22C99FCEAD1069015FE4E85D0CC7D85A07,,03A30EBE0591C81645089EAD5C1D5AA83B20DD2BDD3BFCBAFFDA4B59ABFDCCC20E8625D012FB69A75B9F1921333A53AF11291B078FF8895E51DA1D13726DCC50,,58A15842837430C7B4DC9FB0FD923A82A49E49B70C05CE289A2BABE763AD91305C9917C5693588E523991A6E6F1C72D3B6F24659B928E161A8EDD856D1F78209,,
1,Linkja Project,9D382B900E687994E3D9FFF9F25BDC869512E89DD2113E8DC22CA6A1AB80FB6906CC08AC831EA06B473FA41B26996B8D77E04FF2EA7878B707F046368C77A842,,24F6CCA97BF283A0777CFA6FE2F5E3330C2359D4213FE1490EAEDE3DA0BA4A2EB62539FB6CB4936C81E5CFAB4EFAA12F0A080A1F33DE8631DB527273430F897B,,89630E4B801DE3F294233658A37301D9F12D2D9CB23E900F9E4219906233BED6AD2D469472531CF746223014D60F014B358E349299391FDDEDDFCBAF1B1676DC,,0E5EEC13EB032AE50E5FF0EA086BB4F52D8B54B3DD657AE30BCA6B2A2CE439BC0A3E40B7517260D602409A5FA9D2D54E098781A57FCD4E33DC072029C9715189,,B1F225ED35D175725926CB13485754C3E5E62271AFCC133477A8C7DFF20EB1FB949CFE9523F011E8D0B41B0D39D6B37968C66C7E30B1C85A11715D3E0F96A46D,,
1,Linkja Project,5F557E4D5F7D2ADCCBBB6A47B155B7CD8E54D0A215ED877B1DEA2E1C29B37E1DE4792AEAC680BE03933C4E9675311529520A7ABC64DD70113A58E619DECB89AA,,B5A4CD531FEC2B74E3031E0A85424377A3E89556783F2D708FC0F53A97D7909AA21C4902295DD2B69CD95AE737CF6C308F40784BEBB8799E8FF625638ECED23B,,E1F20D71E6687807DDB2BB8C2132FBDB9ACCE631BE90054AF100889A2BFD25328818E150719E4C9D9A741D87EE501B2A88FD41F6C0B55354F4EE94A2C975F63D,,B5E146A4C67D9C87A027E6D28827586D40BDC80524195F179E813BBA20D409F53D58060E7117E081F9FBC54885D6C6C00F4C110DC3C70FFCBFAFB86EA42AFF34,,32555B7824395DC32D03DE868D80CBEE9ECE31C2BDE548111C97E7A506BB38A4B76761868E8CD89D96D283ADC48F7ACCC5D24E4A2F67CF239A8C2590B1621DD6,,
1,Linkja Project,A847F7E85A9ED8CE74E79B00DD37944C2A00E4D59A35BC46F219610F6DFC6C8664F2CC9DA7AA3E9626106295E2C94679D961ED8A0F3BC0ECACCE0FB46FED60D7,53816953890D617ABDC764E6B7794BEDBFF06143580B26FFA3DEFA3F6F3795CD0855C25AEE7019C521DEDA12DBE514F878D915E2DFDC5ECBD3E54E88F3AC2085,577B3CDA52E58EC4915537A248DF30083E5D692C07C9D5BA93F5D3F8E4B5741CA57991025BF0AD6DE10A918B4623790416AD0E13E34FAB48BDE8D148E99B1B88,45357272E465BDB1B420C6DAF0576752F1FF7EC433583E3A481401D4E78BB9E4D601F135BC369474FA63A3469FB80D4DEF99EEC866FBDAAF7641151D545352B2,522D5B674789A03DDD77FA97531E6C60092B753B26550B29E8BBE36F527D8754D79CDDD30826477D31F332D23DE95F8EAD94B720EAE0DA52D9A20AFB0129D300,0C9768255FCD90D9598B6E7EB4E430CCC10D8DDEC6A6F1B5053A9921633B2130C271089CAECDE61E1B62651AF03BE73D4571A397F3C9FE84E5D791A3D4C824BE,8B0086528A275330F2F13DD27890A9EB0FEF2D9989928BB17FF778E63D0B18542968C0F18723CE0636A67782A0A83F637B2C37E306A181634E01B7A0C82D49A8,A0CB78E8276A4A59DDE1E3E98139FB89029E511DDF03538BD1F15476466995A1C3B4EE9AF683E0992D8EC2AF74B974628334CF2EA628FEFBD0A4323C88020A82,45E54D2AA23F9B13C970DF6004076F9F448097F4A250788D4675961200744091B7D35F7CA7FA76EE877DFD2AE2EBAD963C8DE51613A4083F76FCFDBFD95D3F2A,30EEE40E2E6969945CB9ECB1CB55233F5F888F7ECEAEA693BCF6786404A179E9ACD3AB2C498F13001C26190FA3061512F2E9E2DEF1977880812DE75E9D583E9C,6AA6EE2657A62AE8683DC711F6E744D1E1F40DC9F7ADE43279894E8ED727F9917D4B2CB590F906A473D4F475B33D45E7D349FCDB51FCA13BEEE20E4C286B598C
1,Linkja Project,F2D9625772EE024D7FE7020E107463D0E588BB58EF17ECAB961369B000AFED63F5D0D3D778D15120044192DFE746D9BE00D4D4BF965570C979164C4DE3AB17A0,,244DAB3457120B3A074F78FF506CC4516D8AA132EB5F5B4DA9BA73F7E7C904602DCA620FB9AB53EC642A77B753C9EBAC698269C09DD52067B6E3EA0EE940D92C,,04C10EA8AB9219A90D7EA3233050266ABC3EF519EB6DA17464F8BDAB1F439C9E2E98343DD227004F9AE411B74C9FE28BA542C62EFF314FC6C4D2FF424F0B6FA0,,EA83689D23F380347D65D34B57DF0AD56889BAA624A17D0D569766BBDC135BE7530BBA1399B43FA81F8957F5ADE4D82760A7C28668E8AD39DD0D4E366FEE47A6,,CF8788B3D81AA21C17BEA67CB7F805A815351DCCE8287320A01BD1AC0B5E147FB6B88CC9258343B03FAC2E8670E6FF19C8445D40A3CA64FE4B7DD91E703DBC7F,,
1,Linkja Project,EA68E127AAADD0F97E9FBC13F180157B99DEE348AA4EBE60D63CE0BD8CD526F9D13390513866141CC8738B71017F6C945DAA0792FB3D6146C42C5150BAE94463,,0C6121E6C2CFA19A60664A076E43B40C72C297EE128D4CADC71C17C73D386DF30F240623842E0AC7E7B5A9CE683451AA9A7414C3D39090A100966FCB620036F8,,58B75D15B259468650BA8A4BDBFE216B097D9EFEDEE1137033F9732ED0D7CA759B43963476CD44BCEB332DBF7A7ADD5C186B09F0B59EF1B773244352D28283EC,,4940E00858CB80131E76E6686984DC6583D4114FEFE0C1AE74F93DC9997B7332B762952EAEBE0CDAF5C4DADC9236106A1A3FCCB517915933067654C121C7112B,,1F330A29A4E93C3B23962D5D0F8E4230542D3D55DC7A191418CCA10C30C8AB19FBE752FBB04C6D0F0F43292B7737FC5175EDB45D4DBE12E32BF655ACE8813C99,,
1,Linkja Project,9E3DB97899DFD131877EFF333A2D0F98C4D491812141F11DB8D3353327D08308913818B51C8E4BA5B7AB9DA51CB06E5885EFA3B2D7E94F3C096C181E140E7076,,29529886927FADE6681D8FAC1849AB0313AF083D8373F86006B4FE9432F755EFEB3AACC0CA33427D16FE9EDCB0E5E428CD04442B719A514B89BF69D4E9200FD0,,B662DA93D9A2A1A1BEC9B5262A88C9C1697245BBD210B366F32FEE7536CC38682390541F0A259D0A6314A19F3C7DA125233B0936CBF576DF959EFFBB71708FC0,,06BE4BC0DA7421BFF4E1EC7FED4E189D48B726DAE29D34E58CFA33481DDCD324DE90EB803FD5E5300C2EE88F4D9C2CCC900CB0DBFDE5277061D2D014BCC22209,,254EE4975170918420879A84D274AFB08B9F769C00BA59EEC4C9A6419C6717A3B4C15A510A26C81F9B51654B8AF687CBE08159F13A12498E92D8AF33ECB6F5E0,,
1,Linkja Project,A8F55FBF3FDF70A110F6617BC952C5575494AEB958A9DD95B3C195DEF67AA4BE7FA9BD70F71493D5AD8119BE58F813DA960C8AF14897C55DE3A54546F0B2C882,,C1CC9997C15608DB1397A7DE9A16E40AD895D15215565D91F2578EA096CA2C59E9CE1CC19E361B3F8F1B64FA3F8E4D3D7D04170C1FE90BAEFFD580092D95B487,,D9C7D6A66AB1F00BE38FF6BB63D50923BED833F27B7936B79932C301C9C3E139C5255C9C701EF0FC34192F7F73162899EA1B36D55868B89B2287C217FC5D33ED,,5CA87C29F0090BCEB167D34653B7EB6967D19271181B8D9E1EC6FE3BD036EB56300DE3579B7679EC0E2EBF2F26666BC2F0D933F0EBA48BB730D86F752BBD6E41,,3DB84D0C8B38ED9E7109E083ECEDA9ABDDCEE7D6FC7CFAB0C4B80C6DC242CFD90BDD61A524CAE79CDDFDACFB1955A07FDF4601BD7FA73E6DA69827EBB70BF86D,,
1,Linkja Project,850501F55F917D91C28026B4CC98D77675E4C30A11055E81F0369775DD61A88B64DB20E7FAF071FE74681DC4D19D30A5D5E4D890CF1CAAFB8CDA1B15BBAD4A78,,1233C5726DB00697E73B2710368B85BC1B76EB5AB085610A90F44C098A1F77B26394AC99426A23CF89DDC0C9E695A9BBD8304D5B03A26BE3C62A3D2D2F107164,,A5EFDE4E72515D278A38F0AD2B25A3663DC0ED6C0A17A2BF03D0789868B2E996D849F6589024DDE810D8C709D7F27291ED756B8562EECD611CDFD8A18D9AE2BA,,9A8F51CB933EE9100D142B6A5EE283E02F0A3F3C4B069F952B79CD45BEBF22BC19D485C27E7A33CF547C3CCBE7E299B986B1923AEA3E7EF035D38DF18C2789E9,,3D0F8A22A2E27296EA256444684B1D4636724DB26C4361F8946F203F368531DF80A737922E2392426A919AD147D5E0B4027F336BA9423F30754E95DAADB895E5,,
1,Linkja Project,510FDB9EB624E1C87A6BE5AA12C9F55739423A3F40CDD02949603F31E0C1B12A5AB654FB1E8F657B59DDC44F7EE2BCD811007F4B23089F4C07A6FB0B3156B869,,79E5A31A2C739FAB1AE27A69C81117880A7D086EB15A1E96715642653F379604230C6AA13C9400E86F761913CFF251EECC928F4FF549A26DCB207A5D30907CD5,,979A9FD6BFC82B5661CE1575B1F6457993C8105CD69FDBFF9CD98E9F59C46060C09813E04CB27F842F0A4AF33D75376187AA24F6B3B9C3353826BB255E896708,,D29DCFA2D88C9D38E492E1BEFABBEE10565151324C60E9494261455AEA55C949DD7901C45713BF37447BB6EB51B8BA41FDDC5D8E2EEE2160D3ADB3AC5A90E9C2,,6C972CF3003F0E3BC59023C0BDDA437BE3981FF4CBF18746958489474881226F9607EE23810105A14A60DF8A5EAC162C5BED1BB7108597E98AF03D0EAAEE9998,,
1,Linkja Project,F833F62F6ACBA8281AA03F25AB9AE7009841143269E27346BFCD07AF6AD75ED594E8D9FCFC3A8E0C97345B807F60CC048753880633B50B093532B020F02C1581,,A66328FF2BEE860997E848BAFADB114A6294F1DABF4DC5F8E4FB33A572B3CD6F5A5CAB6B1428064196B5ACDB0DC0D5E71DA52CE6B3692CAEB32BD181BEBDD72B,,CDF1BA982D99924C8ED9DEC0D19D5A19D94B6AE392339D10D15572BB89950473CCA2919F16160A161EFC08ED0AB49CA78B97FCAD42AFB06FEB281DDB6EAF13D3,,3D2E76A89999875A348DE569DA0E2C6D445873566055A35004E4243C945D4F3EC919AD51965722C649B47137638486842BCBBD3B55D0E5871D790321C0F8627E,,D72B5A2B9336D81619B47426D6A7BD4D4E542442E4219C02C2D8506D3313D286AD2E8D0C32BA2028436D02E7685D0B029033A645FA3D77289DA7674E8897B0AA,,
1,Linkja Project,40A7101AC5BFCEFEA19A12324C1869F54C3C237AF9B925921EAD11D3987C5C01BB72F42E2D9E3B36E10E6E7518BC008078D4AEB523F66CF8CD6E118289A24C2E,,42A5787D53D0778D9AF1687B9682EC20C3D079AE37DBC6D06B3A8BB2154DE2C9745FE5FDDB9EDD24E97BD0C9CE35024733F76642590D3BBFE5EFDB89D028372E,,0D282B4F516F0B151CC21D0C7BE5DE71B30FF8657E1E8CB02DEDC2C387C4DF8315751C2D228262F1B2059D06DA83C1202DA8DB3BC4A31CDC48B2C6016391B555,,AD86AF3327BE93C804E64FE01F6F7738780F3021C56AD173281CDE478508E55132F885BD044A04D35DADE39FA054FDAEBAD7142D54D40408D523C198A1C1B7F2,,9BC593A71DBC86E72DB2CDAD70B35889CAA48204B9D08309EDC330E9FE0A5FEB7F09921E3C7CA6F7DBD9E6AF3245355112269C60DA1E46060E6A17FC5CBB33FB,,
1,Linkja Project,2A3D91A6B36A88B4C42E49FB83DFE2C7AF6FEDCE8240225CADD1D5A2CC7EF8A8FED8ECC2646283FAE488AC214CA1B9336AA73714DF96D603BB4C263EDC29BB5F,,EF3003310BBD82D89C44BB0BEB9D4D3DE898834DAD0E4DB9F2571C56B2CC524DA0B578BCA20BC5E3A1E524AE85D7C9D0D048A046BFD7B68A68EAEFCF056E0977,,E64DE5ACE86DEF96C70B077A3C87CAF11A4A01668BB5A1A2C375FE292E4BF5B68D6FFDBFEAC3FE86088BBCD5D5D1E3D69ABAB6897879A484B82AEF3AE9A0C6DA,,EA421859F2222AD6432EF94CBA66A8F466DAAC7910E6D8A49BAE1D47AE74D49D7A49A4D1C3F9FEF540CF63445C7BDA2F8A6638325D1CB91A7F17ED06EED98FC2,,B7822E9E6BA0250AE33FB3AB98E5BD7ED241D100057100498412CE86A357D5AEE19A1AB4578912A120273E5275E42B9A3A9CA285BCAE7C1FDD7E6B36A963965F,,
1,Linkja Project,DE3626AB7E3004006743F3EA09E28708D914FB5B035B10388480AF4E51F5FAD065CC0E0F0045953C4573BEB3FDE6ED906FD9327AFA4AA911429B81E5CA7D61A4,,DFFA4E63EEA89E59636342460753A625992FA047C9326B191C82640D7FB4569EEAFBD713A871252074587D2F105CE629479A66A8A4BAB0EDA0D9630BBD773EA8,,80B407AA379E4596A34466F26FCBE3320D97832D69A9028F8748238A561EE50C451E531328BBF5864203E87512D491EB073D9F22195C49C5709DDC77222E6D2C,,03439664E0B36EDAF99A6D92D93BFFF70175F847A67C06241B37E9606459F81FE9CE0337A3E43E027EC0F4A875209334528097173CC3C5EA0A4A660299BBB97A,,53291A42C3E2F37D8B1CC682B4FA8176666A17DF616F98A51F645205FD553D9A3482AA39AB53CBF7DC99F011A8F3CACD75F0CE7301A7717EF61B0B3DA1EB637A,,
1,Linkja Project,2F2EEA2C2C397BB7A17C70679F1A7E17A65F3B2C98174086A3749E27CFB0145D8F181BC6C1A99CB0EC24A33D72DA1CFD4DE80740367FAD4103384954441E7E38,,80236142E3A796269F0F160727C711BC5C91BB9772D92D6B43C7C0DC590317E80F108E3A2D6A343B93F9014EC8E47997EF3A4CB00742C90E687D0F58C62E4FBF,,1A230ED0054A566A3463853DF9D9FD2626C74FBB217AC7FA0EC471236FD788B5E753CC261DDF43F7E4AF918E7DE4944B3511024E7F5575398644AEC3FA3D47DA,,FAA324B6E1671B8D587167B733B7B9D9F0AAEB04AE31768DDDBF411A31141FB3DAA8302C5C043DD6B9975E56743EE04763C69EC590CE873ABA89CDB4AE5D93A6,,E133107F45DEA0C2CCC46BD68038E58AAD9A71FA728AE6AECCF67A6A0480689375E47E396A4CD80565E30251D07EDDBC7E16F61137F377B5E56A87A7650866F4,,
1,Linkja Project,B26D434212527F91DACDC33A828004A5530EBC7AB94A3CF63301207B9B23E2032256DE3524095FFEE10F01D75D505BD4ABFCC6D656767F1881CBA728845C6201,,19936C934D22F80AB70326725CC6B79F10448717F5EA7DC9F87A60AFF537AC27A0314F87EEE4727C296D67189A8ED2799971619D1EFCD0A9BDD266E271392014,,FA7423793F7495B63809DA5F262C64076DD7FFA3522863C1DBD97D2E996D61169EBB166F4455049A59D97BE41AA940A4B8524C26C99F508585D9487622EDE711,,5E21E68EB11DBD645FE1A9195CC6F11E8E3903F664842D132A6D1195E5B01CD6DFE063F1D2E4051D25C21C94C42111561BBABA7C569EC142BFD92DC2E3FFC187,,8DC9E009C7C013D68BDFF03F23CA2B2E53DC1AC2DCF5019907EF72B7168A3DF354500BB0E653A8281B1B25EA058DF3020B4A6654A7CC19FB39976643D6209B0E,,
1,Linkja Project,F0F89352A38BC1CD4C4462EE97F5E09ECF4B99560E7E1FDA2BFFDE152D7F21866B6585D5EAF03A92A5195C89BFD404A691F4CF2A63E0F94F492FC21AF97524A6,F72224BC9AFC5E6774BCE8BD64602764CA8CFDA2D6C70C286F94F49E087DBCC3A1E4A8732342D9DE9EB05A4F9867420E3EF709708734757692CF303CC30B2903,C2675F32F59B1F5B9E53CEDF2B520BF9784EA2D3B1FB6164D151BF1BEB5165F9AFDE92FE4D5FC12A991600A7D8DAAC886DB31A01AE20F93648A41221F475ED9F,3A5514F3E7120F2B903250D73205976E66EC717F5C4B006B736C39C16E2DF68D3FFF0D0392A004FB022896B570D09A6F152A2F77F2853E907FE185D737BC2164,9A0CF6A94A31450816F8938C7BB09E0A9F578862FDA88D0396D9C2916A0B63B355C5C1600D38ADBF53101E9D561FE3D44903985B83635FFC46542B148460994C,CC4EAD04F9EFCCB2EF5FA84D55CEF4C29A063B9CFE395217F023CB01BB399399260BC445DE32F8939EE04673D744CCD981040FA7FCA94D1578FFFB4779FE6409,D53D5A6909C9EE809548BDEB228B78403DFEDF34E590ADF64878FD50F29BB8656148C9951DD803170433A406F28C2E704D9C272710CEE9B00DBD52B855252E2C,C96C8633250B82ACC8AF8E36153E0B7ED3D13821C4F6281C6F88A1B8423F13FC8B159ECFF4AC9D1B2A373E8315A6E949A2D3A2B3D01BE0C7101BA41C0932B67B,5D3119BB3F77770141DCC7CAA6DBBC52D46B10CB2C624AC1138424F60C1C7B108942270596591C12581E3A77C87974F1E9AA60A58A661D49F9EA1FE1E591BEA9,BE378A422CFA0C9543CB51A72F4FB1B0AABFB2DA533A5ED283005D7F65BD90A2E63E908E95C1CDE897D38E085007C585A743919680CAEA5EEDCF65EC0F711EFB,B201783953570CE97761261CCAB65D56245CE07748BD28EB627B33DA7AD0F333A0B08DBA281E5A4C3D527FA2BBFC4D8D71C653FF534C114B28AF6845147B5DA2
1,Linkja Project,C116E85BBC9D2111DE62125E427170BB56E40DC6A422FB4E268EB2F4319D07D3B5062D55B747F03F1CA552802C86B3709206A3E01F0F0DE9C1B7528E68E3BD54,,DD505D60437EB044A5AD5680A5B06D266AF4578E782D565E38D204984E0D662B96701C32FADF28581395527B31615109BE719E2090A1FBD2D0401048E24592FB,,90D71F0FE7681BD258750A361474721B5A6EBCE4AFAB1793750EF24766DBEC748CA2845B6CD8F4A6C8809CCD1CFDCB6B3D9E7764340FD9309B3883A1E339AF1A,,A3CC5D5B251139CD2C981CDF4980A4DB256DD2427BBAF0E9F042962B61D8D70836490C95732281CC1BA795165F7390C9095AA8B0D9C27E76932DF2297CDE1358,,FCB570F43B0076E160834ED2548779F834EE2DC832A69A0353E427B055BD054FBD1D183CB215EBB7C82B9ACC37B37273FC7CCFFB2E7EA378291420084FCC345B,,
1,Linkja Project,7F721BA0613CC80BB5FDD1472D4A4BDF9F3EC8FECB82B61FAF092689C8D218204C3D881D70718FEDFB353CE82BCA2B6D15565BC71D177CBE0BBD7F1A30712A38,,E672B43934874B5C7FCB181DC8AAC2DCC16E59958200C3D2DA72A325535B7C42DDF0F7C912316542B8339F61C08E797BFB0057430B7A9495A170339F295F8AE1,,48DB211CC0F7380190D25A844943CAA7C50E4AC1703A9D6E780D0EA91071B179089208D108AC8826A0D6A05C1CB9E27C028E787A0D7D085DAF19DAE290402B2D,,2FB2D60C31C5B1A8D9F7BDD86676AD68563D38E57488D96820FC3A86378C529781516413DAE9469F647067657CE04774E383397C017D5E751419282FBA2DEADD,,E60023B3B1ACB154F216A02C2B4C2286CB03603A91592C20B242B50ED5FA0E64968FF5167A3A4272FB6734BB93E52E6D55CCF3AF8A01FCDCD057FF20B68E4E9D,,
1,Linkja Project,1AF04FB574D2DE382025CB9534B826AE2560B25989D3FD99D52FE1FCB8F15E1B383867D7EFABEACF37CFED1704D9D854AAB24A8230D26737A169EBBF069A1E5D,,77A1B91943C84DAE2FA9A4C98FA08B68B83F0DFC8DEC7C9838023EB4F754548E9AFA811487DF83342D29429EB72D64192FF6C4D850C3CB7235176F821E2C9AFA,,66103E05D73969141B77FBC8F9D5ACA9BC4899BE5EB05C169F9C97DE49D7870B61F3220A435D4599F5804E0B6D667FFE5155B3691A09181B7C82D3D9B7AEC97B,,EC7D0ACBE733CEDB06B3FF9E37DDC899ABEFDA47172880DF08F352EFF34DA384B12F97909BAF23823C7F9D70A1F3DAD364FBB666C049482247B0D975E8100136,,6540BD59E99A1AA8CF2CD385FF56C8906121A4FD24BAD894BD40BA40349C3C28A81130973595DB4C5938001E179910BEC70F91F4BC95494A5C3DBE9F70703A51,,
1,Linkja Project,C227EEF81A44EBB6535D2013D1E64EF57A8ACF50F55CA7FD043A2AC7DAB00766195E05C240DAB65FF9B761172821CF7D40C751B9B546766D33516F2272404C1A,,079B7A164373557AFCA47A9B388B40E5E1C7D164BF099FDE8FCE34989236EC72CDCCCF266C2CBAF652C3CB9002DE4E32987E2DEBED6EED4372FF1DE8CF4F1340,,FF1351DF9CF198CB31E0BFD6829697D439B7DD935116C715DD186F24D5ADC60ADC63787A17D8D983708CF8041E809D64EC40BB8DE7DC68AB34963A3F2AF90C1F,,7C1EAFB3D48E1407BDD96F1CBDAEE59B76DCDB5682342815F51D24B8B696DE27B49DA55B0EF2451256EF5EE33C00372FF9DC3DF75C4B3F0D0D9E315296C7EBB2,,AF9A02F7A6067F8D71BEEC568985A9210ADC164EC59A8F673290D2BD61E7012225474806F28EC8693D849AEBE7F1CE6BE6AE0D8E95FB86477CA41A9F38D2D280,,
1,Linkja Project,AE13BAEF55296D4DA77982064AA6E9C3EC0E07C52DC34DC24798C0ED0140C4B267AFBB07B68A152831C920627600753F1425FE9759E3747B64B33CAF3A0A6DB2,,AC0B16784E849F5CFD0C0366E095A243ADBFC65AA66EB8DF0E03C8347E74C982CC6A34CB563452B4ADB4F384F12373F66A5CFD15ACE9B656F6397073C6653433,,F7C06D67A2C318C62CC713A4FB0523F25F117C915851FE9BF69001AD63D97DA2030AA1409CF9385E84946ECD8308E6F546E0539B190E115B1B8081D9E67071B8,,53EA837A16F5C7C7A9C32D74A990A273E59031BDBA72096D971C4A82E74F517A002ACFE9CE4E0786AF576E24B81084C3ACB0912A5F52EE3537D73D895A17DFD5,,88F2F8BE5280BAB6914F96F9D94ACB230A540ED2F25F8F56A1CA085632977A2E203387361751E74F958B444A0ACB7AC5579948000FEA5E3901F786B8878909E9,,
1,Linkja Project,71C750EB154E7B34005989993E83F6FC3E02571C6D4092215EEA0132990D94410C64F8C5BE0B2A1B11928E29251A5C9CA2825748242FC8268D923B2A80A46B8A,,736794895CA0D98B7B6DE36BB5F80B2FF42089F4AC17AF170FD80E095E74F46E75F7F3A76A858D94B43F5FC780517598435BEE9AA3F46F7AE1C8CC5BEF7B6E1C,,A8A088130C00BE25A779C2BE7CEAF95711A1614C0F9DC221560A27BC99409020B871DC60585F1AC2C15BB2486E6AC4C3A97D059183A81EBECB6FF89878BACA46,,30AC9D5A8CC26185E45C0D0A5BEF01A70EC54C64B9E2BB79E4C0B120F873F307A8545312C27B9A72183F2BB41A041DD8DACD580A106BA2B0C8791CF6AC9E9FB1,,6B2277FB79C00CBAA2266F3436C6BE5F6B4E0B76FF43906B991E181E61DCF3063C9ECEA84DF6F6C64DC7B269866920A4FA215E4458FA201E3C34304992D83DFC,,
1,Linkja Project,D69176B4088CA60198AA3C738CE6840AC826282A78C6CFC96C4C9E550747CBCBBA21AC3E5599BA0496592C6B7CA6EADFFC38CF44146BC878ED56A632444D929A,6BA07F947CE110C6C496943D979B98523F7C1A5D88C402717182074F00F9B7ECF2B1F0C2F66F05D8A59FBAF3593B48BC4D08FB42FAEA91024A924FEFCA1C9D1C,0548BE679B7B7A23E5D395BDF735D7B68117C94B1D9211E91989011CB62A014FCC17489EE4A81476915005CDC68681D14B4F4417953B5C2BDD1EF57DA60F6D8D,6BD9EDFA72D0A6FC5248153A84476881AD423F8E2B0B9D221FC6858B935EA9096FDCACFD2F72266B406B9E8188B430B3244738DC671F45FD81C6F225DCEF1F05,0C1B29F82F1B1C50C4FF632BE12AB208D9D87492408CE47CCD936AC1CB3AC917A6BFA94C2580BE3533C10B4DA41003D5BF5F13F583FDF9EB2E6DD78009D6B915,F11262F9C464898B3B7D39E953864F55EB4BB003A972D8C1FC225B46C7B0199F2063340C25D9CA6BEFF02574311F062787B4E05D2C8637889EF15006F96212C9,B6A6CA25DF3A3F21078B60BBCB93E88CC30166DD24F06020C5EDE2020594FB4FBC32A2DF546159284AE595000B919C918F574AFF85ACD5022D10848CE07E2693,E681E7111B573B05D1F249A5FDB3C22C6553B8E44B616637D226AD7CBC5A7723242E7DD3635143268C231398E7CCAB88A1E5022CECA3C8B9D9A57DA1534B3134,733310EE74C5BCA0D1C01AD22006B972C94A962440E128A425B4B036A7FB1B6077ED64D402AA8FCE92FFDB8CE4991B942CC08F16BD68FA685C32824F01924C02,B72A85645B8EDF1E6DCB42A458ADFC17CAAA485219DEA1BCDD1FD8BF5B302DAD1F9EB8CD001FEAED3D1FDA840F605FC2712FFE1F441FA4461ED3319B5E2C2B9E,F40986FEA8492FAA9C94EC4774E86CA5376253AB5B15239F0EA3FD5F34CAF36A9E99684C89FD9A5BC23A55425EFAD1083D1EE57A7A2BE6FD89E54743847E6656
1,Linkja Project,592EF974AA8FCADFD2A02CCCA37A8B35E0C6DDF346E2645722056CBFA1D9405EFF6B81F1DD983EFF25E7169D116DCE0A78CD0162D2C412599395A7628E4160D2,,383F0FAEF16AFD76E47D057EACB0057EC5C6A25F9B746EB8EC5117D8FC9A4DEF03DAC67C9A7CD9C557797DF4F9C0D55EA0FFC869AEE3C2BFD9F1583A771EBA70,,D585E65C6838AFB44686C38034198FDDAD427A2BCD55ADD4BEDF60D4D6F501C77FDAF69A666F2007B946801EB0C7528240B6CBBE5FF9EC0C807060159CC8C8B8,,62B965A20265EF6A0CB03828709D23FD41A52AF625AEEA07857934365B13F385880F72CCF787A23AD66E22043BA6B7994A3756F0F964886A0044A4E49F5D0EB9,,C4212CE00BFADE7CED6A75104BE522348FEB5EBC6F3407043BED44203299B70D265622D77F6493C44754D16BA2EC00CB1799DC87853E16458ACCFAE27C05520D,,
1,Linkja Project,A3C1D9E04A869F8D6DC4448A6872E3B9F815CCCF8F58AE987F759A48A770AD803CBAE46199F02FA8122BDFBB21B89978AE1EB187CA10D7BBE8381839C3C80E7B,,C5FE1F1F1E5241930B419FB2184A45D901A7361517918B238F0F95E6DFB2B5EE284A45518C0F0BF82DB30CB108F036737B437A37A8EE803253EDAE5A648E1ECC,,6761544C511E2F8FD38439F9D30DC10CDE3BEF9CDF2D44A618DD5C0FEA9B57A2392E777D909E1E3BCF16830E2732A064EB4BCD70C267B900C1B0FEB0A141DA9E,,DE6A1E9B07A24BF216F7085A6A8B0DEEFEDFBDD97272CA04A24A480C127066DA21BD1BC6992427A7F5AC9140C3C6C672D5AF12A59220CE8942407F6AB98A83D7,,D2CA440E14FCE026C8ADA660B7033C6C06A80414CEF38DEDE5616B2F6992C94D5ADF129987C96D78EEC5471D95D169AD88800C995CC758994E186579F8F6871E,,
1,Linkja Project,BED940DF3090EA789A576C39E14ADBC271E0EF01C8982EC6F8C728E8DCED1FC5A6FEF24F16A109C30506A6F946395324DBAB00A3C72F80009BD5F36CB2B71E0D,,6CEC55756815BDF8A80A9BEB9B05BC9C5F72114375D199E1258A45A651D1A6AE456E10ACD45418BFD81B1898ECE2E4C13C47BB274AB02233C364B03E3ED2034A,,EBCF62B46BEB68F77D577095147A3FB365CBB84B78EF3D6B14D8766C7874F14C0622817ACC628A5A25DC248459DD51B3610961169178BDED49E22CB5574E4FA0,,B0839FB3DDB0698B3030E476322BFAC5184744587DBBDB1EB08918FBDA81077CD69FB4FE9EAD49BDA8F7C54B8EC33618F743DA3EB8CD925C958AFB15ACE10741,,CB3D78C6617314F4452D03473846ADEB94C01E31606CBC4162B5C010FDA06246F993181F66DF61D487DB836DA0F68C81105CAE0DE93F7D88500C7BADAF6A5201,,
1,Linkja Project,E7080E91C8604E092D0441C96AABBDB82737FE8132AD7E878396073839FEB6F7B9EB90428410D7916373C2D647CAFA37723411DE851BF9D19E7BF844CC15627E,,0F68847709E3F8A3D8E45CB61D160FA014624E39AE2782F39A06ED72E79633045E4731C7C5B41C893B670D9AEABA06287BEF5C44CFC96B28D8233747C64CCD85,,A996BD7F6B011F6BF0351E24269BEEA0211C2C61058F140967DBF6DF2662455744C9FC6AF7C43CD51BC9FAA8ECFD826540D8FD1C3C20EBCFCFFC4CA71758151F,,3A4A12908A542E5A05994E67F6336CE8313E6EE2C7D0DA19E93208D40F89DC631C2E317B0430B527007A6B60A05C15F6BA01FCAB9774836CA19EFA73726B699D,,AA7D533D087D79FA42AB6AC1E98BAA396E6F5BCDD249EA801F09A5F2F149EF5EC4929CBB9B38CCEDBA897529BA298EF2034336CACE9799F82633F8744B178592,,
1,Linkja Project,B9506B0CDF05142C655A099CE18D9167CD003E9FA3B595728C28C127D99EA70324BF1EDB7CAA8330B1A5259664D078809760C2217616F71F574B66D8164D3B1C,,259CCFDE0DA04FA882C799197DCA636E84E7050CEDFC114BA53EF2F000154A0F1DCB769EC6773C30792D4D2FD81E5B1093FB107F62E476BFA9379DFF500B06EB,,9DB704C426720F146B956B7114A3529A1371D74E5C0C586C330EA1F4A994B6ED781FD466DF5B5CD719A3DD746E3BA700006631671C7F0A30FAA789BF71F92F56,,1331D5971E1E49F41363E5B3D316103C43734A9222740CDD394342DB7248537A723F7584C3D0AA6D283130FE39734ACE4DAF6B0BCCFBCC994DA995CC279B3A93,,8E9CE564B7CD29D950D038B7F03F05AAD95E0FC757D04F0F7CDE50C1BF6F60A6A90BFBE5D6B010D8FBCF5981884206F7C94076E5AE8ADAAB322C4D7C2D3ACBAB,,
1,Linkja Project,F2E8F04C2E5BB0ACA2C2A836F2F1489A03EC7195FFA6D478E2428BFD957F7B642EDE22055F332D73A4DE843B5B523ADB2AAF4439C65A7C0192BB1556F58C6462,,778F8760F7EB0A0F1E7408BCFCDAE741958BAA4CE1DBA6762045F390621C4ACDDD39826951F928CAA470925E6405015AFBC68FE11A8C2509E5EFB89D0FD35033,,1D50105CAAFB91F0CBF8F00FA146B42699F48515E71624542E1C3891D02AAF07457DA2699A02641010F12066C0D581EF9A3AC8530BEB4D83FBD672B489FB46E5,,CA52616757306EB0CE2AD98B4B2B730A90AE619551AFB1ADCB1C18A9D9A3F3F45349A1D836DDEA3A400F44F473B145C509612559F482842B75D2853D0712A2F9,,EB0C29D9C99D1068DB51D2B2A94C336B578613C1E2E8897BCFC81DFF09E7729D6532F4A19D581DB4C1B8AB2890AAC860D01C288FC50C24F6DCFF4F72B4B04BC1,,
1,Linkja Project,4DCBA4AEF9EAAA95AE48169A199163619499A7FE3DA901D0D6A156B61E0B474C684419DE4284A0DC51287F2657ACD77DBDC194AC3CD632212AD0F484F3BA9098,,A9781B3E991A80548BC4402AFA1C1111CC8028BD10A4C94A5E3A8BA7EBD716FC15FB4BD85D1FA7728CF949C1835963534E0BB0FDEAB7F1AA7AA21EB8B53F5FD4,,C889065250DC4FB52127A14D7DF2AC935E38789CE2C68AE98BBCD39B0F20AA5EEC761D977C23ACF4244C82888B2BE39F8D91A6FDABF2D5B1EE30A1EBE44249B0,,2C9C136C484FC032EDB89B3B6EB9E9E8C7F0563DF611D648085D968D31E86D8B596404D48A81D98A3E371E9509C96E1D4B81167B314E0C1BC5376F474140D37C,,E229C414C24BBCCD34E135DAE70AA939A141CD7C864076B7F159F0B5FB984D3B87FA7A5E4B752257FA216166C8867207B100F84CFB542FB7FFFDCBAE3D675EE9,,
1,Linkja Project,E1F66F8631C2CB0E26A1757EA497EAC440A9176A3725BE85230A5120778188873DA20BC89490692F6A5F4B3726E8E24CD5F7BC77BE66ECFD6D965AC55FC92115,,456AB33EE4B305F0633A030A8C81C234D122E3C73E5CF7C2A4830BBBAE16A0D100B7CFF342E8D5CDC4AFF4EC88FED3372AE7B30FCA9A28CC757B327E140DB4DB,,BA1B73082E9CC5CB1F8472122F428679D89F9729AE74A384E7D9D8F7C777E56842C3261714109B7B0FC7AE5576707EE86E85481EA2335E86550E9830A77F2E03,,E7038EE93BF2F3D2A88DCD2BE96AC8EB26005784B060CFB59919C74E396D43D632318A92AF65007DB56584C27841EA8B0B800FFAEA591E256502B1378F1AE2D4,,91514748798D2ED7A90DF31B31251743BFF123543144B724B7AD46B888C5CA9061CFFA88B6347C53C02D89E3E1F70D4ED1656499700D7660F845E08467DC63D4,,
1,Linkja Project,1BD330F7604D4FFDD8F835B5B564487032EE26418D5A118938D15671D0B82345CF12CE6C5C47767ACA16EAC819784C20787E0C5FF8FC143792DF18EBB7CBB9C3,E2BEE31A9716A04C8D8307D35FA7F047A4041B6F6253945E898AAE16A40AEF8AD0DE20C206CEC8ABEB1344DCBD82C5B7C8CD15FB0D405EDAA1E590056E74E46E,05FBFBEF0E04014A175BDBC2F34E1392C7C18765CBA812674E1F2B2E57C6D0F38B222009237E4B717111EC72F834DA57483D565084F902910463DF74ACFDA856,B295B4E154E71D9F460C445CCA821B073E3E949ABDD6E85ACA76F5AB8DC0183E24D616D04A0C6C714A3A5C7EF4BF86562625A578EB4974727A0E013D173BE567,40676F59C2C8490DCE27C4F9F9869517BF71621C88C7976B7843AE821A8235D71ADC2399F32E6A507C77F4618410626709CC7487FF4B52611C1AFBA2899E2706,FF1373EB3E7B6C7A232B1290A933313A7C3127D7848F43E42127D337BDB1CA33470817E22175DC88D96D9D8D997A1B02003169BD6F5E665CE8914E6307B7D7B4,0C7E7E2FB90E0D3699E60258F1D18B2B78E3853631C38AF087B7C0D711CB8520411B89CD902A6FAB0F19A924458BC2BB0831BF429F1E14F10E14BE61DD2FA5FE,8BDC9E8BEC56720277F1F84F4A04BF32470D7A6741E734CB815A5B87EFB87E2B574D6F607790DC733EFC1D1AB8106642B673D77F3F01D6C8E58BD7CAFEEE1330,9840D07566F897AC08302762CBB7884971DB9ED5AB57B00CFD4E09DF96AD840115557D5D4DFFCC9320F506900BC53B626B043C0C2AE2D2D4260A46A8EECBB747,D4C266CAB5ABA5CF20F4BEAF75EC691E71C7633B23ACB8BB799EB96EE65348467CD2D8A5962BCBE2513453E9212A86A5ED59C8572F8525275F16D4E396DCB4C0,7A61BF835C3269DB7D06CDA32E1DB6DDF45D9EF6837C2E10FCE9B8DE3A9D80F6A6144A84CC086FD8C0FAF756CD20ED4FDA3AC2E911E640B3FD0B3C551C347C64
1,Linkja Project,05FD0C692F2A037CBCA219DCC99A02671404D82BF7B64D23AD70674FDF3040E8074843654C7A573CDDD96713AC1414C137BEE6445B1777A6F5946C34D2B86E74,,2D9293A6ADC9D1C7BD0FF0D92227A6EE1270F682E0B8E492D1E49B4C5FE6BC5C182BA36F0136ED36F0B6E3B757C17B57E33D00838C8B6CB127150AA0C482D898,,B0F17A41A524D19CE5E7F66FD1D865BA3FF244A334FC61B137758ADAFE353BCDAC447F109F5FE5C0E141DB164863220D43198E6CA3B482F1FFB724FCAF296BC0,,57C8B2F351C29F685A0B8AC59EAEA5D4AF536131289E6C9A5949CD96F5A10FA4084F3FD099827298B05D5F2229A7E22D80DD521581DF7639D26934A56AF43E80,,5A0408FB8A311C1883B9094D4335BEA2CC9B71D970227246A8CA8D2014E740F2A93FECAAC81C4E10D66B0445771F9158944DC7D830F1558FBA5ADF199BF2D63A,,
1,Linkja Project,E64F5EE414D4AE78BB5665D687325F3EDBFE4481161910F9DC794B72072AE439E52CD77F839F4F9813C895F6F3D2D072AFD189F244FA3D96169483A3BEE360E4,,4BECD60E16F52BBCF74F59C794F80CCCE6C52C22979D15DE920A4C31393D3C47E3A8F3A989D649D816C5962CFB7C258995548746E6CB5351775AF7D2208F529C,,8A8428D79032DEB3C3EEAEC9BFB5D1053DAEA58B2DA6BB2681F8A582AA17D27CF2701E4AFC7A7A00F1DF757A792B507D87357D71F0A09F8DFE11DC08E6ECA31C,,20E2EE3C07CAAD9207C3C08BD2B737BDCD9C52AAB6D43CCFB3F3D9CA70004AC1748254F4CD3E279B3AE90138A95C3B3F3B111DDF76892916200784DE72CE58F1,,D9954352540EF017C579A4298F8E4804A434D814E9E2BFA799BBE96AEF934A31AC88D77446183D2D4EDEEDE8B207720AD125F16963B7A098B20E3A3838C1DD2A,,
1,Linkja Project,E21F5022FE927CC7C948369ED00ED9C14F5CC085FB3E1F3254EC1452BE4639A3AA80DACCC161A9C249231A321B033701F6A7D06C89673BB0E646F4BA49E3A57D,3E026503549840EBD4CED7CA2CE2285AF80D7CCEB1C6ABB432BD1689253FF685DB1456DEA7EAD8E8C3BD4394C73FBDD2C211851217AF676797DCECA3A34D509C,3013C02FD75E97892BBBC3A53EB665C05C46BA065B01DFBDD276227FEED510C1487BC87811B8263B06DA06DC8C4F02175576514C2DE5EF7B89005E37EABAB543,8DCCAD743503D7D6D7D3D0CA27BBFEE9F136DAF05EAD3D8480B9C45642CC3D67869150F2F18E53C45BD04553E284C5724C2685B0FC097BFD8DB8D920C3381FDC,7757B16E40B6DA16D70A45B41FCB420AB3FD57B5C5D2B9BEF616FCD57F21D19FBCA4CE15C9E5775C30D179E301C6599128785AB6E4BA6875042A2F00FCBF82EE,92DFC3A920C4C8B6C4525D5D8B74EE4BCD7CB17D9E45A1576B2F8D9820746BA1FF6E4B6748B703873C6CA75CFA5FB6C40D6FC90A7996CB94AC114C4D303253F6,0A2A7ABAEF4F24F25C7DAD6D88D3D29F14DD24B4EB2D43597F6B3BCFF8F88027E7C3F4927825363F239812F843CF5FCB1DCF622597B355C542E0C4A5B5EEDBBE,012C9853EDA0D6A8E767C14AB7BD58CCB35AF23439274938E77A7B94053C900E01B237027D9327EFC05A5DCEB9E6287AAC3574316C4BE9015F871214B8D67997,30BEE098819F4F0C1FCD1FE9EEF633FCAA3A97EA2DB071A29AA8AFB3A3F49C79AEA5E0C548CADF91AC01C211DFB9CECD6F2C705424A25AC815D32FE4821FE716,94C4436E245460770A187DFE030C8714C6076BC7025D4E03C9A6A2B197E86631FF3A538FF55014740C5E7EC3E0CD40C4C46C360D6EF90C3A4CF410B2CB5BBFF8,37A08E4B634A46D709EE6F4C7234875BC6BD7C538D0DA415D2032EA811314302717C68517772BA137107EDCD7A5725A278139FBB9D12C1541481267C1C311E52
1,Linkja Project,CEDA0802B9DB0D65C3E23B2F3B17036CE69E82998814797F877381A656713DDF75C16E067E351FCBED48D08D6ABCBE9AEADD002505E2E43D6E66FEF3B76363E0,,02052DD53255E39F48051531571AAAED71D47C622429017BC92266E3744C6F69AE175C7E642A551C94DA181CE47562D871B1B21B064DA79A9E95E7966D8AF08B,,7B26CDB1C1BBDCBC14F5ED9EB21C87EE17F3374DAC06CD5887B5513060156BCCC6D3758FCAD59BC420BBB3B3242F9BFECA09F9E4CCE5941C151457C70ECF7584,,FA10D97A9FC3763D99137EE86E8602F85D36EFF83AAD5F437B6BD85FBF5BEE1C7302AE459CFC2984A3371EBC14688973293635D69C56B29E2C1604C65439EA71,,2A0FFD791BFCDDFCD36BE83F730F7F15FB43B0361385608C5A33545B1C64CA5E40AF91ECE5E19B5F2D574069AC099547931E88CCFE8FCDE1B7E50887355D6378,,
1,Linkja Project,8982ACD6669572E7919A9AA46DB35DB8C33250C5F83DB494D0DD8D0C3F9EE0572BF3015628730BDE49559B26094DF976521934A0FD20EA25D9ACDD53BBD0E915,,9F7F463344C341077B61DA7E2539F7D623E5D0EEBFC3EA06E422A8E0FB28A5FDAD062A7C9457818882BEE430484BB3D4AAAFDBC60A678C11D2BF06CF03115EFF,,E3FD4C4F174C297742EC445E1AFE7C1F836C514598F2D932CA3B35FCC24C8629FDEC31117260AB1EF460F7B18725323E04933EE334CBD84ED98A6BAF8FEA4BF9,,45DA7710D7785B22CBC3220FE31BB91287CC1901B02217BEF798FCA219F2207ABC084DC13F68691D7E6681AA41F7BDD1D3EF9387BF4B3F947127488CF124C936,,997452B30E9F6F315EF082585519B40332042E2BCB5980D932431400C43AB606046F8DABA795F043DE41AE6B932102A27CD4441D606334182FA001ED76BA4447,,
1,Linkja Project,992C54EBEAA7E311519957FF0F02714C6D3576663746EACA22F5DA7E7A60C1D00AF82CEBC5597F19DF2A47BE6F15630219D75408964AE22EE72B840623ACBAC3,,9860540AD3BF41725181B9A59CFB77AFB5EA6A6A60AE27135FEF8F4CE65157D1AB8A824FF9696642C73DC9FA32728E1FB042A2B1E93261CEF34590ABFF571C41,,12488D6623DB4F616F215D70B521A50B68966D8E076B544D6E95FDDDD7D51DE1787360CC8FCE818159E49A5D69F09659638D1FBD85E644B10987FF0EF35AA0D3,,8B31DCC0C0AF62623E830F290A921D144441BCE5F4B1702C2FAD42FD9D89A927A9955DE36A589BAAA7C573B1E690FD3D21CC97A45796D0B734A3C304B0F2E8E5,,E0A1651E3F4650B5F94D211F49F9942563E7CFF99CD3FEA22211D02F5D81BA14CAC863F624AD43C4E97B1BA5695F2D55C2F36DC1C82DDA76E4BF79602697BD0A,,
1,Linkja Project,D569916D34F0C2880B8EBAA0155CDFBB28E0DC58E586E223C75D82B265695D9460DA8B113FE02DC91580A28A523583EFDFAC10A9E90289C428C92088C3CE10A1,20A2CE71C1335263000BFC4FE894878E98FDDBAD3D32D3D873E29E4B035C4C2D9E016EB580BA4483072F20E31B639EEA19C83D13D5BD3AD4885398B5A51B07D1,D099B3CEF814BCC318FA18FE8412573A5A0ABBA344F21394010198084DB1E0FE230E73AA6ACA58AE2C714AE07E5952BEBD3200A26FA0FF945170653BB50E6706,F79EEB4DA31339699F43AF7B09B13611E74C18D4A182355AAC87E565F47F3010DB8EFA3E56CC04CD583837B688D9F5D40449287D5FD7E674AD2E9375F58D4057,8C21D881DAABCEDF438253EA497E1312F0903A19B5895300BB77D87C588BFE47BE573FD365B80D430FC62B1916A126EC56CB264CA507AB3A26F00419106D62F9,014143AE67950BEF9C0AA1FAD77730C68663B774644F4ECA16EC34A0346869061BE2505F8341A0236A5E66818A022F4D66368CB139800B9D148BF195BACB0902,FCDD73EC6CBA6B7715EFB1D98026C6F4D54AAFDA86DD1DDF7F8D8B3B3891F0D16F5948654025206A5F15FC181501AF6541808D3B7C9E55AEC9AF55D36C411AF2,947AEC4B46E70156732572D4136DB51B2FFAD026FFF71A53C5483E3BBA1C7EF5F6F4E78CE1728C44D5567A86A14EDCFCAA966B2C50D46DC0C665DC9935460C8F,D9B80BCD4AC522CDF059C54DDA4F56CCB83C07063A873E6105DEB1E2088932A4B6895AC13BD8184BBC712159D52455EB695580C9DFFB00E9F0B569B13AB63A3D,FAAF251FC58071B9C8A57DAF3B56F8B44E5675C2B806B79D2E12375346092D3B9ED4B05795BBB0BE01477699B877183CD5DDC53561F8E9BA89304B0BEB21788F,EC18B3FFEC9ED9C9CA9BB6B98CF10CAA547EA7E7AA066340F0CB570F4EA922BB29139884F119A80383491CC034F1FD887AA1CC56CA77967BDA7DE71A69729548
1,Linkja Project,58CAF2EFD9546F7AB6CE10883ADCC5B03DC8E99DB4249C76996149E5F2081D40DB5DAD9112384D291158EF5C7BBEE8CC83DB9C94193028A43A6CCE341A627583,,707A7E0832EFC9E068B866CD92C2B0D4BFFF73FFFAE0974E1C6E86A1DF961E040B87029C8001F4D499BBA2FD43974ED133B1BE1CBC7A100E79C71902D1225ECF,,11D4705D1EC2805C9A5C6D07ED972430D4F20B428F45B80B121C01EA9737D9BBA7398B46F4BA26C44E2B3CCB7D534294F731AC7CB215DE629DD6E144B6E263A8,,4323CB5EC328AD47774F850CBD4062B7F761503D2472BC6B0B2873D59AAE44743629BFD17A2C515223BE2D9D06548152AD15091DA74CEA33C8480DB5D77D5FEF,,9D07EC0CDF581F1DEBAB8BA614C4C8190CA17B39656ABF1D1527DF7EC8588C0D1614937D1B06FDEAD10425040B2BDB542F631F799CFF74ED2E0EE11AA40D8867,,
1,Linkja Project,3076CA11626D4F7752D72E27D1167E9DB74BEB5C39672326555B9D84D1F2FD1F2CF793336A11C0E29B88F291817ED0A4A3F822C62461CD0CCE6A9F140836D2BB,,A983CB89F638B04E6FB49074C7C7598D33D17AE3F52BEC9C23CB689A26C0C596D2EB27CD3B13BE49ED8A50658711D4E3A872E4DED935C5A9065FBA9BA5F14D70,,34D8D20D31053CFD8EF711E838BF4578B9CDF19A9D3196064064287A922520600193DAA5E4002D06BA0056D031166BCBE260C95B3BBC724B473261385843FB11,,442AF7A31D60186F2B9A618D3D695E38FBDB707C1D16DDE58765F05012F01A2A3453E96B4922F96A32A75F4D7557C486A2312667693C74DF4CFBE428DB1D3AC9,,F0F6AAB239BECBFB6CF02A8BC2213DE5A9953B411D340F8EF2CB538FC1E942B1611D23B1BE24E3AE87D82EBA39B3102F83A352991C6AD7564F10AB49E93B952C,,
1,Linkja Project,DE107577836239011B03BE069E7AAD30B2A347722848932C0556C70386BE052F3F0F36C70F1A00B4FE3D96B09A2D801B017912090E74F41A524E78C02A0501D5,5CBEB085AB0FED801D4C298EAAEE6713407F72E018B7669FF5DA49C13AC7C4AA59C10DCB822A0AF7F244766AD483908AD6017B9B988029D4892A324CA0703927,3A6EE94B3E14482209316C2FF1AC9E97234D1066E5382C8FCEB7FA5093E56A6629092A64917C19E747999331E00322A7E1F3408FC61C4CEAFA624ABEE8E6917B,10E990F6A186DFCDD2AA1AE816FE5C8AB3CDC65C6F6ABF883C47E58D105FD379D79AC8B66962E813AB9F66E5A87A969D7AA3E26F50F717E17967EB6CA5B975F8,371CE563BF3E62FC946CE9812BE55085F7565A811C9F9DEE0168A523043EF73DFE227219B5335715743B8A88EB0EFF35366EEE945605DD5B503A83D96F2CDE56,B2FDCE3560C94DBE48FE33A648A1A1A4FCBD43C3EEB6D9227DABD6D8023207C820BB7FAA91FB221C223B1D3E5335C35F16C42D57214F2A027436A9A8849EAE6C,6FBAF1F71216D7C6049FE987098A6515708381323CB73E1694C46C5DBBEB46B11388FE12BA996DEAD9E4B11351C0997630816697CAF07E5EDB4A2383550E567D,41CA73F907549B47488E85B7212FB90F69ECE92E41D978E4AA552D755252763E56D56CB23F5CB2EADFFA5A09CE82B4EB54EAB31671FF624D673B35694CEBE7C4,7AC38CEC28B0F8A4B9FA372AC78A0D09F2B910F4E78FD8046F02987FCB01C137D9A3AA4FFF91B814D675484D13A7B31FE5777BC5DA76AC3EA96F8964C020EB57,DE0E03B66AD79A18CF771EA90D8290BB9BD463D8500BAA0AAC90EE08E2ECE412CC3051AEF9F22C7227EBF49AF43A656ADA20AB7578296CDC1AC0A6C4AB9870E8,C26D4705AFFD429065A2507BCD4C14A54C0D0475E40BF6BE93DBA5B011221A558EFF0C26F3EA0D6BC44059054E746533F404981B2F48CEADE6AE008109F62672
1,Linkja Project,978A5A9F3343910CB92D616F989681FB91B35357366FF6D69ED428FECB6C2D8CC51B5115BF6FD5C977DFC5A2AF0C9EE7749854630D0C74DD5F12FD6999EB8C26,1C419E4B13E79E7E9785E4DAD64D29B6A2A13634DD883CC20C988956F89E4684BAF4B7BFD3C90E1573C9A1FD035324C83A3F02C1317E1572C67D818B45E2D6AE,9EBCD7798BB2A619F6AE8B3CC9127B25A6CFEC0F22455F9C6E3A3D2AEE5E5115332ACA428A7724D1340FD81BAE8CD9113452B59545087B5B0BDF589C6FA05F1E,3AA43FA959B0B7C7277E5AB39ECC11B168E6894C934F9050C4F6B8D38C0987EFC57B8B804EFDF60EB8CF981EDFA511C1339FCF41D90A083E8B2A6F10507F7453,181A056262CF3465EEF75EAE6397F8797FB8074C541AD1F60F2A5CA2026B24E89DD1D43C88537B7B8E54EFF54A6B7DDFE4703E7DE4B62A2B81C3E8003F129712,49009834B8688604320AEA33820DE7CBBACC45AAE9EA64BA3DC8F649380B11BC31C6DEEC79C38738036D7D95223A80DFA678BA57B4D84D7AE59B8660B69E06DE,64C3C9148DC970F217D83CB05A9F5CCFE6BCBC2717AA7BC8D46618535CCEBBFB6B97E8A637E7AE88B7A783A337596F02699AD3D39684C79D946B4CE1F2F5220C,FC54647D8B14613D611EE009F329C232B2F3986836B9430C97C03D46692D1F0ADB6411F47F8B665F5D883B0ADB007EBD91A596123BCFD514628C1E6B17D992A8,EA842582953C7C6C6E26A2B524C944BA91A9A26D2F67193D16DB333D881104C61184A98E1EF554FD5DD867227A8F4D79A9C92791C1B0C28D2B9383DB3FBCAB92,98E45F03154790D3FD8DFBB0D43949A9630B62AC5555F3A0272D164DFAE0E955547A1408E82B75E5B3CD849FEC6FACB1227C5772DDCE568E02C061D180995712,F91ED0F1D984890A38C2B6F8FC920FFD05A9E9D837FBB70A813E7D08DEF39255F2D6213B445B6AB65225B197185AB841A35372DA2BDFAA70D9DC0A9327CA432C
1,Linkja Project,ACB16409CA80A2803F4C25F8580A06DC5EAE7B4D23EA02620158421AB2248E3F5B2C24D5B884EA3EB4BF0CBFA7C44B1F45A12E11BF222AECE24065640C4EE3AA,,CA3D826AAC65CB37570BC905AB1E3EBDA952778300E32A0AE5A0C63E99AA86DCB653EFBEA325E92CD5A0DBD9AAAACB3E70A0077CB63D0D6D1C223E3CCD60DA44,,FD5B3FC978DBA1AE828EEA4B01BC1D3DCF8A03670670B8C548D5C20164873642EBB4D72A2742169929176C7B8DF88342565513A4290123FC1003173083717676,,8A40CAA59C16EBDEB32AF6B05A41DB0F774DC84EDE4FBD83CBCCAC52A52F6CF3CFC0481E42E80E2BEB06127308F78939CE889218AD1F1EEC53455D5CFE6CCA37,,F73DCCA4AB14FBF4B6489B3BB72D206F80B34AC0922125029FC352639651A4E5CF7D70101318358A1CB3E5ECE8D353B999DDDFE3E82FDF38BC95DDD55183FE39,,
1,Linkja Project,085B149F03E53E4A825E78A8BABE1F7F7FD0704A4D25D26304F4EB81373F19858D1F8BB5A7600A07A23964CCBB1B160B461EBA69D774F4E6AEC5CE47A4EEA8CA,,6088DCF7193BD9F41686FBA71FEB76645DE692C15F2984348DB522F095570F7531C94C13AECF0DE9A154AFB5F27CBAB873EEC96759DCB42EBD789E69F0EA2457,,0038B167012BA43EEA542767EAA8802692C103E649B6041F03EF6F4EED6FF552295B75371E612D5131F63CC7858797CA95FEC2CA695C86953CC7C4695F235148,,F9C0DA2C7A581FCF344AFE9714E221371B4E8F3FD30C2B5B855522200574FD97F9ED4D3AA6705CD4959D3B93F6CF1EB99AD1DC255DE69C6505A2C58F3499C37D,,19D31FD7AE916F4DE6473C72EA43E9A98D95AC1A000841BAE167BAC80BD35CC635647DFAEA2A6551A56669FDE3EDBECD7ED448E3BA14BB5D0D7F8FA14067574B,,
1,Linkja Project,DDC8B071F31A0C800CDAFBAD9D49FDD65F9A6CE1C604B9965B68FFD0D7687C0C6453F95ACA5BDAC823DE4C6D4A6A50EDF10FAFFB3CEEA68BC2A0667C08D86E12,,72DA9948777E0E5A10131E2ED9345E4EBDFCE9C0A6D1FBC1F25209AB587DBBC1C13C6FF2A2C3BFDA1C0A6407E0B84019B3CA9219509CF81800A41DBA0472BB62,,4C74E169CA1BBD7EEF6121D60ED86C2DC7AF318AD1AD3FBB9B3556C150B311529060199EB411DCD49384CF3AE47CDA2B7E48B96CC41C9CF9DE67DB4A953F46FF,,23771DCDA99A6FDD44FBF2096AAD9497080E06B472DE935D2E5799170C9A047FF3DEFB3E5078E3ECB596AE590F046E318F39894AD09717CD753AE367CB4FDC56,,2B26979587247D721F360383E6ECCD5DF5A8C8AEB80AA1C3265F771372EAF6714415D6E9468C3EE709CC16FA5E33063587E5DC8F30227019C4D4BA543CE94E07,,
1,Linkja Project,5B757FA24A77E168A62EAFFB6F2EC418696CD18A851388E75F219634B3694841FBEBF62BE00CF52175E0779AE3F5371FD349F09002BE7429BF54BBC7096314B4,,5636CCD9EC95F33F10848ACE12404B15D36AFE28BAA9D398BAD2048327DEF96DA496F0BCB8B9DDE0B5EA8813993DB7E9838656C660F885F9073244BBA8525BAD,,BC41BAD523BC304527A8C6384958B004544BB9D7B518AE74CAF556AF49A2CC30BD2F6B48383100F0DD14379A9AAA20009F4EC40D756BCAA31B00840D795B3E4A,,2B64F27C67F383B107D46A6E00F2B3CC42A83016F51565992055F09A836BCCB42D5BF488968DD828BE895FBB6FE26D2D4152620E66376D5A239BA3145CBE5768,,8F4B75162DB4A03A4D97C4BC1D15D0640299E9E51D0168C3C4608532F2D7D37BE39DA072DBE702A5FE2DE7841203FFD4E5F22A4263CE29E43EEA1A5BDAD34E5B,,
1,Linkja Project,53A271CF341938FF4DE748AE9D6B975BF58B718DE8EF099AF3DE9D380DF2F4EFBF4D1AE01173BAA312F9D124444F8949676B6C0C22CE40D9CE5C5C32C4F5A060,,84B592E67D0ECDF669ED836F228C4EA409AAA795D7721D216C18FE98954B10967304242BE4DE6D5D5731B689E7DA7DCBC89819683066526DD3E2BE2C1DC40094,,129620616F465474F42966A5B8F65F5AC9F4D8A48C200B9E5A63AA2FB1F2632AAFFA8FA088D5D39AD4DBE07FCA48E6284A429392F378A33390D709C1A4D9D91C,,3A0A66D876534F2C521333C813180775590C45860144E311EBD85F29A5AC8C2B1765DC6E651C04E2CEE9E82A466813AA2F6BEA6D2BB86BFA94D75ADE6E5E5B1C,,7417D14240947A07A45DBDFC424DF703996000D612BB219801E7E2939E6E98FC620016692A8B7CDF0919CF3B858FC5CFAD57CB0433F74DEB9D72ADB24E1DAED3,,
1,Linkja Project,241176188FE29F042174F7501E2F9248AA370A452E4CECBF65CE9145B6D8D30D71935206231FFA0D8876F306710A93B6FCF7550C9B0F93A36958D30757F268F5,,7355DF2029E97FC179A0A5E63C25E062C44CA679CDE7DC6C9F39B32FA9692F960479F1394CFF60ED2A35F5B5CD1293E0319393A5E175CDE39A8790B401DF6AB4,,6B9BD2E0FE4D92EA3AEB76E0EF80DD1B792CE7E86943295266283C939A15C81F1F33556FC4C3B81A6BC127FB36B8B26D32683468C5098B29FAF93FACF9B163CF,,436CCE81F5F2897E32FC89FA9093A12F6BCD37331727A9B3AB74A6E33D2F3F1323BEC5D2DDC3308222C5C05A83F932EF895AFEA9CE28AA21D52F716198D8E025,,D1046C2E587FAAAED6B6D88E4C33877F878264B5BC8B0047F6ED96A7294423FCE6A8B4EABD21733F8DB2A73975DA32D800EB126ABC0BAF54874B6F59CBDD57FA,,
1,Linkja Project,EFD9F65B372211399BC143BC8C73780A515CABBF0F0321F6BA1CD741CD513A71BAD31426C40976A37A4B7760393DE65E215F0C2B1C3886A7B84BA836B59CC734,D2F424113A610635D0B805042EE7278A13E5226FA0DD9AF86368537B16B82F1104FE0D9BD89270C54F7136E43F47935E152E754FD6A43EE200AEBD4ED7BBD610,1A9CF0C97FD5F81D43BC0AE62806A4804A69958249F31C916DBAF2612013E50BFFD9D9D4B8F21CDE1C0B5C7A1E4695FE158119DA003BA713AB71617FFC535B0B,D9753BE8A568B129444A0038609106220DD6D7291EEBAEB50DCF8046DAAAFFD96962361544E2849477667D478FA56196FFA6493F54F51FED4C78FCA71E584E17,D3054A5E29D3DBB523EF7DA3366F723C99E7D0977CA9745FA2B251AA92E2E845F2964B2EEBB80460F89CCF0219A02DA108DC3757E298BDD998931C408F70128E,771887AA39FB7AF623C12B7F7366251CC2EF6E983425F13E5BB174F0538400FA40B6CA4C4008AA8822488A9789F56BF96DCFE95363E7B156D5CCBCC71707C71A,06EB5485130FB2653566518C8D836179BA59F9163D8FC877BBA39C1B1BA184194D203FC34AE6DE73F174B0370CA34C8D29CB89D81A39C9E95093000C852B5D66,D7E9E89A5FCF80E8D3978F13F7BC67D52AA5C18B50ACF78DD6393C02778720114D7FF03F16C121366B6D63B5E80816F0FF9A238D88CE58583A67D603AE763057,5EAC6F3D935FDE72FCA0F65A1C7D5D8FDF8E0F84C20471617448509EBD8775322C86F5C7D539A3370B591B316A5C823BC0A5FDF22CB308D1F80A5606DF03632A,DA156ECBF9FDEAF98252FC0B78BA875ADB6EB22036EBB2A95DB37A3D4E518525E9A312CA9F55AB1AB3A8FA5748FFECFCA0E63AE6D6948F2647AB7A57A9CB3FE9,8BF9F14B453A3F9CDA5F08327453626E7E008F318D5ABBC1304AE72D11C19B2531EA3E6797A9DF23009020B9B02F6C3A0BF648860C212F361715F13C6BFFA0C3
1,Linkja Project,691982A3B5451FE0F0206A255E2B4EA633E5AF5A0ACF380FFB705A934C27C4A03C3F211D1315B416585132A61FF2FD71611D91916D44AFFC2C2964982FF1C852,,AF1121F91118E0F7BC8A5E9BD5E0217E9925B1ECA3DFD4429191E3DD5429AFB5E708DA7FA1209DD5CFE9C58C296A32DB1762E6010AAD775C6FD3F67569F187E6,,BB0C65EDC7B69BA210F5D837C835EE34EAF979FD6ABF7ED9A3841B588BA551DE788BE90C0DF85D84591A8E2709CE102FC36C076797551593721EA0E86BFBA516,,CBA70C0B0159D33C19EF9307B276BDFFEEDCCD4FA945E88E4316C9B6AA4BD0AA8CEDEB9AF7B77351E99DDF1D66109D435FD0B1B5D0698E0AF77AF62AE105D2F1,,11588FD9990EAE126129FFAA2D9332EFA80F78366A5E8D21D46DEB88EBE2D02F856011BB77E8D61FB3A3876B497639796525E7E2D8765FFC9732FF31BB211635,,
1,Linkja Project,A8B4549B5D60DF0084E3A6FEC6F5E0909AF3B3DAE46F87676BB4922CD8709430C0B9E16103C0C54E8F9BE4619027BF95032DCBA824C4D81B650F614C1244B8B1,,58467BB672A83D8EC48E9AF5718BE5D027C6C55A246761F1E7AB8D479E6B56319A731DD9288DECCA853D329E1632C232BB6C6802ABE9D74AB968F7EB3B3ACC5F,,9C9EAB79CF1B26F407D0AF78B8BD1E4B6B27A73975568AACE293A70F08662CAC2E161FE1E0CCFA7743567843951B0BEBEE558F01DFC65D2C9D83FACD378506EC,,B18ED09D87F26EE54B7F3727318309BC845A29EC100CE45BDA0C1E82767BB0FE468033756D4A8AECF7B6352516B5ADB2B4D1A098A2EA49DF72E4AC21FC9797C8,,F57ACC94424CF55B594CDF81948AB070037C8B2391F60A945BF65DE488181682FCE105AAADE6F97E66FA27D9B3F600FA2D5FF2C55CBBFC82918D4953701B9030,,
1,Linkja Project,3F318FB4492F7F43A32797C7765E30E3C2347A379CDED23418881D43F4FF844851756D017748CD113CA79FA479B19425CA8C6B880C6F1E7C263E091972AA3A75,6EE3248505EBDB1EF6D5564844F3E4A798D23A44D0E6BBB4262C32BBC0B6241A6774543E57BDBDF09B0DDBE7DE10380E9300E2BDB9AA82F07A9610AFC2FE536A,8BBF1EEF0B8E440C7122DEA6A9D5D3F1F139B7BC78A5B3E26D761FF1CF4904CD6429DF1AB55B52A7443D832A8ECFB0E04C2596CC853D01FAE29FF58B59DB90B4,916172A98C8D45F1E753B06641C3BE1A284C129872593D7E716FB7FD12AC161848A4064ACC2850A901887F6F871FD24ECDF45C5ADD99F6730E8CCEA5D2B8CED4,1296842382F9C742F3F4700B1340A83EE5E8E900D05495124F40789F432298F6C3D16D6707CDB2C76859C0BFB7DF05E8A50022972556ED308894BF77E99747D3,358456CD3DFB456312E78A9066421243C4F8766CB88499014A0AF522B6719FE5EEEEAAB8BCD12D2274F1B914959B77C769B668AA8C102B4BB464B587371EA1E8,85145F14D18A29CE1DA3DC6E035E42A5542B7CBBB63E0E00BC27C9FF40A90EDB32421106186DF4E33C64D1091EDB3CAABE1DF215187BBED418AF6E5A8F7B8933,AF7A1F0D2B2FA4E4C6989BC0D6CE6ED31AD064820CE34C843AC0135FD4C3187717954A8A7CC7CB55FA5F6D266F9C37E4283D6C0765500373632D4B77322A7C6C,49359EC196FE30A94DA414E82AAA225E6E5FBF77112E0F7CD99EA95F35C6092181936DAEC616A38E37C37F0394B0155AA01228123D8C065F23D269246FAE47BE,071FE3343A7DCE8BA7ED91048F1C783AD90DC1B975B2E62F828CA64A5719B7CE18BFC1218EBC2021878B7318B25394A0B5F889D314173BBDE534166E4B7E2883,858089E3D177B85CAD5C7DE08B3F33A8577A608A0C379FA366B68BDAE290399F83605D6FCA5565414725421FAE256937051D4E3D6FB15AB6099CC6206800CB3B
1,Linkja Project,F9DB4E49AAD4E472C35980C7948689282ABB81B6690950B576BA56F23650CC20D6FB097C8BEEDE3120BC308203BE04D98B6A255015628114AB1EBCE50E4FB7F4,,1D251C8CBF9F5E16E4D3CEEDC686B4572F8FB7F878FE9E9C1BB3111FA92752752455B51F53E8C4EF5A56BFA3662082238B546C37BB7180C7625743D479CB0F7F,,A54772320CDCB028C651C398E361D4FAB9E0A4A859723640DF21BAFCEA307C8D96380BF698E689826A65B2D109ACFE05DBD8A8949CEC23DA884D0284618DC12E,,34746F4C0BFB1F45CB1A509914BD8D238EEC62CCDF5B7900AD32A5DF58DBC751201F8CC6D118DA0CFBAD78F44A383EAD4733559A9C053D995798426C468C345B,,D2CA3EF225AF2E6D1BBEE1CACD4DC6E127541D3614C76C389FA5FC10C058CD08B61698713101226D782608D162BAA3C7E9F4F666B2A36E4D469A7244F8490DB2,,
1,Linkja Project,D10386188BF83F749C9EE874FC822B3994F8DFB65EE156951116D3B16493EEBD7DA2EB9A07DFEE3A94A4C43D2A4AF2DA4A389FAAADAD4FD8224A05F8988E71EC,,0D8EFDC33FBCBD1E617C272EC75F9B7DD718076FA215A636372CAEA63F2023BF6CC696DE915113BA2E74367B351D3C28A912574C6812B7D2573DC9DF3C0D41D7,,15AFA2C7EDB9138685AD1BBFEE344F636FCE35A3BC8047772029373D21B845F3D57D13B2001720260CE0B5948EB2C73E31E065B76C625C8B663858878EB50FA3,,1CD03D06E14C7B6AA58C8A338CF79D36A6049344F4875FC67C425314F0260D1CEF03B8D0667DD13CA0CE95D9DE0D20B6E0ADBA8BEA818AFFF5098BCB69868C80,,E09C39EAEC8BE4D23ECDB923E40D7A1E77BB95251706C8F0E7A47D49E9A9DA3D9D55CCCAF7889E673F64F0E4DDEEFF52515DE0FF25EC6ACD1EBA78015E0BE522,,
1,Linkja Project,EE23E008061B25BC191AED2841CB28461B00D8726BDFBAE21047561AD2386AD059493EEE3A8F6CFFA7A3AC61C5FF33704915003777ACF0288FC8C4D2EF795E52,,8268B61852000CB48FDB7A459637CBFEAE3BA36078C6960AEE98D4B550FDF77601BC2B8E0334BB79964F4617A8BB07F3B2AA4151498C91A6B605FDA1E363F55D,,78EED96F8BD5DB995E7CBFFE40BA9492C8DAEF29EBBCF684710FADB6FBC661336DE42218A1B8EAF7913A9726DA9E8321286018C093481DA3049C9853AE9DB39F,,5F0F5BDAB38848586B1E67596D1C7FE9BC7D886015E5998974A1116C0CF581E6124419BD9474AF88239A09CEADE4E15EC790534EC91B7CBFC28E93B16A879F27,,2B1169A38B7C75CB81CBE1FCDD09FBDECDD604DB4ACE01FA81D276B40610EC34EE0332598AEA30825046F076B6BA81298833581F3CD757AFA6D323498A595B98,,
1,Linkja Project,0C1B6F409216E06C4F6144795D1E5F01FC4BA63EF9A4FBFD5A45A07B52510EDF30AACB2793A27C74C4370D421FACEE0882FFCF727B521571163AC0551D3FC387,843A84ACB17FAC98F517FB2683688ED32A583845315D11800EB6DABC4A806A2699CF5F0120F32E66D690424107F1C8A639F6CE2BE590EC1158DD02EAB79FDDE7,C67C5AB19C4EEF89BDDE7CA9C54E6ACFE69097294AEC0E41B8E6DA848976C2FFF163190AFB229C4F76AB7A92C309793F2BB073B67992C40AF29B258C9DBB17B6,C0D687E6D0BF5DBFD2592EA529C67CF324D507A38A0E14E5C1CE67A7B4969A4610F11DF40EF8927D9BFB0859FC1B59D4C4BC308A12D2FD78A74BC9D8CB0B234F,8437A4E95B536737AB922DC06D9899F7A598EFA5F8BF7C28D656873D9C52D65F44E3087D8C14850F13721840B2151A75357200937BB5B5239FA97247B0C06E1A,D8E67BAC0E94ECBB95CCFCEB3D0CA0AB6942FE4BF500378B1FC3462ACD2F912E638608856DBCA1B0EB7E7B348998E6E3AB6060C7A53CB611C948BF77692EC717,7F17FD4E0EEBB567FAA56E3717B8BB61F97501D2C97D1BEF3D7D0CF011BCDB72AD6BE521C01A201DC7FE0D0069EBC70F6A8015A6D152FA574B3588EE203995FF,3348D62554E2D51479E3AECF920F305AB83EB0B6E93BCD0E00955F0DB83F14C0198A5EF1CBED0AC1BA49D82C57D916AAD4F092A35DB9BC67CF3FA31D6F3C2466,06EAB009C8B786BEF551FD4B852517A190A2ADD5C3091D3B512CD0509C0DE7F67C3718E35B709A29AC7089330EE2752E74647773696291A3DEEBFD0A3CCAF46F,13AB4430DB24CB6E88318B3BC15492C6CE75E7B774FCE21C87E5390B30B497B89DBB88B3BC641250821AF306E95D35736EC99FA9A8C30B9001491772247550E4,1D5815384423EA1FEC7F071DD8F4AA3E81B52CD55100233A49323F971C8BE149B1042570BDF68C14C8CD38637FE36ED37DF441429A93535D6319847D15BD15C8
1,Linkja Project,DA168F3437F9E44C38B05EFD5AD8335CCA2130757C0A812F7F43289AE6EF29186A405BBA8B1D85FE67473C4587B670F63A990284601465C86B404DB78D37BF0F,,AE04D359A5DCB716F4BF4E0A2B6166963765F02E9347EA4B41E07776A1B96D22F6A028061EC5FF3EBA2A57A22955FEF5F0F71D822756B45F2AC15A5808ADF621,,DA25E0BCF034713A07751DD67809DD5A627F57EFD3F48414FE7C899A20D207026BF8CBD8FE610B9CFF37DC334FB53B70CC9F534499E845813FC631D4B2D984C1,,C00AFE6BE737C96CD0E24879DEB0ED8C6A12B5D17DE234C29AEA3E2D2CC2D040FD3C831CC66BDBFEA67DEC7C4DAD1FA47ED45C03F2F5E6D3934B0567A5DC57F4,,CCCCAFDA5EF9589C5CEE96325903024D4907203DCD369D0D3088AC63BBEE630CAB7525C16A78D66D186C7541621780967EC7BB2A55FD886C4CB6A7B85B64F709,,
1,Linkja Project,DD21BDA59849DA240FF616E0673D8A78B1E2685CF4B3A0F335C753EC1546703EA5EB7C192DC3E9FF599A895F4B6327A32FE5702A82AAE23AC11D50EB1A54FCF2,,E6F93F33D91610BD00F56898F1EE0B65FBADAEB2A0F654642FAA56BCD3C5F8D1526E681BC641CC6E2D9C02C0DDD9C5869EEB1D740494E85E0D2155EA4CB60005,,0DB7D2B71EBC293CF3A270CC9CEC1D59977787D2950D61077BF02821E8AE991ADC609944F7637C343F99594D92B6CF8EEFE0DA538860C47E238A50FD0FECCA28,,8392549DA036F19436C25B6FC1B5476649C9DCC4B47B20089045FAFA11D513C41DFC0A14505AA6BAF0E5A2398BF354D09E6194BB9AAB60E728214A677C6D7975,,F7A7252B5256E3E9C850064697E10C8E8536D16488E8C86B9D4DC8D1430ACD32635FCDD1425D298C98FFB7A2735C99B928F4342B9E972C03142DEFDDB9ED3682,,
1,Linkja Project,A65E49C287BFA3E3DEE063D8CCC0261C733A34FFD6AFD194E0781CB37CDFD41F1E7E351B8D1F267C9F3871A7B236BED3A24BB2EBC7D70153FEFC0287F3441874,,D38AEAF46518FACD6DD85B754A5607EBDAE054FBF2B5842906DFE75A1BBDDBEF6DA1F283B7E3F57ED8385D8330C2BF3608B5CE751D27378C7C4CED30374D6997,,5DC66905467E00719D2A04920FC93BB15E16E7A9CB0A15050C213202B60A31C1631EEFC490B119354F21AECF8CB0B0DF2E5BB9329D75096CAF3BE7463580C3E1,,7F2D5E6E8AA61E78CF3F6A2307A1393092F329FADCC86379B0FC6F9F0EDC8D91999E47AFF7DD17D5CBDDE79CF0C0DA41D3384FF3321466DE5D174FCBA44B0F21,,6C6D781FCE6ED4BF1B81E1C2074C84239ABFD626927F44E731C945FF31896EE330C016E5AB5A29D3C2BD6D01CC14AFAC6319935486FC56C7C2658EF1F2335B4F,,
1,Linkja Project,2CD86587FFA795110B0D8339658491EDB5007C9105D779A1A5B558525D1FBD17B546980C15FADEC1023A137FACA3B90A0BEC58996A00A9423B8E546A8B2FBA5C,,A667BB69D94C08FA10CD605AB3E3A56636589CD0ADE562941D9E64772128CABC16B6F5D4895A3326AEA48388445C478E2A3E217FF54A43AEF77C36B5695F78E7,,B00FEB30D3D667389B067FAE0DE0EF134EBA6749320A2A14566EFC1D762CC6EC0FB73ABC00BD19542ACA0C5B3FA850A6AAA76B4A9A727A5C710631A1882490AA,,B34D33324E6A1153BC12D67E2E82CFE2668E888EEBA8AA2F00EE913F7FDB04762DE74E68E445BE78A88912AFBD15D180DC4CD9C672CA46FA44431008926766A7,,E879BD5CE9C3E6562E9A30DE959174C044FDC9DFEE399B4F437C51FF3C56B2B12E4AAA469C9B35D341569CAC60521ACC6ABA8B033825E46DFAED90992A32A69D,,
1,Linkja Project,D4658B76D4BE2680C1CFF13098FEB23CB320E1C1C5569B6084DAC43E915E81ABAF7B57618ACB9BEB67FA770BF280065DFCEC3482A7833B34ACCBC3C1D33C040F,,F886801F56CD6C20989A3849DE68E62C7BE4E9BC8D243EED9B6351023F202D5A12054F9849EF8E2C84D1FDB3FC95E75C0121B9C3D46AEFE7159029C67CA21362,,17BE86527B8137E44CD6B674D4FA58ECC9AC1C1359DAA6769E47DA5FFAA3B1185E0C22070D979EE8F4A35EBF0EAA8E22C3C097B8046BA6C2D4D6CACD4FDC9D13,,1ED8095EDB27BB85CF07B0960108C0F0A8D185B3828A4696B2850C2471D35C2D99D6A1420DE29999D4A721BBE901D7202085C60E344CA8C5D86442ED622BAAB6,,FD1CCC06874C17D6348F57BBB9508271C2BC4D04665934D31D40155A37FDC8BB7F8C61AA2B15074316D2FF715D6C9946AE8F68F8C217F288F032AD8F7A2B44D3,,
1,Linkja Project,81A5063B50D0E23330A73958D65FA08AB258DE050E31989D64CACB0F8379ECACC5EAAD3DB91F4456CD53B5DF3D19498B90C4657B5AD6386357869B2E9C07CB9C,,A1A3EDB25D8761F24669CBE7C400A5129DBB505CBD6E001BBF96D183B455AC2BCCF81E3B65B4214D526576AC2ED1BAA97975AB25C86D887C3C7D336F3FE54AB3,,598F470C287B0540E38098A683A20BD894E499D031C4E7CF654BD67AA9CEB15FF2C983EEB2091E5DD827657491E455BE8025897E036521729E7ED0F7F04CB51C,,9CB184E3E6082D901006B4F297A1206C8F53C2EB2225799D4135AD5A915C2C64FE05F60F956637D1C5771D040FA5D2FD92547513727132444777A1BF4293DEBE,,1089C8CB6E41884A36344852B1ED40B3F2AED35B2B358AA1AD18F77960F8F0473A17A9FED6AEDDB2A3C71E2AC369FA0CBBFDC7AE2132D284E33B2DB1A6788582,,
1,Linkja Project,6BC80F7E09927DFD8898B519ED538E9D5984F2AE265E9653D5DBF0A63AE4F9E65378E4549B096D28EE42A000429F25FC8141DB173F0711CB3CABF6E7C0740B26,,6858A61AC99A271DBE201EC215B43C0F1578E9BD388562A4DD0AE2A6398CC7ED67CA69FEB313D07A56BCC5DFABA017109DB273EAE605C3E7AE0CCE935717724C,,DF1AB9CA72B8739A82A80E5C7AFB34FFA6F8075E7B6CC69817A472CC25C04F1B267DFA1C7D4E9059FE81D1DC5D42BCF4DEDB6BA839D3ED99840EA9CE8B71EBCB,,18FA461A706CABCCD14695101ACF3572EFEF1D0FBC1164BB050B63F91A2028230BDEFCBD3FC6332A8BF093070EF27F44FC15ABAE842C4687CC1566EFEBEE3C39,,1B61A973AAFA701C96EFA1E16575F5F2A2C3E5524C8DB08F9E2E63710A5C31E2879B508DF54BA2D8486D0E31ADDEFA7B4EA132E5E3BCCCC046B20A9CA3142799,,
1,Linkja Project,8845164C9E6D42CEB81608BEAE7351B9C973B6421387DD7B6A598A4FBB2185F548491804EAC2CA1558731F4D58681C59E2BAE05D159DABE72DF14958EBBAED4A,,2D41EE889CF756EE72DA00965581C1CC64787343DDA0D0FC199DF06BEA8F8E240DEC2C47AF3C096C0C592BC9100A100A8AD9E2C8DE46D345F3A1A6E7438C1EE5,,67E1336246E2D3F8F41FC372769178EF1362F8634974025CE5A7F748830585BEE866970EB3F2B3A2EAD1F4B1A341A501896CB2118A9549A3EB484F866DFB71DD,,CC49E76AA7A369E2524C47D1DC66DABA87D809B59716FAC6414B6DDE8AACD39E099BBBD43C0F97D33D85058B0D8082A527050572131CC5FBA3D7F8C783801EDF,,B6C09AD87579CFFDD3B566396535D52E15631FAC1A82B05EB2388F1395D054F679013D74DEA321607D4799937BBA05B25B3FB81040997935CABD0087B4C929AA,,
1,Linkja Project,F69FFF9CA75E1E98A63105C72B88A7149BCA01BCB68D1F6102526ADDBDA0BB1A20B50D5C57058D10A3AE7CC93D81F6026A1BE9C8002E504EF85612FE38C7885B,,735CE1FFA9385904EB6A87A74F76E2534AB9C25B9FE85A8F1CE90C71F1AEACA126D06D61BE18D0CAB3673B5E299E75C36012CCE6612B2A1892C1F79A77CDA5D8,,9F4B843F61030B54824B9F7E9223F317930BD5879CC6D4FBC792243F268FF79D262F054644625FE3CAF792DF5C919773F6725EADBEBAABD9087C39A9EF0B33E9,,63A0D567B7FA6CD1A8069F46C246206CA9021CD1FA1357A6BC6BF8AF706481570FB433C292F6535CC2F0A55A38E53FF47C5FBC7BDE02774B4DD283A239BBDF41,,3ACA4E859A0199DDC1E1F6BFC87F1B4DAF61B585F1C58BA83FD6679F14727D145FA2C9E6C676D4F7BAF53C6F81FC2B56CCE64E00B357C2F526DF8B5600CB4AA4,,
1,Linkja Project,482E9F582F41D3EB8B26F1DF860BDDE437E60E33FD469723F1052AFDEF92837077C6A51441B6BBA12C09A52FEB37539761BC2295FB42D800321126F34D9B8D3D,,ED06D5921DDF467D5FD17175CD8E3A703379BE676B4C02C4AB84FB5C87DEC4A9C0F20295AB0A480797CD65405F9C57DAEDBDC94914DDFC29495303ACA209367A,,93CF8F553A53D976F1144C2DD0838A7E30F19EB15DD181F443D2C3E682888A8CDE95F2E455A802430CF0FA0A4E9D366CC7D27967F7E22F6C555DF0AC88C57A43,,A43242940D5CB8FB437FB025232AA1E935964FA979F3FDF19883FEA187E84F8942B4376F3BB4E933A37952F3EC199ABD179A0BC6A6A4F9F24B3B6BACCC5B236D,,2BC8437B8E07AA490F854F98311B3E68C68B58825AB7D438206313CBAF657AF6DB7EEB603F5A4441014A99579946BAA2962F361FB998DA11E78F80907B09FC50,,
1,Linkja Project,A5C514E4CFA3EBD53F382FE1DB3043B4575D15B2BEE92131361751C7422B4E1C6B1C2D52B4B4F5210A92BB4FBA128BE0AB02015ED6DCF413A756CEDB6309110C,,7C895C211FDD85B6D7762B4529FAEF3CC61B0B945F09380FB7F3483364ED518D0FD0B18D887B7B8491DB72DC9778ECE6CDCBD05B0603D1DDCCCA33F9AC05BA02,,0100F7F5247024BC2D7DB88BAF5B510E31D05B576ACC5714884D6EB52FA346457AA66778442836611CF2921287B18421611AC6F87B022DAA80A758D1A762859E,,FFB1E2DD8D83FBC8CCF73DAE1F82B10D0068E1CA3B644AFE0CFEE97020B911E264FD2076F04A7D7D410A718BA8BC92B027CA09D9B425C6EA96798DDA8C6D4BC3,,994366CD6EF4D326349D953CB00013E806C03B6C2C4000FC9DB540CC67CF3B2922CA5235C1B5F56ADF666FB514685BD9E34531A65B883BCBEAD7E67AE4437B1A,,
1,Linkja Project,C68C2269E3275017FE8B8C37C813634C6C77AD605441200D851C8BEB928E464018FA04B9BC33D61BDB61CCD86DB0D7B0FA36939A02472C7389B18772F39883F5,29BDBFA1041AAB61134BD1892EF076AE4ED3E7911D61B4AF1A2179AAADB6D466C4A657B8309FF2700991C33C670898E23B541860506505ECDCE357D57A685075,3D3F31B31AD7444FA111356A30EEF169811DE62D5CF3E8B425956649420C12581A50CE80E13758C4EF522CB23E4AFD7BCCBCBD05CCA38E2E550ADB0D3782BD4B,3609E33C868087657B354C750EEBE7A22BA62190A55EE8FC6BD11ED87574448E4762B0B83F8DB777EF0349CE63095E5BFD592A50AC9F1D95DFD547044DE68D58,528CF80FDB7DE11EDD8AC10314482ACA69706CAF8DB96D87A1660325F3089B3CFA3E6F4FFA9E7724BB4B098E53CAC0B4412196CB13BD4D73A404BC3599E3D1D2,210B73F807A141FEC4C91D3E8CDD68579846E4ED95A74037490DB68C4AB8328E8E2B476AA59C07A5BEA9304EAFF4E1CD95BC43FAFDF8C125FDB56C0A4B4034AD,3186F81632FAD9B2BED7126FC8B199A0218283B01A8BA623E9CD0096A450542C574608AFE717E7BE10FFA2CD2622412A9AD9F8BCC71ADC4142B661EB1970F8C4,A91D2F0A2C2AB980C1B6DC418F9B820AE158D231372503AF6C6A09EFF6161780623931864BC0847FD7A2402B52780C9179D22A2A0BE63C5FA55614477FE9CF00,7F29630438E3994E645C0918F61CA981DCB802EF5FF515F382327B1EBEB99C0C2263623A72CFAB04D37B53CB7CBD43B5F0C4D1E23913778FD11B08CD0098AE29,FD1D53EA8ED752F999E40BB79DFEEA0CF7C9202FE056B1DBDEEF6E6B14057C8156EC4F49F62B620DE98AFA951A510C91245AF05C890B07AA55957ACCBA269B83,CDC2769D6DB27D61D93FEC8B690F87C79371FA977E9AE60E1A40312510D3FE7D33EEC13D18D415C025482FCC0751F26F97FB2F2B595AB98F725F36AC653882CC
1,Linkja Project,90134CD9111BC471A73D54043AB4901CB19AF9CE8FAA389E5863FFE8141F928D117213931D765A9CE929C08CF29DAEAFE1E23A7A6361AD7758529BFACA1ABB3A,,5C6129A149F1C71186405C944A4814F8C0A91385162DFAE1FC64339D029D889FB9F0C8755A630EE97F390245F5936EC95493AD16521E6E8C37E60E5706D3D707,,99767D8CC6A7AEF4D1A3C9C879A949D8AF08FCBE54527AC3B9C2698DE95DCDCD6D2CAC652E74643E68BA940B45E71C99EEED03927AC0DA710DC8A5B345DC103F,,354A8F0A4037D80ECE2F25F3E3F8ED509B4A2FD4CA0ED0FAEF6B13D2DA0637997AC81E0EF714E933D69D37E6158697D26BC34FA5DABC0F7AB8EA242F9A3AB832,,7834C6016478AFED47397DD7EE50F66C4910B29899957BD93DABF0D5794FAD1D8263616DEE927F857A4E63838C3B80068056C287A369AD5E10B36EB9AB94C8E0,,
1,Linkja Project,B85E49E95DDFE230E72FEC844A395D21F5A23D27F0BC7DA4195D999D16C060808B9D93F888F8F04C67B01D601BA94222154392226539039C29B174EBECC87858,,83542E3D01F761B939BFC2A05BA61D383A805DCAC7358DDD22A498B3C7A1D0D266B871A267F289BA7D87D754C60988EAA2BF472660E62192620C89FF6974E4A4,,C079B500D972DADC9E7CBC7BDA24E3E56C73D3A97FDF382E0969DE290BD830E8041790888429401D44653F3064506296C511A70EBB63E5F58EDC2CA756F9050B,,E2117F11362FFA74201D1C518BB568639CCF556F2C5721E6900E7CEF8A70141ACE64706DAE2078DF86301BB20B107190684450F47503271BCBF13045BFC56F1E,,2EB48751CCC2141D4E1D738ED98207067633766008A0F43EE4BBC86758CDC0CF34396595C99E9F04403F2F4CE92AC22875E324F6C8FA70EC07C551EFB42DCE50,,
1,Linkja Project,91E079E8D45E67BCAE594295BA98A9F5F263FD6EBDE59BC59F0329A8EF1C9FB5F4E2767A8CD845D0C7897189EBCCD15011408DDD9560B69C72F71362E46E2EFE,,CCB92EBF3B5414228E6E9143ECB5D6150C15603D19471FC94898CD2745E74F4C7F575E28A8B0E661B692EE2FD889B5570527249E1323464FC4D417518016AF21,,C78702551BA59E4EBB0DD330DF7FE09E4E7C19541CF8CB146D7C2E264F77F976EEDDC04F8DE892255E40DC661B3C0653648115D0A37326FC9F8EB9BD17F92679,,4F502467BCD721F2BD0DA93BC7700BA6D6B17070C090B3CB0B203AA82AEBF21B3FDE84CBA4F2DADFFF78F4EE8299CBCDECA692F6DE602BC0AFD9F19700C28AA2,,B9A64BC4C39316CFCD0D3C8F5AD8041DB74B0DEB89847322076A7D7A12D9069D5C3FACD7C5F1A5372E3BAFB6E27E4309F9456DEFB3A611134672372DFC940210,,
1,Linkja Project,35A1F697455E33A8E45F113E16331CA021046403191511A68AC305B10F1E356BF388B23B021304951A19187D40145F9F907C5FE0CCF11BB1277A37155C2D3E1C,,6B277FE552805F0A8FE43CB32E4442FD432CD3A804705BC50F5FCF48A3695D3186940DD398A86B35F32A7716071260AB7F447ACDA9EC2E4A93F1C225C5A83F34,,13D63C361A91DDFCF356AF7DBB79BF063ED1E2AD433E15B4AC41904634D4F708CD01385E58F9ABCE5A0A34B8F3C50DDF26565638B36D20FEF418B7366F2B863D,,3DF5E8A4B6440D90811AF5C93F7B63D2CAAEFA3E7789C02AC6D75374195DDC388D45FD997E58445412E9D1C124D8858E5A1686A08C026726F50CB9FEBD5817DF,,CF3520171DB00C26E11D970CD6EAF17F242D2404C7AA1285E35FE73299CCEB62B6E84910B7BEFCDEF7F1606A1C29915D02BDCC2789225552F4FAB063958324CB,,
1,Linkja Project,2F88801BCEEABC55223BD4C45BF51AFA1702087EAD89444EEFC3DB0C1E15E3737FD5F963807AE89690A7CAF1DF19C2E2C887DD72E551706E0316351BF4136EA7,,F8D2E3CF03BB9BA29091B869D9EBCB9492D206E6A1AB9360080201BB30E085B4F4BFC9376DEA054E978EF30EBC24FD685C8D8A32EC897B059EABC2045C73022C,,6F0A651528F9A34BFF55F260A02D3142DF058B10AA3012B8216A2DF49A395069298F41C1E03FEA6A4372E3800E285E7152944BE93C2352E85512A77F392B71A3,,5CA4D537E2EF5D5C98949B3C38E155C9EC828F4D9BAA6B58092AA559344866B112FB9B14DD678337CD85E9E6E1B14ED25929B33ED5B27245535F67D46AC46784,,024EB608AB7A884454927F5431E1DBEAC382F63A809C41D998D519A1F2777E20C493C9AC637B49C26B436D3A157EBED30A009AAC0EE5E6F8C8356778023DEC59,,
1,Linkja Project,45815CD14A77A30DD3760B94A42904A982B15290A25A458E3C84F57D8456EA01E5B4B896BD056BF966779C3692A95859BBA5408192948BEAC3F2C85966A1C822,,C39C1E2AD3C37B4B1FA9B768D24CAE97815C97F65163595C25F773F01BC4949B5FD388C7A47746F080FFA1CC1B94CFE21556DDDC6D606003D10E28345192544A,,662C6DA990C1C5D3F3F4DCDEB09F87A5D17FF7FA21FC6BA69D50D5FEB31BB04C852B08E12A7CA90F4695BD67A5608EE5ED60F03CD2C3117FBC97E9F3A04A0A5C,,77DDA7CA57DE11A6A50EFF4DD1343182BA4076D5E97B99EBF2AF2167DA33B980288AEC367345AA5CAE36470EC5B68560AFA32DF0D409CA6EB1A250D802C6927E,,71CB8619741FDBF4F61D5448D6DB873B79674BEBABAC97960063EB6A5C9B9A3822538DD6934FC5B3F5EDCE3902F0F80ED1722E9BDCE496FEDF6AF37F658E5EDE,,
1,Linkja Project,7F12EEB10EA6F0BE17DDF50B89AC9F20363A94EAD654E23AABA9A4416159DD6EE00A2E428491583AA251176FE981648CBC72DC303A12A41AFAC6E6F64231679B,,7BD46DF8699F96BDB5A296FB4FA2B5D12529C0403D69670087F0E8D394A89C57FC8AAB47EB452C2CF78335148A78FE258A21CA190E5A60153E83A4D73F1FD954,,2A2DAF6EDC42E46EF77E0CB2FDEB9206BBBF024E35F5DC5C5F0E94D6A0D8E4257881E94C53D01D62AA5098B0D93726AFEF20ECA7265D889DD20144C32B083D1D,,B32DAD94C72E73EC36FCAF24D54D5736E84FAB35FE489AC54CFCFF09112C5DA4F7F48F2C5993E01D34B885BA5988929B901B00750FFFD40339351DC4B9B96F4F,,DEA1F468813FC7793115058F6B99DC361CB414DDF0FBF2C61B8906635ECF7D134C40BE4ED1A7FD6240CAEE0BF2491AA94E90263A6BF4187D66676D4B2A1B8821,,
1,Linkja Project,848453930AFCBB9C416F0117500D759C5A2B51FBA2272278E92E4432C72B4416F65F4B23A58233E207C5456CB1ADDD4B69E2AC8FFA990B10818FEC93E2B41CAA,,A1DD82A582EF0CAB2215D6CD0FA99BD1A878DADD993F2D97C8AB3885BC9E69617226579D23C9DD85241E205768A29034A466FD847D0C9165DF04D47BED29B967,,744948848B501B648CD2114F42D48E42EAEBA41003040E0F9716F2A15A5AC00DB8E30656F1E7D67E499A1FB462C36A1B1556A66136C699A3B7472903D1D456D7,,433FC4E18F6C504C8EBDA45D0327930FDBFDD8A4C412A964A028EB039CC6C21FB82CFCFE6693647CFE2BFB79A684C3594D89567F4844AC125393E0F346F81983,,7DA105871FE8DA482146651B0B44D408A117EDB9FE11C10614CD9A03CA18420A52B79A4EA6866C9221375530F3812C5145849F8511FBC2CB3375BDFD6D4F60FF,,
1,Linkja Project,9CB34DA3B82E01A12AD18F7A5166342F5663F31DDE6E6741B3A5D36D92CF3E9CF61965ED6AD9A1DC2D5348A411BF46B7AB70FD1DBF6CB2F6B8D9F831A84FB890,CDEDE1A7D4E045E633E069A3AA539D8EA1150679DBBF1F76EF02854FFC7500E9DA328E7EE7D4F0544B06B16BB9B2FC936E9E8BE859FB5701FC2D19347A681768,F754C720A12A69D9C9DCFF8C0E68336AE5355E9930E54B8F4ACC1967D9B8FF822EB157DB8C26C63F3DCEEF89C5FC0F03734341651C44FCCC88197F6F519C2BC8,699CFA0B944A1EC71AE1C77DCBF6071AC3948BE402692FD6895788E691DB2487FC219585CE6E92860B2FB630D123B97C1300D72695A51A8B9BC1E2297FD12762,20F2999BE2C6A20B16A8E53F32321A154571C784A0A5620165D12C059C154062748CB93CAF68FB5E21EB431C01A14CE6C07A98E578B1CE7DB2E73EDF2A745210,5B5C560B6E90F6AF6FB5EE8583D5DC7C16FA4169A93B1ED3EA133B3A1A5694EA8C4073281DE9B14D1F8442E799D98865784CF4661B5025C742A1FA79FEACC842,40F339CE7C8F4C730CC03DB5F878336FC7330EAE1A06F4B6C2057B79564B218CAFDBCA7B71CDB8C0C9C82C05E1BE0653E8497A9A645CF307AA26A1B7436C5588,980190DBB5EF177D5894ABCD56715EB9905AB7686742C76CA3F2B361F2E3F8F2310FF4B7AB03CACA3422107C78CBB2AE33B4DA585602A4879E1F6CCCF16017C2,F7C1B126E0B65816B91C24A2D5EB4C1251F1EA33C5017D26B05A6A89CC0A75AEBB736875B315726530180D0632CF6782F754F577ACF9F3676FFDE60F1D550CFD,4EB4F73ADB4D4A9707775AAEB7ADBD8E008D0808AE65AE2F11CC64047CEA3D4949A360E564E340E5747BA9BFA51ECD14AB574204B664F223AF3E0374E1BBF78A,B6EF2FDD9EF94FD125980C73F016FCF99A3A5AC99240E826A7F817A24EB78AB47F8A4D732C1EE20C8254271A6F9923163608F47F49BAFAE3231318FB861110AB
1,Linkja Project,B3C275D2BDFF74FDED30928521D97D0B7BDA40F0D6491B7844F789C05C1B8B039030C2F4D3550BAF945EAE03FB760B48699A7BB2B932D1D2E61905FA76BFCE28,1A9FFF0BD16304757BFAB754D5CC28B28127F554ADB8517D1F0419109AAFC442EEF65B57A25ABA48F365361D2333E9642921B0D41365114AC8296E811C8DC9CF,974FBBD1FC8EA30413DD3179D81CCCE719911296A4F8EBEE6D6FBAA2D76C77CA242AA7C33F644E8055DFAA6225A129DE9B5778EF628101DF67F9A5000CF4796C,5357F50F14EFAE898A5B4D65B087D838AD8925AFAA0048122BD3234F47C9F8D6AFC73F04DAA4D4694B31CAC0058D8DF8BBFB250B67D60D73127F502A02E6BACD,250F1F93DDBCD763D8513F0DCC84C3253B20AEE2709DD5B88C6F5EFB1DFF427B9EBD60766B9EE326E461E1CD30A329E6B070F986932563A0C1A9C9177E653030,AB4FDE333E1E0C8222933C889C89153FF2CA35B9B15ED3AB40EFE44002A7ED291922CD776AACCE0F7A4DB4D6052CA9A45453FC3C5BD9EE681314556FE1AB57A1,FF6FA90C2C9643F278A90E75131432C7F42C057249D6873661706D7257633EA2FAEF0FE14A7CB214F50D6C5F6DA62E38FD4F97C6B2D39405F45A0DE3AB6E774E,0C6C5702376D9F6AB4168EA78ABDCA49C1A9FA834B534E628CB9CE2D7CB6A1AED070AFEF9D6F1D5F622B99712E530C242F0B56060415D97C3E49C8507AC24BFE,2113524A30E10AD782481144FCC84F343335B995C371819AF086441FADD3F17AD3E76B55E95E4A7C3D00E8E5850DBBE4D48C953C05CA38CF412CB93C1CCB3804,DF5323FD8E525700088EE92D6487F8C38C5EAAB17BD75AE7763E0773E1F44B7756B1D700079E4FBFAA8B2C99A89ED8DEEB4586EB14DC0D5FEA31E58C7AEA4E6E,DDA2E0C27D9CA9613C088B4AC9AD4F539AA3CE32FCDB071C50B682A040F2485959E24F3CBA345934778CE2F0613BA090BA1729E3B5A15F871BB77C3C1F6BB773
1,Linkja Project,082C4715FD08E0CA2AAE3EE82F7784B28CEB13F3FA9AF20296514C736CECDF2BA30DC7FB44D98C71FC69EE7BFFA43E086D62840E9FCF9312B5D1F8E31D14D34D,2EE845621B8E30B606713475A9DE1E8F9DC2817F52515BF59E1A02D2847D46D5C84FA397F9F1D121878F7FAE3F788742650168E2605BC6D403638A4CC28E7C53,1F23D010971EFE016A95FB6DFF0D87D10408E8D00BE64DF994C4E117D5FCA6FE52F7C8709D8C7268C1E7447A3B7CE9B61E9264726F31AC51791FE8891F5CC196,2149D8CFB46EC736A52DBE6276802ECA614C77B9181D1B306203F75D3E6EAA1D42657CCA3E53539BA6EB1769D2C3692D7198F811B321F9B8E3AADB7991527AB3,FE83F6656A441ED88F20DFD295BB47B9EEDDCF0DFC48972642064B3215BB42C422B5890F714B0727F1A68727F38031E521C46D7E1E6691305C6D34F149FC1771,0475A68E40ADDFF4635AF7E37112C24937ABA9365DBDD176A57DC829B80E3F8716EE719623543DEF1D89EBA158A75835F8B6647FEE17B70D92E3F5E75CEEC525,B420E28DF3645A8BB3EE000B1DC9C196C3556EFDED2557FC7CA449A629FE26164CD8075926747F0FC797519C86A1DE7E748F7CF8BA5F6F51B0A326E9864884FC,AF7A5A93E02270DBBC6A1C13024C386286F3D09017184FFB73A489FBC7D3650FA193B29910A28D7BE59B3034A6464953E5E8C7B430094909476E0342B8D84BED,F033C0B10EF654A99B2977770C7D2EF274ED3BE806603B0FF6EC60D7093D617692CD5CCC3AC130F8BF3747271E58B57DB2A785859518F6A986262098F9002060,9ECF2C6E0E374D178A9B1AADBE728EE94C77ACCA071639FBD25D1C2D2659BE6292CA6754DA2FA9B0A9138AA411162B6DD2D360546911A034B54EF19626A4AEC9,6D9D842950FC610C68C116DB7F4DFDC5D4D3C26DB1097BA5EC1DE88AABA4B1A99BCDD7A382F55261BAA36888CB937A8970053AEC21A70FFAA0AECFD2F8890D61
1,Linkja Project,2C3A7060926BCE73ABD7284DDFC7ACAF89794DD8FD8EF2483E2E0FD67E9C0BEC5D9BD3088BAFBB70FDFE02F68F2FDBC2BC64239446349BDDF83DA2067AE058D6,,9CCAD526D0769639D8711B8925B27B6DD38BD7178B53F85A31F3F72A779970D0A8F1FB5D6240F36EEE602B5BD990F621438E72D6AD073794454E0022FF5A52C3,,316C68C782F6B55E970D161E29800BFE7B9A98655595B5ACAE522D341DFB76F02AFBF83F8CDF6688DFFF46FD60C76AEDDD991ED19855B32F5021D11E0C7EE496,,9DD3EE3C9B63F2D4CCE24D90B70E9FB9B34A2292CB3BCFA7F9BCB91BCF985C92E04857511392FB6173AD7F356D58D44E4A3B43D67B037FE65D48816E9DB16EE4,,AD2BB04444D76030D89AA59394EB92D6CF3C04516A36FF1A8CE8477783B64A1757FDC12CC7C91E1E5F132843D8F33CB6E2000E5D7A19750B17440F32A3CC8D75,,
1,Linkja Project,7B5963F3E160FF6AE6DFC428851603C4054727C92B91F487DC52FCFD0BFD800C3518711C0C06DBDF38006B24108B7CF413A637C78FE4CACAE3E137E7D9746308,,92DB8CD593572CC6FBBCFA6D3E76C7EA4F9D274AC1B500E6CF82A7E2D2F6BF59FAF577240FA90A6C06CAF22C1C4CF709237D436FCB2486D3989B3AC3D5A0CEF8,,CD8298217C1C69EBBA5060435812C23911374F14258E082700356A3B07ECAD1189F6E02DB89E70B231998A7D71AC37F5B18050BC2FC607DBF5BEB2B698AB959C,,C614922F5D4445838E6ECC24EE572F572978E07785453243BFB21612C719AC657CDBB2A15696F73A9929205D69FDADA00FE3B4B68978F8FD3A3D934EFE8F94AB,,268E127AB204F8C8588E8E2F815497C16AF0D7EECC923150CA4FB1FE365A9963027C52B2EACC182D37E672B19660DCCE92740E2CB4DD7A5663A2DF9D6FA8E732,,
1,Linkja Project,5583F17B822AAF4046C67571AC605E1F4733F456ED73C064DD589AB9942EDEC97E54D67913CA84581C8E0701F75131C04E16A39597990FE78E521302EE96162A,,1519CD21950E3A65C5C7198C45962426976D4BE1FEA2C71AB750AB22A72648D5EF4D0C990532B2F19D58CE89F8D8BE0143953A5DE2FBC2B7D627B6EAE449D179,,C3A5971041E7D0FEA7D74F2763970AF068969C9660D27C6956BEA85C4D066060A245B0AAE0D007C533AF9E604E93E115DAA6067328991BE7EE96BE7FFC99F695,,8CE1D74C0E67D6859460C6751DC510DBB90C43A73BB965CBCBB08E51C929B59CA420F4122712A03207BB47E40D39DEA07AE65F5D4B29A62C9BCCA67C268FD00F,,7607F574255EE307E1E334891A668E967D6EC4DA534AE6667EE9DF6846C258E77117669123D382FD945B529955240AF59977594CB7C0DEEC5060049592A784EF,,
1,Linkja Project,718914A8507AE52872B4F09D711086047F3B67777A4C07608535037C07FE1E31CC2DAB60D28643DA34595A4DBCA2361FF51C2FE217DE98F08256E558C6A4C382,EEB53A121E4A64AB5BD47D93AC80C66C61C17822E53B1AC4F5D9EA0DBEEB6BDD63EFE42DC56AE1CD8164FE7F7B7D37D4877C0300219EDDD8429640C0F650BE82,36DF33046DD9915D0C0354EA006EAE0BDB9426FF967B4012517B3AE5541DD8FD9D8C3BA175F16E3D2CBD9987F84857F34394F624AD1411B455D70CA29A2E5EB2,63A374138860789C5BF97DD5E836BDA8D6A0348753DE4D24DEFD9FEC186BBF3C6BD49D9F5425B6DCA2EAE62FB50B02E3C458770A2FE85C85F442CF2485B82343,AAC8F917B2CE7436C478A412480B98C5FAA6CF12EF8E0018698E738615BE378D6F7DA4BB22733BC286DDF4AA363FDE388D48C9B42461115D90B5A96431DA4778,EB7A143A1E04B69B280213C748BF714E3ACCFC1B7F1C0C4C26908C42EE891CD82775496A1F0A225DD58E629D16FFE67B115AC34545DC002B0207E8DA9BE24927,A7D29C7CD2873C84C31EE3A44B227F8E79844FD2D13DFFCFAE47403E2591451FD878586E7D6777625AEAD5942A993292B7B2FD15743439D38F1E1AAAE1FED7E7,DC4CEC9A6D319DE614902044DA2891FAD9AF5D2699261AC31E63EB39B9D8E159987A95310B5B7E95717FC048D3360E8545D925F623CFEF1AA541455F5BEB171B,A4CAD117AF3C970617CB9F7FBAB10D4BF347F5B982544931A927B7F61715F02761688220B295A64D231523BBCBCB30555BDB4F2105D405835F026DD9CF590BF5,8DB28E91992C317846AF1F8091D3A5599BB778BE70434BA314050A74C375CCBA811CDCAF168DF04732773AF8A4F0288BDC8566F735DD4945145D660FDE826DEB,CBDFC9FE566CAA107646C8C87E1F9B5F29500A4ECB2F2938C731844790E97C8375384F76D59AB131FA38364FF80AB02791BED084BA03E14057F6D28B0848B7E0
1,Linkja Project,8BB242AEC8FCCE19124C639E4A1D0003D5D49896D8DAD0428AB91D872CAE9AAE3CE0EA321622657B08629495CC9D307AE87937BE47ECD0E7538226770842863F,D3F0580CA7A1BB9DD3151C6C8DC0AED4643AA1FC9B0C00E77F63532E0786FA128CE84B41EA52265A04A5E23B227D18E8F39C17F4A2A0704BF11F14FD17A61528,E9CFFD33EEC4EDAEF5A04855F89C204B0E6CC3B5E6B1BE34CA3C3590792FF695B2F990646810BF2371D3CEA8ACD8DD88224777B3EE05431F1B84B06EF5626203,21C8A0C763B598B5AF7DFABFE6E099C68BE792D0C9B004971F30BE9676818C17A5FEDEF2AF6D6BBDA7789FF5FBB9127AB37F4E31C21B5033CD303712E3B1EEC7,C05B602CE4D4D65ACC8FADCFDA2FD354DB35417FD2F3576D9F1DC50AD239956BE2DEB9264C296DAF249B87B0B4F5ECD7BF619981F7811FB58DFA1DDE0BF7EFDD,F46CBF99835D398AD1B3FDE37F64B44AFFA4091C49D89DB30FA1B88D224315182120E1939282668C604A246D825B7A2FAB00229E6BB2FA8F88E478F8E9E86EBE,D87E06B793C5A8AC23E44501682EBCD27AB96B6733CE249E3CF93E5B071D58F6A63E4BEBA657EA285E7EFA820A0E7066576F98C566498F182AFBBF45E100356C,BB2BAB3954E0BEC02E07EC42F5CFCB6602FBE7DC9276EFA16998A2E28D7045CB253D5C2ABE601F6B7A52639277D4DB377A1D9052278A42940F09ADE07821521F,FFA5700D1E032C6E69A25AA97AFCF8F420E40DEA26F47C91F79FC5176A430EEB7D6CBA27999E4F4785C56886933F3E984B13AA00CEBDA5BD9E3CFA756F43D693,17690ED20B1336B1D430A958928609270876C2F76199935FC1BCD705DFDBCFF02AA16594C8D3E5B62B1811116E29D0FDF8639FEB7A8EE13B334967EDE8C1A0D3,56932F4D4DC9048F1BEEBAEF6FB5A863D0321996C2E1E4BDC2B9F0E23428E5FFA00DB673F09816B55C12E40B5EEE6633D9B015AA31FE83D8649B019BFBC606D9
1,Linkja Project,EBB1240A37957F06D660AB64A7BAA2BFE073197D9D0D649D8CFD356BA25C6E6455D15A4046080DB2FB4EA675F5D23BA983869DD601B44F15ACCEA325E68C07A0,,DDE7AB27807AD1B3FB7422E6E39354792C2814DE098614224CCEFAD1B8E0097FC09047010CEF0AFA0F7E4C6141DBEDC33AD947DD02D010F3CC1C32D6F746938A,,67D6CE7003211823800FBD9EA54F333FDB662EB62262A230978DDF7A9A3C787C2A59B1FAB9F14D2C2687729EC2AD9069B84BAE20DEEBD89BCF9629E86E4EDB11,,D32731A8D0CE002A64A6D6EE29C3A750AF03C8CF0A8681058DF1AAC949D29FA20F96A2A6D0E00F59468EB0628AF485C8A6B79034E490CCE1AB99C25028EC4348,,78756A93B86338D7DEC22DEB47D3E6CAB592AF13EC1D9CCEAA4C3FF6EF8BD97835A54B09028866C1B3FF333065D49D3974D02D97452C53FE2E7F62D7A5C55106,,
1,Linkja Project,8B454790A66106C49C9D44CB9459A4CCF011C6CA2FD03DA399FFBF74E8774177AAC53EFA232EFB59EE4FC80D09B6407AC4E229B138C840FD3934FD93FF9FF2C9,,32F7FF0224D53F7A41917C508139F0E212C152B1776AE34C0C3E955F633FEF6A2CEFA6DCD6F5C7C7ACF69AD0682DFF71491FF42BD4A6269D5D513CABD00EE490,,3ECBF59440C6F6D099B4B139A0777EB30FAAD7BF9550849687F6EB2BF98C318A1A8535BDF42A9DC7FB2E04F39E25EBAFA119A10740A42E67FCA432E6BA946522,,2D35B96348C72E98B606DE64B1C0DAB259796F79C376522FC74417833D219EF9B6CAF0AE1305BAD7E8A7A5C1DF586DF6283FE63CFA1C1F219756CAF2EEA96DB8,,1981FC9867BBFC0FCCBF609A4BCFA9AAE9A051B2AF6FDEDF2B2845B11A74A664828F8D2E963B7104D443A2A7A555486258624B11219CC12124779B8448D7A84D,,
1,Linkja Project,8C2DCE7AF66C0902842C403C7505FA7A8D714B544F1983DAAA2F96D22646F7EBF4693707B661A8FF578029185D8786F7280AAAAA274FB26C56E78EF34F4552BB,,024ECA78B25D2FEB3E042392D2610423FEE6F01805B2FAB273B94161EB3BB8C9DBAD4BFA55B26770392A69F1FAFCDB4174D761C94D3E61C4463FF3DC4F76C3AD,,61624E543FB9947CD7269749B0178587AD562BBDFB130A240E37D3C27D9EFFA21C0EE20C0541B180B4A710F5DAD588CA78FC12F477600A574FC92DB2EC35AC8C,,A7EB6563F0278BCAEFD150BCE95AF145365FA3AB4BED77FF7728F6F13D7197C4131DCEA75355522A922050D56D6E7790C9598485EABCF2560EEB4D24325BD49B,,65C4589EDED8FC7F9C6935634482B81BDF616DBF6466D54D06429745ED9A96328EBACBF4F91F9D488FEC3935561C05C3C933DF0F306F01CBDABFDD45E0C17448,,
1,Linkja Project,16D0D7F9AF3DF1B5EF22256753F447034235C9E61511A3E9FEB21DEB8C82C4C1B2169EC085EEC3B8A1B1CE564DADE4EDE64DA0D1F9FF607256797BCC554C83F5,,F2D27688BADF4BF27E9CD6F4C547478D5D55A208DCEE4024207385A0D1BBE72195C927DF156DE4D5F5175F36709D626EC7C3E4D6083C457E5E23AFF1B9656DE6,,C63EDFE599B383224B1CD9CEC6C9E51A47D5FABA3E076F118A666C25441A2863F84E67E2EC5CEC60C942B32EEBAF5646D58F3EF5B685C5805B2B929BA0044B11,,431D703BC21E0748773893C418DA4EDB94B69C0578AE3ED73FE35327ACFA724E0ACE2031ACF7197D093C94DEC1F92058CD4F85CE365F909E007FEF5C016FAB41,,78E86FD9735C6722287867CEA57AE9C30C0C44E9F4C435B94EAA06E4D70416BAC1593AE7EDF68937945D1E20E931464FC949CA666E2B4C7F5C7A6C88496703A8,,
1,Linkja Project,3FD66AF7CDE03E88851E820D9A146D32C7362FDAF8D7C94A2ED7288C08479B3AE2C3DDB3D0B97BB230CB2A40C895F923AD78BFAC6059C9284E8A85E32FCC681E,,2D05C2DDE30BAF9374211E6406C97E4CE346AF06F1FFF529C4A60CED1CDAC6B4BDB2CFF0979549570B2C00F55D500904F356BD2C1D940DBB3F18416E0724F6A0,,9018F6FC9AB62F936C0A7031D93677E4DCC7AF2E83C4E9E6F332B1697208768EE622B87DE908B0D12ACE6841A9A6AB36AE32D126A714132BC9A601716D3CECD2,,B8625EB1A3715CA9B553D32D9466C09E5621B55625AB07EB426FD3C1C36BE6B60C00F52DB7FE69D35A4473C2FAAC7283C9C5CF498244439C0D5B95E29EB195AE,,3B761B20934FE6592285EA276931CFECC4D6A5AEF89179DBC14E4547D591F3A6948EC794BB7D13F9FA4CBCF90936B7C6202AB5A62764D20A48C97D7DD050C4CF,,
1,Linkja Project,D7300C93CC293C83BE0BB35F40B3F218948BFE9BE7D2CDBED7926ABF29F17D7A6022F7E8CFDCBBB801FD70DAFBE1577A2823F104434F4C668D2A4677FA8037BE,,C5508EC5D6E5E6FB25DE2DA5BB362E478EC051C86A8FD43E8186CCFA4A656AE085B04F96D3A788AFB8E814E7101FD2E842145491502F36F12BD1A4887CA9B66D,,BD8A54CAE36EBF1CAC44649B000847E8001A6B90D07DD4D4C4F162A83988B349AFADC4DB79B4B264802F90AF241918B18A0F16368E5F7CBC8D2A5990D3A98938,,7E19F2AC7B6EE812C153BE8D2CC1B4CFDCF056AB3FA4B5C721222920ABA3970F7736224C0D5FCFCB5DEA2BDAE1A7DD1653C18F92049E2B691E5C38F8C2CEFDC4,,0BCDBC8ADB87A3BDAA23E989D3F09DD990BD534A5CD4EA41FD5131E417287725D3EFF4D2BFD6FA513796604EFB55FD17990B4D234B70C096B170349BAB4F8005,,
1,Linkja Project,7410EC57E44863BA5F780539FD1A40F2F7140EC3FB754E7CB1C143913D6AE1814358D5EFD9F89CAD8AF9FF59167487526CE65A88FB375B3704B36C75E2207B44,,99E6CF5D737BDF36CB2794D0A879B134C24A568CCEDDFFB00C8273A2A5981B7821B02BFB967AA56EAC3E2160722ECA9CA7B7F37F771CFFC70E6DD598128989E8,,F14C40DBEA57D6400E715CFB6F31196F9096694CDDE7CEA2B3F3912B2FA5E15A16600B30485C428AA4FC12E23CBC4BC7645E33EEEF165BEA3C241E09D4344C09,,CE68246440E38FF06575F92DB0CEC5A60823BD08F3630AAB4FCCB78F82D47DF8302846375FB2DFFF1A011D43B28D3D79FF5738698AB1B164031EA5C9E1BDB9E5,,FF7D51169494AF037D9715F5F18F7F2F11346D52C6C84A7EFD69CDFD1B7B43C1AAB19374639158769AD41D70682C9AF59CAD586CD4C1A3EFEE4B6373B0032595,,
1,Linkja Project,EE10B2E92402229A7BC5C96491691C024834DB0D6CB88F9234FE2A75B3591742BA93E0C922D579BC9801C8D8C4A23FB0C6A0C71727FE629799D9244CCD844671,,A5ECB555EAF1C908F04B8A9B8714CF63D09F72A51CF4BA019F0212ABD8FA971ED38893D0530365DD987A175CE113BB47BAE8B9043BB6E23F3263D724AFC51E62,,43DE26B6E851D814199B0500AC3AF8BC35263EC3AA0BC7DE395A74B8AF0D112E2D2E38D4B5450DAD890D29ED8F1D2275BD0C712633F12FAD3AB4CC0278276C6C,,25A7202DFF2905B7E9D5C556D4B0825ADFACDCA3017452FA2D37CC6BD10A287CF84A5C5BDB469FBADFDA9B6C268A8C77B06229420323E685A3CCAC86BB031DD9,,FB5D0D1E105853BE3B7C9293D76053A0C1D2322D4FB25EF935DFCA48BF78BB49B80C17DDA5FAC52A8920016C702E1B9A68F6B195838C3BD1526C1F97DD6CEE63,,
1,Linkja Project,53558B49210A4191D83D8F536DD7B5514FC35D028579906872C230853BDB5BECDE39AD62689E344D10558053AE1262886EE82C5C84FCAAA0F417F1EB858E65F0,,E6D6A9C17BBB3C6ED0391416B496804CEB5DAB83607F093CE9EDC10F1E1A0D6B8993926233A988B8773E4EEB82BA0D8CB0A29162788E95C81E6E4AAC66CB1D05,,939A9D513BC3BFEC88FE7E42065478CE085F968F55D5EFC0D047B2C63393E7BD490048EAD51D694519400743B24D5008D021E71788980E739DBF18309BDC2750,,58ACBF18C29D4D1488E10F1C5DD33C5B1F55E5CDE4556CDE8CBD7A6785B8C255B42DD7375E8C72E00528FE6E93F38047BCFFDCBE74129F1ED3B938BEC61D43ED,,016F9ACE915E2FDEA442DD65D6A02D332DC82BC25C4A5BC0705FADEF042A629A05F8807D7EC378B7A10C02788D0DB93E6A56EA5C393D87E8409552F0966E294C,,
1,Linkja Project,A57565D07E4B842D2271E82E8ACB08A26E100BC997AC24272624F7E67FB07881A76B07886E79CF898D14CE4480F76891308FA8A44D2645A2257B9906DCB25CC1,20567DFB73D5B6553AAA61E7534CE6D6DA15E54497E556F648B979A0A1C094651DF3BF33572DE6F12906AB8B02D573E15FDF666943146619493AC521D53AD809,906796F439D9A756B8B7FE57928BD24675FFB600FA487F254BB6EE786EFC2851F7974482C0C2D58C2205F67EBE684648197EBD0D211AA96D9C50DA8CB47B03DF,2F529EF071F991CD29E8FC3CED9AED65260B3D30ED9815ECD76FD3DD7553C713FDDA9EBD7DA65610D40E4E40B213D30067238A629D4E9681B3AF52E159DBBDFC,36130CE842A7C9C8550B986E4E27CAAEE9D1114C6772244E7AF866966EDE7125EC21D3A999DAA41D962A866829C631D5CE59FAB3BF587E0F3D3CFC4131140048,ED8209E08F931CF75C3C76576E155F621129EF609DEEF30E28F752231234D0DEFE1ADAC34372180FBD6F5C21A9DC07A3D7928B7F7047B43081661F4973D7E088,4295FD690D9FBF51D4DE37E33C399F355C14B526805EF92EA4DAA82CD5CF1182F8397D3D5EE1C53C6A63B1FC5ABC1BF7C4718436746D696022A7C4BC59BF05A6,C23A9D3F27B6B6D9481266B65C2867585C136187E6D189D4ADB000EBFA31CBC132556A465385F530DEECDE98C79849060B451977BBF85AD6CA968104D62AB7E5,7E42213CEAAA88A3F58EF90F1E6D071C5D6AF849DC4D29E60172FB4A72771E9A6C11CDE13BD126A72574C441D1089A3A92C1366FD681940C80CBE7704B958C77,7E62949D62373A3B3E40A0DA52F146D2F27BA8F706F75E24D633D3A39624DD0BED4AFC37A717107B519D22C1E97B47859AD92758C45B9C367753C8F1E31486E3,062571983B144FD8AAA241DE6BBCC532080A730A47751615B478494A8BF5379E2211D6B085C984B2B9A1B2A0CBFC28A9C1E298475EC782D69BD6FDBE8CE9E08F
1,Linkja Project,6AD2D2838FECA3F4400766FA19FEA0994D478CACC122829B69DB908D4FA01F1C5DDDC57CA6B778712247640690CDAB7815C0B0F919BC80F14733145999DF5348,,F70389898A9B4E1587E648D4C8DF6FC908274CEE3197F9286E890C4247F4AE637CD9486F336C6F58FCED34F93B46FF2EE4836903521F642FAEB01A1D2D0D8546,,3CF1C2AAC3C19ED827BDA70927DAD2E856678A51791836B567D539004EEEE1117E3A5764D6C130E1A111CE92ECFB35DBB2F386B2B27851F81A406C8C94645195,,D40E8D47AEB19F3E2FAD2F02CBD0F3A6EF7FE4BF83DDB178A0E8CAC88BDA4D0D128AAACD3A1AC9A3D5BDF8E778C7A63F816C9436D4C3F617BC1D8F325FBD7D8F,,817175C1A3BB8D83CE80E9AE055955285547B72FEB8C10EDB3B0E2192BFFCFEADD2678ABEA8D7B703FEB279AD6D2BB283BD09A72F76F2DF7673C27BDDB3B2946,,
1,Linkja Project,68704CF6016C0539F2D82414CD3D4888CF813CB4C7700E282AE67C87FF6CA4B96CA1210D836F879018F3E4EEF6114BB94BA90F4B1B128E5C7465ADF71B0B59FC,,F7E287EA81F8D081BF6D53C74D3916D8FE2BB44863A782BF15C86CDAF52F4C13E0B3DCE837E7EC193BE21472EFC48063C27F4E8BD04C1B0C0F413A0B2425C666,,97F863AEA1616473FF9CA17CEFFB72EA58419E93868F218EF7D8B7469A6A58FFA788A6851A59631F0F6D7708B8AD67DFD82F36D3902E35CD4F3C2243B8C5E310,,88736D8C346A5C89AF91969258783510F4D444C65627BB86850B971CABAFD0E5ACFD14D45599393D744196D5353D2A8C29D8245D012FE68F8301EE7DA5A247AA,,550E30C1405528E056BC29FA3C183955E1CD5D1033E87B1297F897979EF559EF78AAD3EF26C371AD1C437224E289ADF9BE427F9BEAED35E27885A6B428523B6E,,
1,Linkja Project,171FE820EF2D003E002D14689DB348154293B62BFF1FAC01E330CA8DB9095CEF282604E68931250D38013F4F4AE932CEBCF7B6DD31A5FEB4235CCF2F357AACF6,,319E02A125F446DBD3D769C3187B8739FE822BDD2F8B2A9FD910042733951CFF3A5FCC5FF737B64E3CE11B277BB7032A65B64876C04AF4E18A20DC3C53AF9A8B,,28439020EAD259293554400E62605528759396420FF99B69F31AA1EA0C55B16DA7B660D21FE0AD5AC1F34346D2EEBA0B164CF9E30FA538BCBC2CC15812F284DB,,A4C94567ABC09C6C8754779842FA50AF54D66F407FF9EE6A274A0E9D38053B01E3A1C74E730565C8B752EF026A82B7B5B0D90307658DD6494E62B1E6581A4AA1,,DC334F3E0D6AD2C805E49DCB5FFCB8F51661A14F0CC805888CBC37DB895D7B3C7200737F2446DD6683962BC54BDD08BB5CD7D7032CD00DABA5DFEECC0F913035,,
1,Linkja Project,ADD3C6597EBB57A66968E8898630EC68321F0C15BF4CC6F3B9564C8E8BFBDBE583897C56BFF46D0283E1B4484A6E003FC6554725D8C692F802F8438F742C847B,53D829BA7A5A62BB76BB1483EFE387C3ED736CDDDFC24DF26F7CEE0FC22C1AC2E0AA714C15E3B46121EB3FD0AD73084924DCAE0F29BBB13B80EBFDC07E8EFF7A,A38A882E71C2D24E2D57DD5D095FB9C01BE94BFBED5168363B04525534B6B19ABB49357D981917F8549458AFEDE415D3159FE64AD17C361892ED560AC626741F,5A8E4FDF34D3EEC45D023292BE256F211F5B8F4F95C0004D90A8E32E5046A850FE337A264355AC088882FAEC7905CD09FEFA7A503CC664040183B7A8C68EDF04,A10759F3972DACDCA9C0243C86D837FAFAE7C68091F998AFC463509A5CEF2C153125D80CDFE91ABC0D5E0FC23B6A19634992C35F9660FA57CEBEE7DA08250CCB,3A2E0C9EECC420A6B9EE816F0F120A20C252832591EBD25CA250B46F3EF7FDF03957E6F1239616915F39D9115F2FC6122ED11EA1D37FCEA2D6FE967E418B62B3,3EE0C89AD33E7D03765D05369DE65A9FFDC00E2491B9E567E0E35287361CFD7DA4006514BF964B450F2AE3B24970E6F8CA39450BAB14736F6E45DC83CDB1F0FB,52E00DFF9BADEEEF9679A5F6AFED885598C1F8A94BADC0FC43A0F6DE3C11BDFE9CDF12A44BAE5DE4FC4D6F5DF1751B8BA023F0859F031A770943E7FFAB55276C,7549C9C12F5148EB4F3319F81A98CE153EC41349D39D5555A99D675305338D2008BF5A793A800F4722963C3162F0B8DFB1EAE8323DDB9ACD4E444AA5E1AD019C,BB7808B0A92A4A3768B463700FFC24E7937EF1A10417CF5453C8F955C4DF69C426FDDB87CB4E5C4F1C7D35DD06CAAFCA25FF991A82739D50480217D6888F9120,655DD44B2DB678AAD380A7F2887D9B83BCCF8098EFEF2AD02648DC620B10B122DFBD7704990D21C2B3E7B8B8D95FF096772E1E3FC6F02C3C598F24AEFF9FADFF
1,Linkja Project,616A412DE6D2FE316E2D38D2CA87BC44CAFF51ACA84661D852D00121E33794AEFEA0AE2B19EB9C365C986888105E19DB2905E61E3C62A5F35F475AA67CA42ACD,C7B3C45E57EA9384E96176467DB94135636E62DE5F724DA2CD434373F7033CF1C28DC262F0C019DF02EB73D0C390908E8B251AD93B747ED7497A497D427B7EC0,A27E8189C9AB91A9D1C65D0FE456E70E356BFEA9757D7F5C0FB34FB976345B23B49A6AAD14F2EF2BABA36FB0F4D8682A0AF85E90199577598C1DCB8520B16B84,B86E0CE5B524060E441AFB31A143CD6AC4F35FC6BEE382B085EF339D2908EAC5B68AEF7D0723BA8D2BCDCA0FC8878AF3D854E61BC0BD6EF1F038173E7C180D4A,95611E08AC4BCEFCE7E87090B02ADA8382BA989E42864D9EE10B25F19A2EF60568A00775876D20B494E8591E2C8F506A6C73E16824CBE829F9047BDA28F36B85,F4E58B619651D5F8462C386AC138C5FB6A3BF3F41DEE8D8226D1EC9462E46E97CD978A2BAC1CE4D8A293DE617D662850FADB9091FF712B01B6E605B2648D1E5C,1726F49ECF96D963223DAB87DB824BBDBB496F1D639F2E0C01FDE5AE8170116B2D86A566334A142EA5BA254F7C0970B8EACA681E71FA086BB06D2B75390E7098,6420E3D2AD7318D96355669F779FA2A51C374058784A36B2827BF40987AB4ADA05BEB791432133FE027E7FF2ED3980AF974545CBBCC09CDF83FC5F2224CD50C8,CAFD5F9D94BF948B005FD3242C93AD2A89148FBD9909EB0E2BCF505287F41385785F75736E2052F10C2CF0351E2DF205A7CAC66231F2EDFEC3AA30220DC17EAB,F45FE6440E70AF402D85AFFA0CE789B99CD64973356D38AFBC2EC1AA77A6DD889A48DBA9B7306885D895559B9D44F1122D8295836B3673701DABBE4440324B0D,F1136162E753CFD94B0D0FFD755501C27F7F4174F1AF5F3EB308EDAC955C9900FBB19F85961697CD7B64EDA82854504124EE6C03EC3058C7956F85014A1F909F
1,Linkja Project,4A229809A03E8B49E7B1CF94F7B547105630EDE014FB96C3A61E5EB6A9C0D807ED29BD7D208752F5B280BAB04D7885D85A05999366859F08C26548A789A2ED36,4D0D973856F722AA17D942C551DCB563976B5424F20B3CB193FF33DFD08DA2DCB5F8FE2044514B96DBD411EDF74E11A84B3CA2F26E80198960BD0B07A9443A8B,46F332FA94482B4543944711AD19EDD301A0AD3073C3FD95AB72D275FC8519E641D541803B5459057591BAF5DEB011DB94115D3F68C6710A41C253C28DE38036,6F70BDDB13CEF05D0F5BB09CE5BC161EEEE511CA02C823D265572428D5CC3C7555F4FA85C45C4E9DD28B03CB407E8AB704127A71B525423A80D55BC9B776A760,C7D8EFDC0129EC5869D1F8B0AAA769A036E56A1C59D11B4573ED796EFDF4A1DA99735AFD0EFA9B27A34113D05C57B7F8F140284E6AF19B06C3BC25A8318EFD67,70093F322F96CB90C0BAE0229F7028F420C74ED588600151EA9D63464E13563BA5BC7E88E5E0969AB1343F0E8B299A730EABA088300A33C6BA762654C6338DA8,16C169FA96A842D9EB1739D1B41A17145130EBD3A870F2E34B86F22A85B350B30135AB986FE4AD5AE223FE9276C344326C106FD15D4B7ABA86449B246E321407,310BDDEA3022B6B36A67D7668A745AEFEBA240EF0E13E8C37587E6B12344DE28B54572509FEA5F5868A81635ABE25D6B98FE47750437EB479839DD4FF7E2B0E5,295447614FA7E6DB3FBF2E8EAE8D2D95A56D332F679044FA65A4C839E4C684A624F84F4391828CFCC33A3425C47F2AC37754484B569CAF77C6F651556C416398,D0781713C8CE8CCF1C44A0058A0C29701509E470478D3FD491EA149345FE4CD3C4D9451473D5C80C0E5BD1A7C4BFDC9795961B322C94E69285F51F0CF693BB9F,3FFA3E34860003A1D84EA52421779FA1732C21C5B463C9403349564D6CA122841A2855FD49F3AE1A05FDAF9BA392AB1CA4C5EE92FC22A579926710BE2D432AF3
1,Linkja Project,F8588BDEFE94F1A002483A2A7727B6D68FB36B15B6A454E93B7CD5819105AE9586D5ABA2E4CD0B8CCBEC3DA2154118DB9ABED4AD6EB6828B4E23A44E635B9716,,91D7B147B1372F2DA47E6FE32FB69818EDC9FA2819BFA440353A78BDA97B0EB96E2657DA7F55D9B7A151DB22061F902E6716AE3DCC0C9907EDC7E23D75F20604,,B7E57C9AFD02D4FFE7AD9210147D0FAA5CF3964ACCA0D5FE28F643F144151495A504E57EF50A643C8F41A558CF800BF4697F3E65364EB64FF48D151F13225AC6,,A617DA9FD4A3DCEDB249D79E906B6499EEC2F850708000B6ED79F06AF4C6D180C6B9F8217C923CF6971E566DC22D039A4BF0180FE726C35D21DA3BFAA9AB4B2D,,7B23DB19F32DB05854B7D8B29FC5E9283E10B25C884E5685EDA50152C14F312E728901318A8E7BD4B05F27DEFD6A31903D52F202DF8A42B24850549F3ADE4D06,,
1,Linkja Project,851BD875133651A3A94FBA292D00AC0919ED41FED2B65C289DB7883EB3877ABF0817AEF9A9FC69C404ED1525645CBF34ADEEF85F6A85C58C0DB81896E727002F,5AC2585E17083A23DFD02ACCDDB46DA4727556FE7C85C645E5A591BBA0BBFA18AD5321FAB172AB484DBCEF60CA477B89489BFEE5A75A26BCAF0ED77E1685DBE5,B75A4FD8D8A9BDF3B5C743E273E792C8536440340957581725225CF61796174BF295F6B2C8D31C755B9D6E1D358A630D485003ECC5ADB15A8284F327C955790B,A44CB5E356574FFC557010ECE4558966CB770E42335C88E7F1B901EF67D0C8B1FCDC229D26CB72C9A3BE3098297019D31F4E00B8E4A5069EB9A8661818D5769B,FE0B6FEF12F4FA1BA71E546D9FD577625DAE66547D6F7889F0F224418DB1D667CBEDF17182F94D9EDDE07C27886F4C39F0ED1E0D6CBFDE4D707FB04D862D9E2B,DC4888E1828B2079D854DDE98ECF07BC96D29EA83108AFC6A84336B9564BB82E555983A5583A4AD0AB46184C3427BC50642C6C51204DC566A7A644AD714CA1FE,362C6F3C116D178008593EE917966A3C4AC7F703DC5F80E5E8B03002F1FE271430A327A4EA2D625F668CC589B93E417AA6882BAA2D7AD820D074F05BC796CF2A,12F0AC8DF2AD787019E9E282D7DECA9BFDC7E6A81D30E7B088F7FE1C7A80A2476112B12ED39F9585AD9C118C80CE80EC64F25315C6FC5B6E08A0A30578496CB8,8D7706680F176160E3110E928EC79049A612A67DC35439440305E85D11E0E073F10629516BFCAE44C2F7B5E759DA10307806D515C077E5BEEC138EB0A4F37ED0,2820A34BD6F711C1AB7A8BD5807E94D919FF1CF6BF68062CAFCB6F4ECBC181782BFC5576A93FA8028BFD926441C5E2BE89EEC023B65EA4190A0955855E2EBAE6,69CC7D9E6E3644AE03AC4FEF2B0DE4DA554AF600F805D3CAEF91A2554349475F14A573E12332CFBB88929A202D546544AADFEEAF90AB642712F269FEEB1BC724
1,Linkja Project,D7F07AF1C20703AFEAE97F407EF4E0C689EA6AC5AFBFF1767CF1BAE271AE9DE0512212780226A29E4DD847DD9AFC9ABC68BD84AE18547379B7262AF9F451C4E7,,84F785FC7F75BBF6D1C15C0FB16291720BC86B303B10139565EE08B5F589C7B1310735EE009A584DA2EBF0110A911FCB37770A7F6A0F92447DC8B890D97EF2F4,,50613EA0441C15CA489CD86AB925582616CAB0852DF33C4390DB96502A5E30179D0627AECD52F0B90DC7B953E5F393CD0425A55BD4BDB6ACB31F3306707A060E,,1945E093E15CAC7C132946E95E3268B6DD402CDBD89073F73910F1075E3EFCF557BA750C050F7D9D3A0383DD42E272FBFF98181C89E42C76684CA44F2749675B,,2B4C772CE9AD6A89F74F699EF802A315453E7CA0B166A1B498191DC1435A0C5DDF50627C857C78FA9D85C0286AAF20AAAB7B546E55A122AEC2E53AB4D7AFCE78,,
1,Linkja Project,BC01E7A4805B594E653639C197B3466BD94DA5A7EEFEA8162DD77CC37C1C3713875A1CCED4FECE2B7327D82CF46ACD21D1AB59D579AF26F0A0F4ED125068164E,,FBB3D23F1148C31E0FBC879B2346F70AD961913B284B904A26678877B0A6686257B6C002A04327D51D5C0BC66AF07FBEC2202205B909462EF77378F0C8458ABA,,9D41E92D0B342E1E9EDCA652626CADFB729582676726EB3E5F14A41CC06E0A0990232D856B9CEF49B8A6F829BF60D6585ECDB60972C2E0443644E963D943CD3D,,8169611B2BE1DAEA680273313FB3484FC08C079533AD714F50151C210111021326ACBCC3255F36DD44813762973BC86D512D928B6E9F482E76D799A52C06CBD5,,1DDF973AA166C46E2F53881E31BECCE6DF3CF695182B72932D1CC3100BA06809CCCE0ECF56EF552CB1006B632A8DC6B92536F95FBD8E2E2EB1B9748CFB0CFDD9,,
1,Linkja Project,784FEFC65D4068A0C3D5EF05158D57E55951790BE126075F70F3C962953D79ECE2296833B31D8B059A8B5BA2F7E8B86A69A18D4B6696AE7E8F9D898FDB26E21C,,5730212CF4F5CF4114DD67D0758690FAB5298A1ABF5157F476704B35A2786295C77DE91E97379A5197408652615A236B7C1886D7B9AFCB566B4B9A7EEF5F60C1,,5013D4D18B14C4430E688049705A98A54ED4C0D050DF114C06889CCA7D098A30D81941293254BE13D95DFE638FB29BD1390BD10483BCF9BDF6DA1C03B7C8C415,,7AD2EE70E69221C1A93BE168BA17CDADF7503DCACBD38A2AD14162FB93F36DAC9AB86792C9081E88395E44C6637E17131E79CF6DDA6FD97872B2D63097EDE0C5,,1DDB779529965D4F542126F24E445E3218C72F0F49B8FB0662070BCA2F84251DA9444E66DF0FC03603A01A2CD9DB78087FA0E6084607B41AAEA936E82EF7D211,,
1,Linkja Project,778F63AB06D00CC55730350A092AF888A75CFC618C47B7B8D684B38F3EE8AA07F04CBD9D9BD6B99D3CBFC8FF97DC6B9FF2068E4176665A1A03E1E015141FF2D2,,B14408E95821376FF06BC8DDD6DF02B873D29EB811E2D024E225B534E812175D3EB3FD60097C616E9B47E8EA9780C709CD2F1AE5B64D56C96B830930E41CB134,,E93C00E900FA64D87D22C55EC41DE0AAA597E577C77442478701E7A16CEED90D418555B42343C494AE913FF5D657FCCDBAECDCC5251A003410556F31E80DF412,,044C772F149FB1B4F8263B2157862907B38F5F95A1F1C8280657FF36E9818E8C6E6FBA2B899116C026E5A0AE834BA265AB51F301DC1DB7821E8DCE5F061EE7D4,,1BAC5A98F7F64D4E1DD8D3C4C69647E20047F5ADF2AD29EA1E1E826ADAC88F4B968C30B741A6002CE2288B1E2F2E78A06E3EB71028D4A9C5A300056338591635,,
1,Linkja Project,4398EA4471E176E4EFF9C50B91296869B289C55757F3605FDCACDFBACD85C8CE5BD7D3768A4BAE0971784CB15CBF7EAA2ADDAA1A4CAEF284CBCA28423B6A2D7F,2C5788A1FA37CE87C4C8D72E1A867165CFF7B757BE4DA7E05D2CBBF5ED3674FB13E8FE55C367E413D86903033A8F37EE6A5B782D2CB8F9E51BF55D3E94065EDD,B14E6646F469275951C37219416CEDEC52FA1F07873FA086CE6ED1F06BA21ED6DD5DFD6D92B2EC3CABC028FE36A53F3F6D0B2396E6FE303904FB18BBD24712F4,B9ABA4FBE7C38E7A6F2A1A724FB59337D8C4E2061034B7B53C22199239FCDFE0BEFF5B4791493FDBC92F84BA22B9248750BD3748EAFF9E51B822F2AE4B23A840,AD8397A8A59578123DA623F4CCC5DDABCD47165954D209E05198DB513B6A8903C7FB7399F72DB7055AE7773EC851594A146482D39982A278686648D7486FEBE6,B065322D979C748736F515B0F3F9EFA80291B757C5BECDA768F16955586C7B0482EB5B4AE20DE6CF5B304347C3B53B38E181357CF3B66D4AB1DF11D38FB4737B,20D76EFB313DE02239614728604FC93FFD30A48DEC5DB5EAB9E61C809127ED206729AE537AB78169D000EBEF1F646924375C12ED9B56797570900124A0B9C1DE,30565CADBE82F1D55EDBD91A70A122705717B80EAE57139D6B689A3AA69106A458DBC08079DA978F68069B259CB634A630EDB6C39EDB8277FAABCF1AD2A21C5C,FBC5EE70F535417D8C5620C05B31B8DDA9259799602B4C946B60F1E662ED1F197034EF694D4B75CC62A714CDE49718DD571BC6B050004BF6DC2639371C9E0C17,70A0C244FE9845EAF9191F4DCFD48E9BF4BEECFDFDB0B6560B99A2BE49C0957A40F5FB6C5A09E17AC5AF5073404B76775ED18BD2B32F29B99C6D7A0C1BF477E3,ED6AB077EF9E88B6C8BBF0B565B296852D6F4F49542E3E24E29B5EBCF63838EAF1A19968DAC131A5F2EAE135C2EF7B6B9363FED9C981700D9F05A1FC7E33C694
1,Linkja Project,976372B72D7AC3CAA5B2F8546E6221F739C8800BFF2E94A4C9E3DD8755F4E9DAD54F90ABA2898133F4A38FDAA419DD696CCFE3EC0EF776972C0B66EB0C2504C1,,25A3210E318AA488CFA109C711DD04F484B02A5BF847E4B23067A3C3A90745B66A2E2B05ABAB822B33DE037C06A17BB9847DC567C5379C76C6870927D861188E,,5516A5EFA6C2FD330028F015DC6751A4396DC67CBC305C0F1990E1DCE0335E0153C676F22A03106646D936543D94D7D4E8F96C1112B109F0161EA40BAFCD5C6E,,1C162CD50844B3DCFB9C546DC899D9E8818B11C3E01BECC57353E5284ABD56AECD58C103A0378B0D49EE5BD7F1F6C114DB8B909C8C3F909136D53F5FF8153065,,33A415DE8D06F68BF29270BAC8AC8DB9C4F8DE08EF3025AAAACD09D41CC7DCB926C7DE55DFBBCF1DDD069097E810C6D5533F625A759F26140196805228E22B94,,
1,Linkja Project,43759925A69399B613EF67F22EDEE7EE373810C29DA1FC899EA7985763A680C6BC1CB0656B0C1EA8F964C34AF9D8B94DC09FE446316151BF2B2F91776251C931,,3D4C0D49BDF1B90E59A08548D0FA3D1DD6CA9EB7417366AD0B7D99349023AF2DC6CC86880D825955E5AC5E29E8427FA6CD28731382B1A1E4F8421B3EB962C20A,,B997E4016B9363CBC0B55FBB5F6E45B438FF9C6082F1FD2C6FAAD338A8A4804A2E85DEE5D6A07F48214DD379922918A7988FD95F822D0ECE8F6F143E00C6CC0E,,A257D637E3A187987DF0B4CD55082CE6436603D1C916732BAD10B74C662657113EF52FB8D1D7B8C72C6942982FCAF5AD63CC469167D186AD2DC0A946A488085C,,E3F617C49970E11ED3D2473D23816501C9B9C22243587EF9AA0547B7300E017239A8DB41A794E76022C99A9D37316BE88A3095E65C2B2AD1C03C0C97FE0B6626,,
1,Linkja Project,E42CBDD47B5C9A746F207546F4F9DDC8CD582EB25DAF26AC06C5E674A79C1CA05B6464B3EB49CED2A7A5D2344D39E9D79CC225B40A0FFFE4E92D3D5068394E62,,4607DC8EEB81666290F4D1DBFFF9F2EC422F02557484B63AEC42F0D73B265737F3875F874389391BCC0A9B6B22BAF5A97A9BD7C043AF033A9A8B39C7192759AA,,293DD9D1AE0888CBDEDA11BB22A28E51D0B5784D8F7CF681FEA65729C5C9D5C7FFD5DB0F2DF1F75CB359A37A9555CE0AB8AB2481D356899720FE10FD54968315,,C3B2616451BAEF72EF1326051DE5A52CB77039850ABC33C94AA72D29463862458FF9E72E6DAAC11C50461C27D6A0F41B9242F0C30E53C9684AE5AC8B81894B3F,,F186B3CC4590B28B72C516D58725469E8D2D915DA0369B3205F90B87AFF8138D8BE05991815A6CF587112780EAE370F7C41FFACF245CDBD98A915EFD0F5B6F04,,
1,Linkja Project,E33A954BC8CDF4E67612A56E91080547F19EC116B5D474249420D95CC3445940EBD66BFDC7D1393DE884997C7A46CB40CB17DC6390B5A53607C822F21C9A94C6,,B202DC2927F52609AEE0FEEA66FF502754B168FD8FE2E12004163F8DE993822B74C6444C080579A0BF8BD7F99FFC6CEE3FDCC945E3453560512022B656677A20,,5CCFABBED5F713F5B57AFA0DA4DB43F8E1DD688A0F01216DB894CD790710988004F5FDFB37EA6E7030B6C610AA60E95EBAA5FB770BA553CB1A9C5A3D64EDE1E6,,7A24A11C32A4E99F16D886FD1D7F8B40822654C6D99993C315FC4B2BDD239C8EA129DF122DCFC5C0D3B53A2AF4AC8C91FC8AFF9F9E81AA3332E390BF3DF33D8C,,5659F0AC76988B597BB6A8586B7AE836D54E75485CA9D226396C2FE456C5F85110349225DA2F3C2500650D9A94A99A456A67630AFF64A273FA769CCF37377061,,
1,Linkja Project,F97898E55D8856FD5DA4AD1464255DB9EE971EAA119B6CEC6AFE78E804F15E3EEC512EC5A56D518483F585144416D9BE877477F8A118164B9A971174CA536E1B,,6FE820EF958A2A6633555F74D7CAAED43227EA6BE12E2CD1DF6109F2B1D5ED5444D7EFA7DC4F39F1C6798E2CFCF7327DF1D04209D8611396508BFC0DED63475D,,76CD2DC4DC45B560483A434428237BE60C553FBC70A1CBA388E4FEFDE810C52F14F3E9E6B97378DE6B8671D7C9A189037FA4F8E46E4B42211A60D6740E50AA5B,,F7FACE8972E4746EA3E261792F16C2EA89011554C5829989775F90AA6B94003E2DEFB6453F068F09475A9CD5C315E46257550026B5807EEC45CE3877DE02C726,,ECB0A5FA7D83AFA7901D0B999108C41915A1BB901D9B338C181F49B402A70C52416C1BA6C29701B2ED100E3288C02FA2C40FBE982B7B7DC95C47265ABA7D813F,,
1,Linkja Project,E2E65D806BDB3B2762D8DE54FF35DC20C09F338D336000624E0C364D72FB78910AD6F216B5223AB60E333630AD4565676303AE316FC44CEA6439514B70411EE2,017ACD63E5A99F22504D66A647F18C3310ADDA3C6C098857554FAD792BA11FDA1A016BAE896E664063AA88F317F03DC3B0A2596FAC55395B115B12C4D42E7820,35B9A6C283992F96330D37B80F3344B9F9AF78DA0CEE4292B8EA6B8290CD550AE3DCC4539D09EA2B5A7B52AD848FE03FA0BCCA0F35E36DBD59AF9FAA390B7B05,93DF98FEC5E8579B318E0B6E2E1746FCDFA4682FD9F96005C56FD197BB87945899AB696F3FE261EC36880DB30077A59CAB6390DAFD9940FC79EA89D09BB9DE67,B3451CC3DB65FCC40B0AF572F2F25C4CED06A49B73C10A5DBA240E9375CDAB048D6B71CCD8B63145515FD7F86FF880EA581B8FF8991E3EA0BA28FD42328F81F2,99A2B88DC9DCE27584EE5E6B6F7C1DF1B9AB8E4B84839F12263D0472EB6783E3418D6A16DFE1E21353F2E5A10D92423E3C84DD31A7842A67BCF7EC5C7353800D,C015049E8F659BF48F397E00449453CAB6EF8C67E11DF6B9B68525C79B22379FA2E81CDCAE5945BE44E6066F04559F22608C74A8739145CDBAD52C93E48B7448,215C85B3A02837FD5F95426D6407D11CAD93598A5128B7857DEDEFD4E2DCD752325817A4D36E37EEC51E22A517F3BF6DF8F6EA5604F915D98FEB13826DDDF110,EC99BCFF21BB9631A1C9A5DDA6896E1C0460256FF6174818C5832B815A273ED4C53857F233EA2100FE25E76945429390B172EB1481B284EFA78675521041E3E0,111D6D3A9C1E5AF48334ED99182D44DFD8FF68468D8F434B33CA559999E8C2ED5FEF174404FDD556E121A4AB10728C33E658DE91449A30041FF9AACEFCF4E4F9,84AB050E184E09E6A98A88049187178E7D0D6985BDE050D28EF03550DF2CE1A8616F5A5DC82D55DCC5F88F037776C4AC2F661FD4A63F1E3249429189D81C5116
1,Linkja Project,928A29551D30D5E1C0F35ACC63AA671B0EAD6AD08C06798F6E35DB5736DE716576DF584A408097E8BB707892B8AADA04B6ABB9600C8E23B981E7793AB1881F1B,,2C546205389A2BC29798DCF7FAF9C5645AA00A443024A6B05B2BA71452FC207C66F2FCDCF17520A794887DEC3F5F1870E17408FCDD6A2B3572388D8C7DDC234F,,9E5AAB251F6781205963DA9C05A4195213B74F1972AC0134F2CE52E5C867F546C50AB95F1B56C908A5A70BBE8480DD497FBE1B70FF30F5FBA9F2B0AFCAF4B3CA,,959237D055756AD77D5FE15430002EEF4868D4976ABEF1CC0C9B40241B15A79E586E1C51A135C23A985B36550508A284DD5F6633164C2FAC63835BFEA3BA8740,,1CCDA23B94B89CF9CFD52244643EFECA3F11B5D709CDF95131A621CF64DDECC9A10AE63D16803A5D16A1AB1E7A0B33DAFD046D7485434B44EA1B3F8E1DF8A638,,
1,Linkja Project,88560F89CD4BE36B716B4B04D7EFAE8AC83D1266013633E9FCAD8CA58861533A996C78CC656A8228830AF81BB536EB8CFCEA0BA0FA2980E8DCBF4D21B7AA7905,,9960E044C2266047162C46C547F9EC6BFAD2F5C49403DFD5EFEE73DE365D22F0625AE6E845FCD3EDA143A46DFB465B13F91D3FF3B685E693346DC5EA94B430A9,,EE2ADBFBF0A829C2B8D9AECDF839CA5C847B2C2F3B19A8F26021B5EC46DCE50CFC3EB94DF99FDA94840B84903C928F4B8A9F146154AEFD14C7B67AFB4AFFDB34,,B8A0230949C50EFA129D84E5F2BC144A2F350BAC7A9FB5A235DA253535C638E6735941F77427648C213FF9FCA5F02684B4E5BEC6B362F6DA6C1447B7E6EB57D8,,A7C8A7CCD8E3D5A727D64E68FF0DCDF031545A895743D299D2E49DD3B18FDF5026B1676B9884587BFBCB0DF2E9759C5A6C68A9D9F34DFC1258293337564D88A3,,
1,Linkja Project,31245C8E630B44FA46E49166DF9758DF80E8895BF12BD3E5601BC51880D88D722A040A4916919C559CAC658227A73E48E4FE499E7D5E67D772D6F1E00EC609B7,,C077F07A7884DA720BD300FACEC859574C9143A239463EF61D9396EEB4244B0575F6A347EFC46B092261A80CF378DA54238C8E374FBAB8AEE329E6C95CFA3D18,,5FD921F9E29201D4AE7BFE3A24BF7EF17039172E1D27913474AC2A831DE56F4A99E767F94A3EBE8698B694C0D56B38324F160AF95BDD70BF1B30F4EAD6A8C3B4,,AB45DE2275BACB7C2E69E0FB773C449330D4EF5C840F48DD00D9A98AB3719F8586E50E8931E2B250F9D5B3FB8541D35E0B2C867FFCCC0950009B81366A0FE268,,7299939EB076EBC3C42593962533BAFF34EE389160085F0D556A0A274E18514FBD38936AC55DCACA0661E4DD256064059EE03D5A6070B07D9053E6B12E2F73EC,,
1,Linkja Project,185C4D64E17E0745F8D057D80C72A35DDB1CEACD96280EF7A09576B02C9583FD2DCC51464CEC66C15838EE153BFFAC2ECEB0D2061C4C8667137F140BA3DC55EB,,24DFD39D921F06D05E65F4A9B8A65626627D1122FF2640BD57C160124532FFC454AD9A85E1766D2E5C3B1A87A02E8DF7A7829EC35F20445E3F63BF1B813CFDFA,,17246594B7CC36B902091ABA208F5970FB3ED1C9D56484FC8357EFCAE1C8ADA9F4A42B3A990799D5F88B042AD41A322252AAD016D7FC5FF44A4999011E0363C2,,F8D5803ABB49D9C2D6E8DCB75170DA72174F4530DDD1D311077C556E1358345A2583CE22101335F3AD5DA45F50930F2FF8B3AAD9873D41FB3678953FB580FDEB,,17C2907251C428FD545BECA9813CC474DFE85A63701FDC3DFEE0A7A8DBF128F880679AC35772A84A71105FE3DAD571B0D952D3E777796389362095C07136AC4D,,
1,Linkja Project,76D3DA2C290EA8FC589830BFA741A3B1D3A403865E5DB524B455F4C13C9916BDDC16259F8507DB9F002595426CEC7AAA86C0E26AD7987D5730A5E72A76E11F17,,789B1E23EBADD3054241BEA16BB3ED7F1E4119D65168D4693FA407644AA992AEF78BA2CB28A96DCE431078F3EF2A5E89F20C6B179170ABAD0EA623405AB11E40,,F3F8C3F544B3264EC66B5C3FCED12665E27249D0D3C75D70A726DB275B2879FFE3C6530A92CAA95317FF4371008F84439019ACA18D2740552E0CB0103B97D6B8,,75607C2449EB82EB3F7D33D7511A5405CB8EE0E6135E87521199946A11E86C2185D233010EF30B6EF362F165BC27A41F568D73AAA69B4FD3F865960A339D19F4,,6F30FA1A9CB8B1E898688E0E6B3763D8B72250E665AFCCCA44E88BFE78D8BBE44E50FF9AEB47AAFEF8FD30AEE6EF3721578FB76833F6AE83F0D830BB714D5D0E,,
1,Linkja Project,7DC1347C0FD2B94A7CE7AAE20CDA7B489A245AB9AE5B94B1D5D02A31602DCA481444743ED194069168643C916FE79EEB035921502E69A6DF1AFDFD4B3EB8D411,,731C24FB16E23390B01980936797341C0C7F081F93082098651092C0B560EE5C8C26BD48B3554D29211C4E69338D85FFC9CE38405A7196C5DACA620C8AAB8203,,ECD9ECCE3951BB4E33B4251AEEC88A895A0DB0C3A7E50072BA7464BE1D5D1F7108D34A49AE4D6AEFDFC1B3F66314B21B55F2304C4B10396C67ADA6BD5ACBAFC0,,7AE06BB07997F14A6DA9DADCEA5F8321B9D2D5F98AC5C60D59B0C3B400B77D8EFE40AF41F13EC3EA3F019FEC8FE5F217EE8C3566DAEF4F81ABC3733ABB752D42,,F9F01AA8802E6103D1D441D10FEB9FF7D023E4FAEFFDD16062F70A132F5A6CECC4DE50968DBCCC5A7EA7919BCB72C9443274807AEA8DB438A40917B62BAE1C63,,
1,Linkja Project,3A31E253FABBD797480B49D9EE6D4D70C39527BAE911ADAFC79DDCF6E9B59E066701F9E807B4CA0F17DF35BF9FD917415DD518B6732F1B4B5C0AD4AB1EFE14FC,,F65BA865A0A1259CA04ECE8BD91373A14A178E7874163FF7BEC5F451AAAF1444A3AA1FB83FB36483D876D5F6134E83A3A70F0E3C8E14214E7DDE31F25FCFCF68,,4B216F52524C97BECFF7DFD956E29E309847C60371F636532444C7378E9FA2ECF701ED5A97646794AAA1B008D4FDBC73BD547A60E39EE60113927827DA0DF58E,,6A2434D6EF3DD55F84EBD01640BA72A2E09FC03DE14B678807C893E6263716D64B2B96B3504EF6144DC3E1C437C75391F40EC8B6B2E45333211120F9A637FD3F,,9C7FBD11CDC5C688A114AB2838D31504CEDBEB61A16D29BE62ADCD4063E99CACFC7134BEB4ECA50A21A549056523FCDDFBB579B63E0C244F8E230E0DAEA15757,,
1,Linkja Project,94C26B916FFD96FA4AD6DFD0EFFF6CCB838FE05B1317C4C3A429DE6801DA9318362F94D974BFCEFF4B3C05102834B47EBD720AD5E1D3C3D3B50C81924EBE9F41,,145BBB5A4C0280747FE9CEF6F3615245733092FCF2235BD497B1AC5598FD22869A9E986B95C4142ED724FDBC6D13A63D6E696E09DF1531544EE821E16D240345,,4105219CA0A6813B6088A2598E72C37C4FA6278097759F431BE9FCD9652CD10B35C0BF1A8DF7F00C61CAAFD7DC351049BD9CE03DBFCE119206944D2DDB3E0A7E,,40BC9D4581B8904C42457E3E412DD0F1FF560CA10F266DE946D4C883FEC4E23039D51E474E92EEBC08EBE9627BAF76C41AFC96ECBB3C3F55B5788442343828D5,,54A5DA2B3993107D09B6EE42E8ECFF693FC9C4B9A4AE18CD84D0705F4A8492D6388D7011DB8D0A9A8B6C2957EBD2F728F288F0F0ECFE8919FF94F11357B10FE7,,
1,Linkja Project,A81F7F0E979D8CEDDDFD80F8E1E7343571346944EBEBA829903BB73BA25C53D7DB568A0C7E217EAF8C87AFE963F7ECFA9C9E7230E85CF1B380BDE55054EE5947,,7F4584A2DF30BDEDB28E27F49E7FDCD99169214ABC38DA94253EA8BD083819A1505958D47ACB7EBF910D2977693A09AD5BFF84F1F6729DC5346E178172A61F8D,,1EABDBD7D06B0ECC3022AA049FB4FC3E0B2540FA5105B01756425FF5CBB33F7E5469D62B5A1A5F484CB5C90B2A5663B81B5EC50CF1D353414EDE39B1A54EC7E3,,6693BFD1E945A52CC91C60F6103B8BEBC0C03E50BAFBB013A470045F017ABE70737FF22EC721E1F4A8496B446EB47B62E04C7CE4433DFFAC7B98699201547169,,F62A553A1276BECA37728F58F7CB9B53785DB9E0202F5B960C48B56EEFB7279800847BB7118D3D91EFF954B9731FC9B10EDF4F3D447B9E6B55714DD54DFCF564,,
1,Linkja Project,1B4163DD520E40E6C5A38E94A33E5AEA0710F7598B975B89ADD899B507B81D5D819AF6502BC9AA461B9721A4F05CC0F8553D4FBC55CDDBBB3F65E3BBDBDEBF18,,11F2F4C3D936A957304FF350994A3257EAA175ADD534B3D6F8D7AF2910A4EDB9C4A58FF5944177ACD0DCDEAA1A22BB8F79A68B53AC71529D778A991323AA7A22,,D1DF7ED14EEAD03C045F5B5CCB880CC7B029F32C7DC4E74AA5AF599217FC1D2EAEAB3668455E80189D7F3D75959B8DFA19A2D5B220B83AE202F795ECCD62F702,,A98371DA63207B0FE289CDD09AA7298416F10F0803549A8B51D33DFF2CBD9D6D60989A90FD67227ABC7A82B288EBC627B411697457F2DE21294BA7917C92284A,,8A7D245812215B62188314174C39A413F96203E7EBBDE03348D10C167D6E74D6C425C1B075E6788DD35895A144CDD11B494ECF6C7E18A9E63ADA0BF48D78B685,,
1,Linkja Project,677C75DCFF2AC3493E811D96703C4735CF67AC69EC143DF83A68C884B66D14D72F1C96B42F46CD1162765214D9755F3F12F63FACC2F122C52821171DB677ECE6,AF95F7B504212FEC9EAAE3C0B355C68A0AD1905AFF51D192BD17AB619B127F47899475EB01961787BA3DC0956E065A1025F77480AE0FF06084ED707E1B8412DC,3E11500AB863D1F10192D6ECB97423F06FB37703ADF57DCE9F678763D74A9568A9991EE54E5ED18C831AA85CF3B53ACAC030930BCBED007CE787C921794BBEE8,16B900929434356105D168A2F03613E0B0D9114F304E0EAF31C161EEB06D853FF42E7332037BFB7B02BB644257DCF8D65EEEDC607B6206F508C5A0719866F461,A849548FF5987768707AEF0B871D999DF8DF89069A6B720E1CB2F8BE13A992FFE775DE5A4153D734E40D8D3212DDFB052B772099E5F9E8CC2988469644E7D230,48FC09A8D4DE7613C1279361178F9016C03F962D097FFD9B6C50F97529FEBB3570CB2E40CA0324377D37BD912EF01011859399A014AD417FD19D28D024AFAD42,A9D9575AE73ED27D0AA5FDEF4BE7D5339881113E0BA691DD7B34F98BAF0792E10EAA450FCA7C07EBFEA9EB5626EEFB57D6B28AB17FED2CCBD2F692C98193BC60,EC13A3821D99456D02C5426C1CF6D5034BEB8F5D2A98FB2E8117F68B12C2F658A7D61BE16D0878CF5AA3DA4C90D990CF9172BB32AE32A59A2D49CF834E271EF7,7BEAE75F18E0876148987341FD4B80B1E105358549FA7BF9E058CB9CA503EB108768F6645B3CDB0079DAE8F2925FDF16AE2238D282A619E78FE598ACBA887C46,E47420228B182F1F09818022E38ECC55C3E9031F97258A65ED4668AEB1FBDDFCAF1855F1ECA8FBF5FD858A214A826E00920DE3E58F90A34F7BDA4C027738684A,83220FD0CE39370F8EA17B72706E6E630E0356ECE7B23EAC4D48D4C7F0527620416802417EDE64E8F4AB471F86DF71BBEB42A2C314D9424B6B94CBAF30352409
1,Linkja Project,BAD0C1F0633E84CC88F3B9E5387FE4C1D08F6CA74D33AB9571634F7DD1DE0D48C75B2DE729398669D60C2D3CC7A067D88167FE713C700C7F0D5E7FB028E56652,,7CEF50B491D994B40D9581208270F3BBBA52E4CD739ACD41D1AA01ED0416F4014CDBDA7C3BE3A87D59CE48447A2DA62B77A4F99CBC1EE8C89209C40A361F8C20,,798AE1347C97A0E7A55F490FFFDF1DF88F960A4874A7D1FD7B568E522D41244C233EE2A18636E22E3FD147B5D6DBEDDA96DFDC5DE213006F8BB253D6E84982A3,,7BDB9E0F6727D5F1CDF8E8F05FC710C47ADC023C89B31DBEB937FF8F502D479031081C0C6C39B6AC668AEB135C9746631041AB2C3574BD02C487179E33088528,,B2079352852D6640084ED95E0CFD59041C960880714CE8715F756727041F6DB57B63D9CA16E3E4E5D23021F50DCD9BC3A2A53E57D22A39733A28DBE2ED1F2FF4,,
1,Linkja Project,21F9C12FA004FEF650D59D33F553FACF89A08D62ECDD237C6391AAEBDE07B94BE70131ABCB7E273ACB43646BB563F85998EEC518AB271630BA43063AFF1C0C3A,,5AB7F3D2F1B4B260F3D47B56EC2BF96D7088D4F9352AF1457220E7418C1B0535D8AE710CEF0223A27BEAC4EFACF27E32A54B7130B2DB6025263EC59DF84EF139,,5604A2E5176271562C7FD76F3CEDE048E106FDD811AA035C40428F7E5E58B424E174E49723D7DD214C8F5D9248F05F764B5614B6A5DA0963E226435A037B3E5D,,47A4FD1D81A38BA8BAC045B37C8ABDDB6F79C8C678A5BEA2CEF79405CEF2BCDF2A30EC87571A8B65082A66B0E8768EA62BF9F61FEE021D74120D6932BB71EC5A,,1A0F087889AB580E3348D95540FA1DD1A812FD6B23C51BC8F8B2AAC3333D8197DEF814CAF8310B8F6B535F48544EFF8B8D4A31DB9C5F311BC8CF1DE023E8529C,,
1,Linkja Project,36DC5002A80FC49530EC7E0032247637A3F86C9D2D35D3BB609C04353852C6E16C4C909CC8EFE037804D8D8C9FD8FA9555ECB69D3245BFD4336E19E2CDBE0F3B,,65EAE251DDED2E83859A882387D1FFEBA8C31A5F673C02FF4830B7B63E2638AB839002E375B7E27CDD491DF4A757B20EBDD8BB9D8B666138C60DD73AE03C7E0B,,BA5986ED3390D64444656F1D437F4E8BE2D7F7E5E6DDC46A9DB2EF359C882F4F439D9545EF9EC45C33883C6C0768B3A8A671704831BC34A6E32AAA7897462202,,56ED348A4D47B580A975FEE096730AE6C8B5ADC9AA0BC4A54EB18A50D20325D9856ADCA9D71260CFA577E674589EE21D8D466B2AA55AC0CEC9EA712E3C550517,,ECEF3D805BB0AFEC9F23DA6098F1C78534A568C3E95A6C85981ED054DF5B996590DC7AEA28CA5852CFC1F6945DFA53B0375FB6D796A28648FED9FF20FB20840A,,
1,Linkja Project,3F92957487542E419C9F6196D7EAF7374EB88EB94DE9B145A786642C9BF57B67D43768B4C9FB8046488664DEA633FDF88566FFBB9AACF2F3C3E02F13477AF25B,,3BD177E0C9FAD7746E477A3CDAAF96841D682304B68ECBD995ABD1FB7B6C85450AFDB3B39206546C1F24BCA9953F0BD53D9400F58C187FCD2197959BBA87CE40,,76004179221CEA46D99FA426656EE55430C4B56FD6510E3B9549D3FAB899B8B22F278DBE6C1088A32397F3059E93C410AB8E16C5B98A5396FA36C5A667716BBD,,FAEFD75ECC06C6BDAEC6A9FCBDC44127A1CB4DCEC055E525CC2CFA22E944CBD4560AF9B48DA9367D56E9E663B2D99B46C5D2896848B652C22FD7CD10399F3047,,E71EE233F024E178BC90DAC797ECF1AED47942A86F90BC2CC52ED1B320A2E991A48FBCD6B053B6BEDA809AB64B2DF4BA8C72130BA136009BBA0E27B9E69AC85C,,
1,Linkja Project,D16424DC5EB85F17B12C17C9842597F28DC7FD9946408DB4BA23DD6641E143AE7D8394434C63B1A191BD4D24403D7DE88663961AC220EA742B712C1B78D697F4,,09580C77E569243D309E2B13BE77F8E335CD0B396277DA06CFE26A4330EADEABD5A6652A4FEB62B67A8C0F6FB6B09F40C5FF5A59D226DF6282F67C6B6CA27B27,,9676C943126868E0CCAEFA180A4FB390665537EFD0A1B1C8018586B28FC536C06496A7A8A1F202EDB4C04AEB098DF635CA331FBB938838C394793FB3FEE17D74,,91274ED786AF6126D469005A3EC83057AE46C5B53A00C9FA33EDEEF953E595EDEB892058A77BF40AB639BD3BC354CE533BE05958BE87064340AE5CF376B5F09A,,BCB5FFB979BF18FBA258AA39DEF5B804F9E65BC12475776D0C32360DB355383EC4F0E65605833D7DF052991D107B70C005F165C79C471250C173FC43508F895A,,
1,Linkja Project,0047E2C48571B14754BE18B9F3714E89CFD835B769E589A93863F83B3F15A825CCA19EB6233E48AB41354F8DE6CFACCB1E43136931E61404CA3AB42190CF5A0E,,62EECA742F594DB516898ED1BDFC771B304919F00E1E08541D4957129737C617017AF69C6E827B00713F8C689B477FD81BBF92DC25532D4F5030674D00A8260E,,BBBA1901A618E15E5CB99CB101B17786BB2647357A9CB5CFAC4250909EC3E9FB3A09FD6CEBB6863B12EFA595924293F805EC5715924CDA92400936EB8EDE1CDE,,6594DD12704CE6D054380094FE89A4F18774B6715643455DF325D74C44362037E0B116ED3BD0CA326EC8F29280A630612AC19C0235B070C6BB8538E4CA1DD177,,469AD8A2553F9667233F79D194FFB5D23381DA58186E744039B860EE0A7788759924A84D9029B2965D933A88C70850FF6F3B14AB70A85F9E515FDD619451B190,,
1,Linkja Project,03CC0126B71FB009252367AF24931E99D253661852CEEEBE02AEEE3B65EFE407841C55D28042B96716E45FD9FB8C50586906A01E61503BAFA9A1725060C672A2,,84A9D1E0064445AE0386FF0E44F4B6D9A619FD32CACB32BE1D925A25DCED88F8362194C512D3558915F051AE195848C977C2F68CFB186BCF6D03750197DC527B,,6CB06D4C505F2D53AB27B9FE9F151C8E2F7953B76EFBC798FD7801F7401FB47C3635C6FFC8BB15D57443DA52FC33E88FAD016E8DB6D70AA0224D135C68BC9AF1,,D1EB2D183AE42B9C2FE5A3AD0B7C717B7ACE314ED36C123A058E4975C66771C7E56F317B369BD2756CC52F39D5994FA78BC8524799C779E14F493E0DB64B21B5,,0AAAD76ECDEDCBC6390200F91A28D970BBE4CB71FBCA7F59749AD039F71E7A240188D09EC97E32E67B3F73FEC7E48C1D06B080BF0D7C2B69A5F6D0F76062DA3A,,
1,Linkja Project,68F018B3674910999AD53A535FA42BFEB9B1B377FC5EF5E7A9EF202C9E2279C60D728715BB3D8CCEC8EF1BFD4AE64BDE120C9491AEEFAFE5093A2783CF8048B1,,06D7D80E2DF2A188D81333A5EC756C295A89BA158E843CE78558725ED71E7C7D981BB9503E5D79F8881AFA137DC973EAAD66D45318A6C76E3322FF0E8A4634ED,,8F07A93C73B6B841A7D93F50B3AF489E0D6EBE50ABD9B4284A4C8A12600FD72B7AA8B5A7B79B39C8A410C168248E1614290812D17B778D599BBA3185B679E313,,7389DF39EAB464CC38A987B15EDC0093091621A34954CF5A86D2671DFC337ADAB597BFCD9BE002C2397ED55B7936B0323860B59F44DEFD38A7B354A6C5CB9F31,,E55838FBB697C5136BBDC470043ED5E1E2759BB3DAEC391BBBC82C9CB21E820522557C1E0E224A62D7F66F5662C77B4F467940879FE12F240C5DB388BA142139,,
1,Linkja Project,F65D605682AB62DEAB3A48EBE2CEDE7D6B1D30AFA9CAAD99292ED450151D9C1800A63F6DDD60321229681CC34F835E88A736C6AA3187177ED04832B116AA044E,,1E5C2B9BB6CF5AD4939B80EAB17745F965A43D2C397B22C2FC4697B588F0C48014635C9FA4A1F878C78F6F6CE29C505A850D7E57D640E0BB2CB3061BDD82894E,,3C2AC02C3AB853815273F7A8CA57BC8AF56181008CDE9AC9B7E94C3F74067D691564F840BC86695D60CC9FCBE4FC9862D2C8F2778FDB9AF89CC31B397667DDD4,,50BB01566CA7388D9EAA4501CF4C374950E27E6210737E770ECA34CBA5E72B07B65E560E57F1C53E873D9CFAADB6CDB46B9D34BB443F1A33D40D9A484D36115F,,B05F0765E25D78264F768F7CC4610DF354F6EF3A8096E8911502E7A84CAA8ABA76F42B8AC9BC89249E82759489B723802153086172DC768E2F8E113B24A233D0,,
1,Linkja Project,8E789DDD10DDB92FCA12529B0ADD4F15DC6CE25412B3EE6B6A5724EE96077AB72AA3AF459EDBFA84171E1091BB9356937B27A2679017E61F61419B34375C5963,,4329A6124721C27BF86D6A1873DB745500736008F943D2C9C0880DAF669F83275E3EE1373D4B31B32196559CD02A3A9CDE47CDE1C11B87848F1C530FD40224B9,,09FCA38A92C4A5A77A70D883EC9377958845FCC254822C73BAE83DC49ED52CE75D4E893994A6437D60C022636D192E401EA456D57ADF3D3616FC886BD13DDDC6,,2FF16351C8382C0E4544E6CAA10D90DF61F1AF6A9D25EE7FD0DD5548C9BF2910850C83A2803CB44EBC576D290A2D4AA923A685B6E71D7E88B2C78AC84A8EA020,,E5AE51B3D94F59A03E7BA9130FD0AEEAE8B4BF6348060A069403207A2727F339E26D6308EE32C3DDA6CF32F03316FF0C6383DD024494DD21C96C3A37B3CB2993,,
1,Linkja Project,3D2DDF27933EA1014427DAD952B4E1A03816C45014B716D65615033242FB5097B2BDF352CE7D78B81C60328BEE32306645BA9B57F9665A8EEED467AF9A06E4B2,B83B53AD479881CA406EC15DA535BF24E4A2F3A975769E06621C3E6BE80A60C9D7EF28391325E9E13AECE6081871F9C9A2ED09017AD56B56D01C04621C4DE08F,B541956D3B329B61B894DB58B86293C264D0C1A6FB6D61CD035378AB1AB12DDD64AEA0F73A325F5D8B86A741030417FD2461ADA9ECB77551F8B95CC8AD61EBC3,18D7422A7511A751A4A75FC780FD9ECE89EC8AD48121C371E4508AE205B9E6AE6C97E125085592EE59B6555EFD7E678DCE03F089E3B6DF1AAEC0339AEDDE77DE,D569DF14ABD1FA8C7FCB96D0172DAB8B7AC4853F72D950BAFCAE582E2A66D7E30E674CCFDD374CE24EFD13F097E74CD8FF8C07C970C60D3F29BD845DE1D14BD2,5D453A66A0E0C909F749343E49CC71A85A148ECCCB53622FEDA067423E99BE0CCB05B1861B5E2070E89604CF7DB2F5EC1274E8CE8BA1DBDFA2218BD370DE93C0,C8E3AE4A81355BCD7992C25C11391E59E02EF49D65D868DA01180040E113521940D0A16C29FEA39A81A71FFF2735522DD2915EE983EF65A5AD51678CD1503DC9,91F9FD82428670F497240B23C0202A1222922650EEC4A3F224492A666C84A44E5482B08B441EB2B74853B43423955F3A9F03C96ADD4BBD727898DCB7464C75D0,E3C52E24122AE0C52FE126D212E19CE7DC8D97119163D2CA29BAE8228A744EDD6CB65018A47F5312B50299BC1684325028BDA8C4838DDFE35C1C5C5602538817,BE51FB699EAE789F2AE5E2751253E9441472982AF96A864789A5A16F017CB3A3F59B46411ADA2AD1669C3D9880FC777066DD12215EDBB612A69333869E631F2A,527ABE289CCCC056CA8ADA6C0CFFCFACE25BF58EEC6A5A61FA600CD4717124906E12E4CFCABA70BDA7A55817D1BC8157FBF1EC7294A32CC7E0A9F80C787B38BD
1,Linkja Project,FF120D03967D5AED21633B0320D04DCDB08460D311C3781748FE08535E195361E2742E01D24DEF8D6C83E7AA04F2FF74724A119FE5020F1FADC8BEC22EA62B79,,56B0C3F7D3994B145CAD3E3D0703C45D7D10BE879BD51BBCD4F2BE050B63466707E42D46D4D0F153A3B52EEE3FB420BEEFF0FE2B7FA0121088659F76646E2C04,,6B6571924507A357C614FB3558EEFF36BECC4C8104BB27B9EC073EF5411892B06A029C018E0AB80DF86A8036C69C0AF34418E4DA88F24EAA1D4A6A4E3D537947,,42CF3AA2DADFB04ECFC131DBDF83CA4DB83F9635DA5706DBFF21B332310D5C59D5FEBE21471B4ACBBA69E69F356CF4A75B4B43C6DB9C5E5D1A26E743FFFFF461,,B3972AAA102EC1F389D5F4805C2FE6BB13DBAF6CC0205C0F252D88E1F336AC5B7DFA5FA2C8944DFE0042DBCED533909367EB04EEEB8546737EC7EB288DA0DBFE,,
1,Linkja Project,27397FDB0A115210D134A4ADEF6E5423FAC969970EF38A4DCF166F53D19FDE3B56DB09401D5B6275ECD28484D36C4C765467460F61BD93FE6263E1C0E061B18C,E890C1FCAFB47F0E8789065F8AEA59C9D608B8F6E3BFABB91BB205533FCD8D354EA3D9663B0CFFAEFAE3D7E47CC76BC38D2AABF5B29ACA6330C5B22D92E1DC4A,8FF3B2B158A19E957D16A0667DC392B0434BCDF3BD90C4FEEB31D9ED5A20FA1619D3B73B597E20577E3061B88333C2CF657B05A6513CDD6D9E82482A0F956325,5D798CB18683B64F9F4A0473D3DC26FE7A97B1450E9AEC0755DAC6F3E7BF911737A70CA15FCD34FEB96FF7A34A717789EC62CBCF89A737BD596D8E5E6E029C7A,F3529F219BB2CC33F5E3B9BE74593A1DCCFE339A2BE9199D864B97E0FF1E1ACF2D272BDDD58F7021BCD0826B54150BE1F2B39540CBFE51E4ABBBC26F297331A3,560A740FD6A968C3C70CE6BBC44AFD8F9B1DA5DA23090216787C04E548F2AED2E64D21A5DBF66F32CDEC39DBDACA819E48B7E7628BB0BB24092043874BB66649,9A0CCF51B2E136B7F2112431680378B46CEE57884274424AE143A961C6BEC605B11A6995D58730A3BB06DF1A729A857FC51BA7E29DF0B28AA2CB7B9A308ADD71,49FA494B6B2C82083DE9437E7C05846717A7B990D3E4053EC0EE343AA8767F002575D3A5634CE90AC8A15064518D81FE28203074CEFC9FB87EF2797F76377D90,872EF83F385E288F255EF8375EEAB7EF87D338FED1B3EEE0520625DBA915E76AE8CBED05308238D7AADF630694D8008B95DB9B4D6044526045E71D283CB9E6E8,EA10A3235F1855DC24EB35C0D777B768EF09E6B6E3F47FD5E82F87685A8B9DB38BDE8A90C416523EAD7C4EDCDAB8E2D677AA56F12A3471BF1683022E97E66968,92310455D11C7FF61DC1AED5458B6FF5A7A9EE043520541964F0712BC35C79342FF7543C149F3BFDA5B7BADC8321B79447E7F6BA7A8B0B21AD6C6515FB44F87B
1,Linkja Project,FDB4552B1A28586A72313F9907D1C3919EC41B09E69EBB26C5D934909DCA87C2E40EADE381AC2626453330A80A3E8E5DAAC4A4ABB9DE7E9C2DB06C61244876EE,,F1C5ABCFA52F249AD94293D203FECC846467A8E61AF8390B5F457D821B26FB9334C3552F95BB8091CD753E0FE0C9FF0F67DF2C087DE8AFF3A6433E857BB35F95,,282D0132B092A9CDA745AC5C767BCFE73453076DA16D62F3B77A718AF68FCB583D721EFE41E8F81AA313D687504F0C318DDE462DA03389581E69D066C0D240B5,,A3C393B97A17403A8D3B0EA634F2ABED7414DA8FE8CEC259514914CD5A02220DF9CCB881DD21EEBB63967CCFAFD6CF9B01130C12657FF9BDBC156A1DBD32F73B,,6058247591019DA35CCB82F596F0AA6F400D0E075AD0EB4A7FCA65958E88686B560A6F3D20CD6FEC4CC45D1B982B615A6DEBD8F9FBF635A20519922D69AA961A,,
1,Linkja Project,B3C351500D6743CBDB47C8E63BE7489CFC9001D86C541F24DE32A07963B2B7F37B9B02E04D262F6B91DB467FE01DC0AB9E692BBC4705ABECCC3FC4A083BC8BDC,,75CBA36EC7951DB77DA564F7445832C023447B2B11177EA64BF829ED1D42CD6613D11DC5ADF34A29CAFB37F2604FA92D2305E933F72165A67315EACC5DA0D2DB,,5AD4675D27C827AA805D24FE6DA06762A8EE635E8252C4BF524E1EA65EBBB6DB09144236F19558306D1FDBD66EEE2F7262C6D139588717AA6E9AF7E8D520870B,,91C07C5A2867E1D9ECA1723A0F935DD42A6014BC79DA072BE3DDDF605316EA26A8869400E5F8A739F1D0C702906AE87F7EC0B8602F2AED3BA68EC19E6DB9451B,,9F21412A69A893DC61506BCAA40F4CCAFF2ECDD8237BCCA249016A8D195ED505011C13F627D65BCC7F6E821738832200240B5EF33C50AEFEC7297E39CDC0E7BE,,
1,Linkja Project,B5EA8F3F5EF8CB8114062D76FA396E7861BF9023E3837AFEFBE105D4E65CCEAEB547BCB2D14858D48A3DDD2C43C4DB8E0ABDA631C6DE4B43540DF253C11B36CC,,93D6AFB3BF7F650E87C8D92568C56400727EB41C0F3F3C1019D9BD0B9E12BA73C6080B544F9589D7FC1DF4E1372DFDDEE7877985DE05F1FD2217517BF7A8C050,,6FD9AE7E986479FB06A2DE54680F15D840D6A068F84F162B2FFD20AE615C27C5C2B92F0ACF00B59B6521295B2A0360226DE3913B72872D43E3B19671EED87DE2,,AC26C9FBE0E86AEFB5E254B091D872C71AFEF4398A7B8D842297825F63E01D44DB86E7E5EEC0C0DD6490BB68411789C73CC1F402E9D4D4750019320FADCDDED0,,F064E066AE83CA0B52AE95F2E64C1EE0931DCBAC7E90D51F2C8DE5EADADBF78E9BDA9F1FBAC42C922DF8DF21935BCB2C7037FFE7A8CBA1A7EE422550AF94D9B3,,
1,Linkja Project,F4EC0DD18922933D30399E568983E6D293E40C8750DA9C561AAFC70BA17D051EA7ED1B46055AF39F2E985EDA50253B53A34DD2B7CF781B3CE0DF464B92FC05AE,0853EA07A393B70505D19B2E9B38AA869940DEA7AE97167D6890FA6308E3C41D689BBD0A38F857881AB1204BDC7106F72367BBD37EBAE4C7B4E47BA9BFD46153,BAB9AF709800D6DCC1FD7032D59A289AC36FFC307AA9E5B5AE23E07D86006E8F775874067D133F8760791E54A0AB46E544989AFE837EA1F60A85C8747020B2A6,F1DFE02CD517CE3AE38403C78AC44AC331B35945332962F0A4F4B9CBE8A51867A5E0C88A5CA1AEEB84ECD47C4EC7CE3CCCC06A9F4D67926CE11831F780D5B6AA,262F72AC05CEB218A3ABFA2E1FF79130DCAE65B312AFD496A33B8B07A31FC8274D469EE23599459C8DD208E5F1C8EBB42225EE5BCB1713C961D57DBC6660E716,2783E313E849A47F70BE83B1653C4BACD8E9C3F6576D53889C8D6410BDCD7B4BF23C6EC62D3016EF662F024B72F2B4962AAA7D0DD4000D8E486D446BB4ADECDE,401EFDF12F82ABDB9B88D375CD38B37E77373A2D75DE810993F0E8F197A5FBC88D976DC17D8857D8DFCDBD20021B2A4B117A16CBD6F9CB02C229D1B3A09B34E2,A9244464FA34BBFFAD47AE6D10B548AE0C465BF883ECC1F1C17704D757A6D4BDAAA4ABB6AC4E1AC70992D23A2CE700845814D21248F644897566AB08B0A314A5,1CA826A46127A3D616F48740A7CB81DEAF6F0CE3289897EFE6B88596C4EDC3CAFB26AFFE6F44767910A0D03BF47F0628556D4BE3787AA3ACDDFF6CD7C310C7D8,82D0DDFFE49B1A12DA320A456FC4BA6CDA4B25F9C0DC1EFB6109B18C857668AEDB4F6CC96DD44C7ED5DA91EA5D4E63B1A661F976EA700C6F49075C4B20A0AB4C,C2E87B710A38752EE2D16BAA801AD1B64F0059F8A5C709D424013C229026B4DB39D0A9DC5523DF4E6AA240F327E36239B5E051C62F4D4C8C6F7CCF20BD4A0E5F
1,Linkja Project,00D40632A22A3CEB1C7FCAB693156A1BE8A8BA97D2445EA7CDFDD7970C964A120D0D90FF917B9D5C96121B88C8CF4543A2D0AE7368E1DE9EF8B37EA58DCFA076,,FA69A50F8FB270B8553DED75787B6D3F69540CC97E64AE085A9E6280F6B0E5B34E325484491DCB4D3FE26985900613394AAD210678B515F893BCF5DCF5B848E7,,06B2BAD5961C6A9DAEF1EC9AAECD98A43EF0EDCA75FA59726E5EF2769BE54663383511F3F84AA7EE316F4B4725D176563D10A7EE4C06B472883FAA0DB5C3136D,,C81E3282A9986BAECBC5027EDCF488E55A23DFE6D5CCD5A9DE93AD0473D517863320AA67768D2D6B5EA3A0A489CEFE1A042F1DB6DE4E6D37DBB26EE6AEB00BB7,,8B862F9FA33B5DC9C55879AFFA9B5E8B4BF2B76302F635F8A4247817CD2413FC6E15A2D2A02DDFF13AFB91EC51FB7CEA81C86AF6520A98203FF4D8DC3B48E43C,,
1,Linkja Project,DD46009465374DF8E00255D73368108A7C69B8FA5EE8E52DEF10C04F260C1179C2ECCB196883C0413529D61959188F0332395EF7CF8D9FFC5E8C249140737FCB,,79A5C8AF11A2B60750200DC860A865AECEFDE608FECC3CB141FB12F3B097687265FE4C2344157E920E1FCA9CBB9BA8AD9793AC1CDA47B84056504F92644FADD7,,5CFD98F734E29A95F0907AE03AF8116CC2DB543B8F01855C6AFABB2B4E0464E6139C09A44E413FCD92E3AA8792E4A258F4EFCE62E8561A89400BE164C0FEFA30,,61ECAAA5783BA31B422FC6EC64CE65143D8E7C88796CA40B2DDB0FE737FFC21D148270E2513085A01393F77F94B16A06FB934E320FF1D336F892DA48DFF3838C,,45273A7936655900E25D19D43321077AF55A26DD9E4EBDB1BACAE12E5F695BA3EEB60D0F82806F84A7305129945C3979507CC7252C5EEB16AB53AD97FDA01719,,
1,Linkja Project,D817661D80CB8DEE6DE3A17604C92F416E1F7E86523EBB2AECF0C7653AE7C1C1BF12CFF241A69157AFB4EE1D1287EFCD2DD64953CAD21F78883263CBE02F97B8,,55AA800EACB404880811B16D71F2D4F962E76EEC213F2BA99F9F3FFA43491CF2A98F488F819A2D9E0328A6BA63F4AFA078A8673137B73902D0CC012BD2EA4E55,,9AD954DC4DD3E3EB0105702682CAF8CD87D9C26BDC88D86C203BA395AB43ECE1D3ADC5D441F355EC378176768E50E2C26A361640DA8362F9F93A764E86E0D0B9,,A2B9DAFF86E1D6F066E1FD355F0F84A8DD16E7B9A1E1351FA5804C64A7153DA53856157638579F272E2235126EE27D6D6227CB01EE2B287A077AB22B38BDEDB4,,AB59E8D257E9C095EBC900DC92CD7C4CD19F6D48CE3CB8052A6AC9EA9036A8F6F9392A1F9BC40B154B9FFA70779F49A930D299F4BF62B76FB8F828D2498814BA,,
1,Linkja Project,A6DC94C7A205298803D8B631B093E4D98B2D18D9F6E6F52FB0B97B3CB8A2ADC59B92173149220AF6C76C964A8991E55322B32C41B87AE5AE9869DF4EB91ABC6E,C36028ADF1ED7812BC9B7178D81AD43422ECD68E31D468D503566493E03F3929F729DF110ACD42DE508B55AF57EAD7BA22AC56B7452724256C154485AE16E60B,DEF48B546A9FD923F672FD48CA5550FAF72B0F1E1E8080EF7819A70838DF04288E9A79998591A15E1F7C35822B9E9F75A7E23617A9233AC7F714AE9DA779E37F,0B4AC25FEC8F37E80AA4F4B1E64F84ADC9556037450B60904C0DA9B62B25FC444E5520B8190C3A01F79D399AE9980025C2C1FAD222FF3828FE0916560D3F606A,23A3DBA7D152CE396AE2427D5DA113010E5160AB0D104EEC55A535BBC05F12D3CCD2D32F7E44F220209A77F708F3D4279E6A893897D8C078AF14EC580A4F9DF3,8B795C5A6BF966DBA500C000B362AF9AA207CCDECB852D50149B00EE8FBBDD46470A6EBB549B88017533036036CCA21C907C53B550AEB4E43440CD19F8BBB41B,92E30F26B0536C1D5CA00532D263CF7F74894A4D8630303FAF8835DB4C3BBF8316FAB31D7122EB5CA156D5285978784DAD015757FF512B73D4ECB026590709D4,B7584322848E5961515A817CD4649EFF83E7D3E151828050E0C3D800722FDC5B98EF09A55EF10E5DE3F5B6E45B2B3947F8810CE97066C0589A578BD43163CB14,8BD95DCE8ABFCD486D401B4FAC7EE2C91AA09AC69B6C62E74D4E8F697ECADA3EE08FD6B39FE717B1C2D6AAC8BBCC4AF4B5D7639BD0CAF8CBE27860417F668D28,1B9BE463AC108FBCD8A1A80B15C3F0D38EF42F284B5252C061D184A2C41BE9252E80316267A11E65C4A3419A28476D972B737E3C01B6367F100009F474BBD72D,9B7B315D6F60E60042E06A0364558D2C3D987B0B9DCD040BFE4A8FB75EFB78D0F7020AB8DF020ED2590133B20716B0C9C03D886D81C6D912FAC0E014F1296EDE
1,Linkja Project,224620AC9DDA9311D9D0B6D65645000AF1C5120206F4DEB38EFD54EDBE99A22199C8B47D82779F0049182CED74D6AF148598F001CA9AAA2322BF30415CAFA1DA,B8EC836DC6F91D0941A89197CA8409C32ED9484FA0DF4FE84A4F246791333E62A4D58B949AAC566FC6E01D1427CB17CA66AD715BFC65DBE2837B0896A2413630,B2FB460E3B7768387F1665F598EE5484A23C764A0443C9692D30CFD0A4E0D7E97124303A6976AD3ED5E8C56223B72605EB38564A9F0E88EB8584BD7C0B6FA69A,44DDBE88E487B86A02A79FAC3D4F3756B3B69D1663C707AAE2548D06C4C084AB7085C7D0F1E0E5106AD37AFE0B12606D4B3B1A99D035632DC2989D876BEC9F6A,3FE30ABB03613E83396F9C5BDA4CEF5161F32A8AF7CCED8EA65FF02B8D8DB83CEB8B0257F8C28E0743B16337E4C2A3F6F343D551BCEBAE7A4C6DE526A912B5A2,1C733648C0AE1ED8133D568DC2F361B25B87F1F8EAC6EA821B5364A8530215FE8793A2C8D371EAA6E93F9C5D88200FCBDFC7700F9598F220E782A2B66B03511E,147F831022B03645DA2CA4FDB845B8E7D690623907D38EDD9C8CC56F27DEEA4BFBC411DC3D01428668431588C4610F597DE62D3319F525C11A51F7BCF0661D85,5258F0C8A9BF37ACDFD5358976DE4199E7E456E16FBF12576D075BC776436B6EEF0A3144388949F0F8C8C75BA72B8508AC430CB39671F5F2067883275F8F4AC0,5765B847ABC0A3566328BEA249BB1260E590EBFF3DF3F737D840C2B9B01AC0032ADDFC7F1D969E77ED199EFD27CA2AF278F180D0C65DF54888D4AD766BAC1CFF,C6A3000659D45C4CA892AA1752249ADF33ACA20C0029E83193C6F8BC744F09D483A93282CB115C448D2765332EBBDA31AA6C927C9F5A97C7296992E025BC4054,2C8446F6E615D9786762FDFF8D919E530DAD5FC4E7AC82CAB0230A6063E5A69AD27A3B7B74707BD88EF219CB42FB03D838A3745A25F08F30055B1DBA8FA49235
1,Linkja Project,3F18F27FD35408506A42838952F38859A151407B3A6F750924D0A26A5F02B7C20795A688CA7D9DEB6F19AB1F84AC734FD1AFA6B37C60E8B5C4B38BA91684EF06,,C15D5D7B21ABC46B70383CE47931CCD5AB3635FFB87A02DC65665A607A7A5330A047BF3F623C2F8B503931C6384B0D644A7A8E96666D1768E87E51CAEE172E11,,2E69428F8D8DB3ECE66236CB5305618405A9C0E15A74039690A5BECF1CE35EF7A414110A8CBAD4882030ADFB53D77024E6513544C43CAC3AD562112B074BD3E8,,3E8C64E37AE0E96D3C5CAE65371C2AC2F511C4D89D6ACA2F8DC7B64C76729E810861EB168EABCD92316BEA2A7D002A38113313900639463F35EF099EC98DBFF9,,45E2BC0DC5F079070165013E0D703F0568317DB3CE9A80957B6C787A6CFDDC119F31AC6D52E8EF515E2CB6A3E81D5061D4C1E3F8DABD5C9AC80FDA9405FAD419,,
1,Linkja Project,83F4FB98C2D8131C781C4E3DB33F61AD017FB54AE43C44CFC2F2A2EA7EC64B2C1E180BF5D4756525D4D56CA6F3ABB5B51F8D61D8BCE79468E44099BB29AE1944,,0768CBCFCA61C7F798F9D8A3C3DB0C425D8C0A96C57B55F176D52DDD0CA8C1C074BD9E3604E7096FC15F362778E987FAE257D133BE8B14B7764AFEBB799AF266,,E5688E21D0799AE83B5C78BC529FB7BB44C6F9E20537A716D7AA6939B1E816BFBA1BBB141A9B85E1DCCD498CA401BE3F8699AAAA3C0F12BB80622A06C690DB40,,D9365462ACD530702734137D2DFE3C8D816C8DA2DA2598CE9310DDFA222B445130349D4AC6D445877ED0DD7C855D1DC993F3560AC365F0CFCF02B6E98E5A9925,,F8D714F0691AA609FFFB0B34B8FAB21DF1151DE65D0A98B143BC8EB6A69CFB5C9E6EA4B20390BC1911E07AECB9BEE1327AAEB2DA17FEECE41C749EDAE943E879,,
1,Linkja Project,29E7F6F3EE23633E7A9A831591B3A5BEC7CE7725248B8F2AE66EB2CC3AF5AEAEA58D766028FDF7ECB8C592926A6277FC5C696B1B9A057349A3CCE32E2722AE56,,84044D229C0F701CFB696D1388ED2319F6289EC9AF23A5EEA097D0A6DD0C34FE1B1F17C5E2C943FE3CA0B9D2BC5D481D43C0A7980092B7A314CFC93E8424D5C8,,E6DA0BA7582871F97B952065C352931A326CA74A585DED59B809C69FC92C360EE2C89391B8253B2F04765D203FDC38A34ADD5A69507E9ED257974B9CB39E58DF,,0352351B2240891470BBF7F947E311169239200BD1791157F8A34C69A031E4B0BF8EF454A7A0AD0CF720D5E439DB70974C0938D4266239266DECB1A3876C45F0,,916A5286864F350F6BB39803E884FF471D18EB34A5EB289C1FA90272A0CB24500ADE903A37A73D42E62F27C843C7AAF5F47D1281675F55FE1628AB1DABB4711B,,
1,Linkja Project,0356BDA633B74AC2FEF13C3AC47B9CFFF802B3E74BE83B50899B44FA4959C435C1EB204D4FE8EFDCFFEB238C20EFDAB8CFB6462E8F1B3831B43EEA12D7BA80D9,,2A07AC4E91BD3F6D94FD2064D35844A37EC428BBDE1462180CE301784982032A7A214E914C287405F90670A29E5DAEABA2023A2771FFF7FDC8C003E12BE1A9A4,,8C0EC7583F5F3E492FFCA138327F3448C231490E9C5F962418FA5BEDCD60665FFCE0677B1F8BDE23484B633EC762EAF86912813F15C9AAC81732E4AE184C3636,,0F5DA601B0D253FFCAC11E7D3F249EB3B416116CBDFE6602EC3950106DCF1C0134DFB073DF8090A4EA89C6DE450DAD8038AAC966F1720C59662D659F221388C1,,AE740DB7B652D3E04F5942EE61941E8A14DB7B30283789AAE851C35E5CB04E2E11A3C7089AB8A089FC0756D6F5D1D73905CDDBD333EA3CAFF21AA3B5B5673059,,
1,Linkja Project,B38384B30E554C7EB4AA4C3DC4101537CAAB87B3D42E11868EFEBC7C273F99A5144367F3E79D46CFD946E6066F282BA307408DFA86AA70320CA1AEEF0CC1B931,81F51311EBDFF8532BA3F401F5EA60100A05AE3819343F364EB19EE754D59372EABFEE93367EDBC3CB463AEABD721B2D19BD64AA405521183E750A3849D587E1,0BD341649B4FE67C54DC3567EBC13F848CBF3C3A4B2F14A911EF242E6932DCBBF34D4D0D915E88FD72A7E2C4B41D1018617A3AA7E49FC25DAE371984D12C0DD9,631913B55193D1A22443A6859EBC076073D04B90E22C844419B617DF32BE2139E0BC80C4746CDBB0BC408933F00A450C9A07BA4EB5DADFDA6BE5F087731002EC,12DA72CEE94EFCC156DC885342860EF86BAEF606BE0BD1579377C6961153473FB31F2F287BED7B61F33C59D21D2EC32F5DFCBD977458B0F3A8434FC9BB89F054,E9935D7750876E1AB2407584653BC6A986EF12F069D74A588AF9A60897310003DCDE64E9FA1C2AD8320B55299347ED93855FF9798756CD1C44190360D5D26A40,5B58E4BFF8F680A013EF2B334DF2A089BF4E398979CC52667F17EA71C80E14B09BD1EB26D4DDAF0CE31D3733ECAD3AA6D8B0B18D81413FBA63AB518D2D0A1C32,64E46ED4B2F89EBFB052C780CABAF8FE36180156D8D7A0D43E069959E01DFCB915780C46E95255D9ADC65647144C2FA3876F21B64128A195E1423D9426350900,B366FE9097B1FF20F4FF55A723C1688ADDAC5BCB94A32778AB3ECA6D303B07796E02EBC53F11DEF4F81436EC2FDD1ADF69A41B3A92597775F8A29DD6899B2E5B,125124C9E37EE388C59F3225D8E904412EE4D6B78FABDBFCDE9EE56E5E90EDAD17AEEE708D66B5CB5DD5D86962D4A8AF117B1AF3DCC4E8A20C58B173938F2531,FCDCB1023020719C26458356702BC476DDE8A0018E31D6899B12114122E6B3294A15721A5E2FB785CA5752C4A34211E4D3A4994E229D269702A171F20E6C0FBA
1,Linkja Project,407493CDE490D6ABE40A611C33C6F5C35FB20F9D40B196D5BA79478E0EB3C8EC9E7E7450E7A4A96DE0D48B5544FEE6B482F48FA84BF210C595516C07B94A227A,,72974C7105C716E64195014D339ACAC78F48BE679D812B3FD21D2D95560B4385E69A00D0CA23AE4E3811388F7CFC1B295BFBB924BE47D6D0BABC513C1B0B47FF,,45F54DA33B2A7CB6BFA3B51E75EF9533063D5C0A016CD6E78955BEA6D5D8ABE4D32D6B1F3843EE277A1CE5C1F10ADF15D93D066EEEA8109A71ACC5249D0ECCC8,,1E9020EA4722389A69930608E7C7182EDFCD9CD307B131E5D6EFCC71817062C3358172773365C58F72BDDDED3247F4DDB0F8136D5E86C4984FBDDA6246CBD84D,,C9D51440A2A489A43F0C3175D35717FC5E5A661ED274AF910E853CC9993855C8BDA53F7A0725D24410047222A00989A0BB19769B6E47C2871AC19406A33BA2AC,,
1,Linkja Project,676AB2C5D0466D85743208DA7D5F93D41510291BC488A1E2217605E5A13F38B45C2E98332FF1CB453412C2850EE800B14874189455177375ECA39378F36BBFDE,,1A1843662DFC59CBB439B1F4B80911E9A2341E22441F6CF87CDCB5A45E4E6BE106EB50FFF5BF97D4287DF9776C8D3863C4A9EE5BFAF5E0FE0CEF6BBAC1E0B714,,10C7A876BAB6866A065EAF430AAE107742CDF6E96C0BCD1D6C76697AB75DDFF8E0953077936FCE0BE78983D33CA7C27A217D16381B1360D9E25D686D2BAE13D0,,CD02C10AC8DC2DDC619F56469CB00C8EF89216A14703FBCA2094C4A426279D2318F8ABE26FC42974CB4D9AACB68E8C392B13ADD1C53D23ADE55227D54AD39988,,46A1C6DBEBCD7B13D849E5E79FBDE43374AD941764D93F837B930AF1726F499DEA208812AD8FE5C7927EABAC735AA2A243A2034F0D1F040B26208CD540D4CAC4,,
1,Linkja Project,52C3C85E317B2133E6A73218C61E225A07DE958E7329A6AE86BC7EBC77052A4471CD989F8AD540F23986DE7C127A7C2E34B8B12235361004AC3B6AFC22B63011,,99EA2F2E586FDB3DAEFC192E18295AD77C495D3A0961F4AE479220795FBD24E2B78A5348A5FF7F4AF1244866D95616CAF91235452545429F2C327C5A33B1DDCE,,65F1474166BD35CE1AA6F74C6708C988648476F05AD4E8A3299CC0A9301C4EC9B4D7071AD89F2603DD065AE251A5F7646B006EBC64AF9A58E7B56E0685E09BCF,,27C0F14E1F393248BC7F260184AD15E5E464A9D22CA9A8C3BEE3A0188D270D588356D288DA2316E937E84E00CA99D5BC305E062388F42C1E0122BA4C86583D9A,,EE2283B8A9132CB833FBF6D0BCBD1B43CA57FC577BD21064F91F5CDF6640D125407574D8340202F74E4465523CC29AC73FB7137610497EB199156D71FE1E4B85,,
1,Linkja Project,4C391E5413F26FDEA4F75CAFB39C1E64AB85CE8F8BD142FAB7EFDDCC4598F8AD4F75CD2585D6EC31D248595235D714936BE2DA5AF147EE720A6967A92EA15E72,,C436868F08ACA84D43F6745A6F01680D9186AF07B2E4E24B237F93A960DA9FF7AB67940DA43642B4251BF94EA4C6C63AC9155D9028285740A497A13172C0E359,,719BFAB71870DC589CB5A7F672795C19455FFEC182884D7497C898ED6EBA17521DF94D0A7D55D0BFB68BC4FBBFE3ABFC0A961C99B54BE3A33289C0F3995638D4,,2217B69522709DFA8FB0C5D7504E09D19192BB38F6ED43618A559981ED803E3832B61F91856194FF2186F519DFFCC818CBBBFD4B1AF5C7D92405BA5731E76C97,,50B745D3BAA822B7856250FBA2CAA22E74C6BEDF00B9A3EC7228E74EC40AD7ABE6D22B0B43E38ED5BE41E50F244084866A11BE40BA233E9A85986E031801772B,,
1,Linkja Project,C938C41ED43D9F1D09BBE8F1A5A264EE4C8D5119F4A543277BB0D21131343EF6875E9DA3D79E65F13402F6B7CFDAE2A09F24B7FC8A4EDC956B16D14C43A45FFA,,D2D2B0E7580A0BE024E5BB9FF2E700A1C005FF634F2C116F11F53ED7FF4DDAAAF5B30FDFD58E8B2E14EBB1D2EF2A2F673B0D39B919FA659A5D71291CD9B1E728,,50A1644DB52DA030986A6AB72BB5A276A1DFB476F19D5D310A45DD27269E6C295A25E494CB68C46DFCD0678FF3EF102512A222A06CDDAE8A1DA7073FCF9E5ACC,,4FAE0CCD7C2B2238E596E4CEA3A1E261AAA610627034DE60B7B9A424190843E09F11029018C0BB69B62CACDBC7E687531F2B463818C606982C99A5ECBD5754BB,,838DF43F90A40653D86E519EE9AA098A6D696EFE23C1F4B39C155F03D3CA22F3033CC314E05CB8E94FA2F12FE4F69E5959D59EC4080EB0BA6DC519E9C0B55BFB,,
1,Linkja Project,03EC320AE1870850555275D6B51314113091B9532E7F2C3ADFA877C079C42F936C2B14B081DE93EAF759D82BFBC90788CCBF78B8BCFB82A80FA899AD4A0C74DC,1D25125A5A05A34D6D572748620A520600776B98E833BC5F6ABBCC1C2DE676CC9CBF4D5FCC780CDA3D83B53E8534677A2ED7E3EABDE0DD3D4F46B629198AC9E8,1C2873D0CBB5CF0D40600CFA5BBDCB9D243C723331223EC0A5F30EA843103910816B8AEA0AE1339A35ECBF0EF80C2908DB3DABD53A3983ADC2B7ADC7E5418B37,912FB6E80CF6EAA1521F0CF5D7135F4D1BBA9DBB0F9DB4C9E3ED6EBD52F29C054351C49E196EF811D4CFAC6D5D74312E57EDB493F350175A9C54135D967DC66D,D364843C821DB766F13F84AB3DAD3FD5303803D903781ADC9FFC359C5E6D256072454B50B7FCEE37EF6667C6320B8BC3BFA4A2079B96F733C1D588F18202A206,AD6E0F421A1524D998DAD0C1AE48980FCAC071ECAB71182EB9D05ECD765759938D9B3CE0B719C0FAD9C402BCD9947A167D1DAF5A613C540371FAEA0E41D40983,0FD708892221BDF376359150A3E09792BC90F16640930D9E6513187493E66F310C67C21CC160B0809CC0A8DFE808676E7FC98028A0C3926A3E27ABF3255F0753,4360A3F6F0FE282B8D048F6EF5E4696B4E6F11BE4476CFB380A31EB03DEA5F3AF6B129F6B67C64CC813B7E9943E0C08E27DCA48255A12D88A82A2170E99C8F59,D0F498E2AFB90ADB56A5A6C49AE18555343D862881052117508D60671554F7F448EC0697DC29CAFAB198158A7956FF910B56DF50C5969238E90D7429DF456E16,F68D33D86C40D9F260872C843BFA8D33AA99BD3C82EA7F740F290E488C8E2D051B4669F2B9DEA6E3CD37D63FC66172635FA98341C43CDFFF37679E9E5120A480,AAA00BE8E4293B56B9E4FDCECA8925D7B02523B1BCF8020A9FF381A3D31F0ACAEC87FECB8EC9CC80A1C84AB3D8596692AA9EA6DA46AF64F686FE4C932236FCD4
1,Linkja Project,AE47B0BE3B601BA7E202C1561472A1C33919258D9805FFBB2C1393569FBB0E4FB17438BFD6F42E900CEB93F141963571B23B678E9BD1607167A5D97A735B66F6,,701C9FCE6AEE657F185EA472061DF8A5B54DCBADD1CD7D06FC1BC203ED48F586AA21EFDA5F6874AB4AC0C74403F0C19B791DC531760836F52B0E47E961EFF893,,3182A5158CCCC65B677A52BB24C1F7298FF5C225FC734B147443648D9C8EC71102DFB6B9803665C0442291C22B61A3C9913477CC1BE8518F91FDD0430EB8109D,,1D6A24A13BCE865928D30F8803CD1054CAC18B2E649B593716623154366FA9F515E7A34DFB2F20956AC2EBA7A8AD480A30D15900EE3B81B0AB5FDC4D07BBD4D1,,4ECFA8BD1C915BB03EF709DD3CFDCAF96662CF68654AD52DF3A895D676F204A195DFE60279F0E0E9BD223C213B75B847614AE10BC6B700E6FC63A6BEFB6C0B96,,
1,Linkja Project,1683E61E0EF9BEBDE849ED09EBE1B8873FA991A247ADB9EBE65A19477578F08884C6D8458F3E05E418D910DF99BE62EF468D6B79BB33A2D94EE033AFE5BEB05C,,B25D3D8B5571D6ED339743C1BE6EFD0D1AEDB2936CD00A9E5D2337FE2FF0F63A0DEE85FA3D4FACB1C0F1878057C39C80A51CF0A2238D9AD7B0B14FB70A640F85,,83EC82FD4BA91B6964D6285304D603C51737581E3C5FA42A0A785D91A2CD6A7F74333D5C363AF16329E768FFD6F79333E583DCF2CBFF137D5BF73C5072683CF1,,052A884FCFC0E3D8B914648F3899E8A67A783EAF59EFCAF9F3389C644B39E6F530322C35C2ED13D065FC6976792DD98FCA85500EBF09DE7B6CBDA8B703528E0A,,3EE9CAC1B8381BE6612C4B36B92C55810CF6F7C894B42C571D614E0E77AE0EC65661FBC0901F1639D0422B83CEB63AC1085A1907159DE3F463169296F8083C59,,
1,Linkja Project,3438016B1F0927179978517AE562B5DDCDF83CC244033A347F84D67DC30A2298F9D0012448CEE91C2A3680310974E2D3C63EDA6CA120730BDC4BA3623FBEE68A,,3F1945275C093BF7F3A4656C442FBA6F9DF5CB3518D067D5E75B563EFC74065699007440D33D8DB71A449809FC8148882D211EF3C64D4CE14264BBCBC2A9750C,,9170000E075F0DEACF594980AA46F4A0F5931AE9C71C82420BAD2C6C524ECFB2ABBD58F3BB3C3BCB7B5DE583F9E1F53B74F6A5111B4D2BF1CCF8809F1870BEF4,,C1B9ADD8F5338FA5E8EF7D8846985FAEEE5103F1445A3CD34E2204E31B05FB6523C31979C1B62E7BF6E7CD774BD7A985ED26B55FAB97095E2354416C5495F688,,C0D23ACEBA9607F63DCBB70211DC2DB63387C523E83ECD82510276C30B3A8D77177DD39F84FFB683E1A39D2AE7BD157065BC801E1D18D63BBEFD15D6F7367AC9,,
1,Linkja Project,6842C970C643B4E930C9CAE4267506252C25A672945C4A870EB9CBB66EC2394A47242C480AAC413A268DEA9F837B1A3100A2ED5385E0D98D5AEA480FA70E3DD0,,D01E6C8EA85BB17693428E335C75E2E0D3A46005A01B522071DD2EAFD3BC827E3E6B6E531CA751D346458706988F165326A3DF78ACBCC52F5C2075191F810F5F,,DBCE89B61E41997D9FC2CE430FD8FEFD118452039F2EC8665DC328877DDD40B0B8B09DEF3E89BB666C01222258223712B5B9449F386A3E4BE4BA6D0EB7761F56,,1442ED7C1BE6762B4D35A6129E7449A97E9DFF91A10E777FE1F477E4ACEF3FB53FF88C7F49E0429019BD859176BE39F2AB5DD61D73336E85C7F62CE594FE731D,,A098C1253DC0B01AD41F3060B7602683170BB71756E3E4C16DDEFFA7D558A6B8E9E45D16E1F3BC38AB6543F88AB17C558260794D4BB15AA928518DD2038253CD,,
1,Linkja Project,629B4308E8902D0E209E4D934CDD397CAC8529C61C3A9B1B81C038424CE2C99255F984F13FD62BE4393B5F0138C4CB413DDF71E8D8AE586D04358A519173D659,,B9E26F3FAE47775EA34844647FE0F80D684DB36779A56BC503215A4C1E41BDFCD86B55CD19DA7E56EB2ADC5D21E44855BEC2703E46C2F2BE766762ED4AE769D1,,8A7A1C19CFEB3B59135F3B41C548E6EF8324BFCAC4E965A98B0910FF95FCB35A8AF95DC7750865293CB70CEAC79C640CD8F2831F0D20842196C5C6A9F4EAA5F9,,01DBAA58F1E0CEC4D53010155C4A29A79CC5846A6E615A302C1D4D2C9FCA0DD9385E1D98489BE098BE7DB69A4454B4F8126733F901609BB895281D74C25C9115,,2A338B29FA1CA90911DFA897CEA6F160888AD02A084742DA1B6A5CA07F66FF565FEA3F7317A2E264A641ADFEEFF81F3731D36316970F08EEE88A532B2EE6B131,,
1,Linkja Project,D358BF9A930A12074B98E35266ACC96867698E111462ED51D273683FB260305664A5F6095CF8E7E8D8164BE80084A31C8B929E0366907F0DD43552723CF8F2F1,,C9483494842147CB889DF8B3C29F6121723D6B3F3C1AE006F1B4EE883A1BB963EA35EC85AA5BECCEB3D797F693C027665CB4432A4F2C489A51A775AA90BAC00F,,6B76E5388F574F06C1BC3B2725634DDAC225D5C7C8271E4F5613208C0D644A2173D7A48E82B3BAF093C0E312F0F5AF669A4ABAC4DCDD8370204F017D35071597,,DD543090510DB55470CBB4438B7581937A249E41811E7DDF0D8C294D83E220967A5449E099C8C865C105FB6DDB265330820D3BAA9FA6805029A97C012B72307F,,9131043BC9062A0463808AEC26BB5D69CC25416282D94D478A0F3FA7FF0D7FBDD7ACA69E24CB5E7C7FA77E09012B692E23EAF63938E5D62701872F41076F4656,,
1,Linkja Project,B5A2661744D02C70CF5F8E581AD99BC267F49EA74C1D5287EDC40F0F492C496EEB69987E09C913CFC41209C282E837DEF07922A42089C9EBEA385C9293218D2C,,620E71C68A1D38A2EE7849315DE427341127CB41B172BF0AC6C17F0CD65B5864ED4DCE7C7DBA459111EFEC7388338123C883DA1DAB7254260AD0E9FCA02E5452,,1CE474FB4F3FB51E7795B9B43C82E7762D7A2DAE198A53F91290C4EF58D96E1B255E67DA7A21A5C002B28D3699F5968E51E6934C9E4BEE15803464C3361EBF4C,,42E3B5A80326ED3B88C66C51B78147B0A77E827D1AD38B176AF7FD5D0F4D17461E18CD16A9CFF4019F5ADE814719F22D3FEF82CC1E49E741BF4E4E0B9DCB94C7,,D0F404002340D95E3ED64759F6D7BB544835ECE584A350ADB13C1D9C6E179B1CD12314C391894B923861F4C7E00E03D3690A17B060E3152E07230DE5A4A1C492,,
1,Linkja Project,FFD76541B7D850CCAFD4D7F23F9470ACC493EEBEF9175522D5EC6E5AD15866BE87A7C69005EB66901DCD6FA8B697C8160C3A93238E0510C089237FCB9B1B18F7,,59B851FD5BB99C34A0021B2C1A838AAE1CFD2C94888875A28E0395C6FF0F5F748EAFEDBFD7C5FFFE6D4C8D6536517CC2E04DDAAAEBF9F675ADD9B229F5184D1B,,09351E9D0C906CF976543247C043D93F1815D57B5636693CF43AB9168A1E6330ED163CD61F9938AD7B9E9A079A69BF222957EDC95D944A16CAEA14C60E443BCC,,4127A45952CF9D93C36A92C24554655E71A56791AD18F9DBE9A2FD7802F145A7E59AC303F0EAC8EE69DCFBDAC4FB0BDEF6291212978F4278870A4CDFF8E55CDF,,FE6C68B9E07B0E71624C8ACF4B7A5BDBE55B4FF7FDFD6D1F8D6A16DA923F983C77BA39BDFBB778D0D6E5831A117DCF44F679CA05FE722C9A17681E3964F3E44A,,
1,Linkja Project,422D5E652A0311649C5CE90D5D8DA082214FAF9C647A48836DA8115BDB67300B0BBB2549E0302857064188A1C4822E4E9C42BAB9AA9557507625D0FCBE0DF248,,A39626180479B71CEC6FF8C464136F482A77CDC4FC0894A747FD1FE6E0DC5DFD896AE7B7560086BB91485DC417629DBD878BA25D83651CA1555995F004A7ED9F,,E428263023E65765BB8BCBCBB4424D77AF5027B8AEF8A903D3F9D08C1F4DE555A46D2457DA461C2518D1FF7242C9DE35054D820C7A0096CD7F3CA27E160C800A,,B963449CE5739584E323E7D37F514B168FE9B4312473213A4739280D2D3CB727E9AE2F09965D2B64BE0E6D5832DFB41C05C545E97D8F825798A8359A4A2983F6,,C53837A54A5BAB118CBFF77673E782A6367E910670D45B6345C7B7D4BB03263CF97F2E93CC834BEE60DA9A629C0D5F7C354D5F3707190E038A71F24C59A980F0,,
1,Linkja Project,694FBE9033A528E8EFC07868E311571ECBB5E8478EF5E648BE1856E418F5E8B46C23D09B5484820FC4DD3BC7F943C21BC193D927FB6526A82B73D71FFD243B84,,5A33466232DD23BD5C67999C39105C6A2F0059447187E59EBA684718315DDF799F86DD7DBBB9F8D57905D6360C92C04569AF596CCE19DB54AF77D1DD53B04470,,FA8CE16DCA745BBF0798A49057252116650FA338BAC9A95DBF33EC23D47E12012B7DDC5DEC46C1B86B4D0FFE2B3FAD7ACDBEFFA6B9E294E8D71C9E0F99C0EBE1,,C647677172ECD8A1B8093B19ED11110BBAEBA24D85455825DDFAD3F7177E6120E21AF0DC28791B54D93A9979085F7870E85066391E735963193B8B44156A756D,,AE0090708F979068F909E88E2B0E157DA0CC50F70B346A94959C0E8EE944F37E24B54D6D3862E36B25A6FD639A6D87367C6124382F18BAE348FAEC10AB53E68F,,
1,Linkja Project,9058BCACDBCCD180B45ED74E0F3032E5BFEF81651BE8A636965B3EAEDDB11B58A4A4C991D02A43D5A7E0851F929B417E53002B9EF4BCC54430BCAAC74572160B,3FE5BA11E9A52AA1BA9E66D063852633174F462F8B790B4A17D5D55DA2721522E51F934A27750CC0F941416F1E8C86C32A58D9B2FEAD40AF75DECF4D02A8E304,78D30D17807CA375C87AD0F687E06C942241DD7E44310C58EA87AD731826C3E5C8D947E4E5206F35F908DA7A63F47EBD2A1EA935D96ABCFD70D141B66D2C3BA0,A8827E9863AC0B80982BABE4F32433F60201DD912FEAD0A1F51D68860715037EEBAECD5079CEDDE3E7C20C22289027C8645B034266FB8B78D3033A6B1CEFDB31,0B6C6CA6070DE313713D71F8184514D602DA08C7BFB93FB42779CE9C90EBDE89CDEC6AAA59C0E1504A993832AE0EDFDDD54CF80BA3ABC789AC6B2DFC251C6981,E8EC22542EDAA34B64397483E24B49826A34366F0E0A77D2ADC63BDDFCEAA9AC7698105948C2B077C33F34A731D13C6F4EFC98791CF0A426F934A6A3A0D4ABC5,0CC867A4CFF037F86565B5495ACFFDD296BA6410DF6ADE7D559B4024EC2C3E5381E65DC3209D10087B3C58C2B882E3951E10093C933137CFC91C917C999827F4,FD3B2E18637B78A640FCD7886D8E20CECCB3F30CCE18AF3AF50D078887BA35F6950D16807C0B25509BB643B9FC8E6D8186E29C1EED7C3ADE2CED724DA6441C91,A9137E79D8A6C5E1CC77AF44CEF8CC748B8FAE4B8C85B2FB59385A80B80EFE318B19460B6EECF9417F937C48582BBD0B21A4A5971F66A68F5A6ED33B9E32D07D,0C3DBA5E05587C814B10B4F23918283566A99B70C0B73533683C4AB7CF6954312340EAE91B9A4B89EEB44DA1690798C7BD38BB59C2351EF9A9C732B9CC7B678D,3B430B101B55CF183DD6D15713450F296C92051173EB9B1A1A6A862308F120FA98638584D3E2026E8EE8D6C2A53BF3962EDC08B4274F75AE24880F62B0B5CC8C
1,Linkja Project,C5197E52756FCBBB6C1D6A0E0480CBF0036ACB730971B7D0227065E3E86EDA517D6F9F9D4243644A6342C0C14419420422A0DC6476B94B24DC66350D4022FB0C,,5D791E96A775C7B47C63A9595FDA052FA057EFB005E9AD78DEBC94460021C8B3A6CC3DA62910C76FDAF883D24B282C68E8200D2FE78524F64A4F0C30A7DF669A,,EE8DD7A0FD67F0067E60E0FE17F23C0E162E39BCDFBC32258B956135CB3EC208ED64EF35F6399D9F39797935AEEE66783573C6F494FBB70F006C8E5BEA6AC712,,0B95DA09E2784DF78EFE12BDDCB1471310E4316892F6CE2008EB09BFADD31BAB953053905FEC6FC7998415ED85F0F5EE30C2227132A605B5BC7B8D43DC38C498,,7B555875DE27B8D34E8BA97E979E334FCC8F21067A7C82D8E8B731B2ECEB93566E59F673606E8290205BCB78279F07B58FB372F7ABB459BA8F19994FE4E98F56,,
1,Linkja Project,A18EF59417E05A8A84045313812EDEA83B4E4DE1A2DC21A8B4A738935F08313F354BA656FFBA355392D6BD2218204E2FD798F1ACF9EF8FBCA6D9AEFE7A220E82,,AD3743C05C65920E2CB4C700DF633CD952C2DC8D25ED342A9429CC4751915F9F781D59FB796E81132C279E76ADC7FDAF474652A433336432F80865091CE03406,,E67D6E86CF3085E42F89BFE11DACF1C6CB67A116CCF7F490DBF0B4AE278902767646E91907906C6BB91906071A149FA94CA1F1593C8153EA0F9DA3532DB9BCA1,,77C03A1F8EC131647C3C7F5574BC40A87A6E5B63C0E4DC86B5A49590C351348733AD8AFC3CFBB513F471C4B3817921B567CBD247E9F2D1EBA6C44E4C7305F0CC,,114765DA12F8F9549856A5DBA8EC394951C2CB921E5607237154902E39B16E425F8671E8400AA6C367A772A1FF061522756BE0FADC7F74CBCF72570BEF1EEF67,,
1,Linkja Project,6FCB9A03551F895098B41DA17BEE66FAE7B50FD73F340BC785509FDF2FCE7A41394F9BF58B971005DABF35B354614670B51AF735B580F789FADDDEAD336FC58A,,E3C8F1847F608D97B20FA295DE7E868DB3B701CCC27BDB8EA81C5F222C34FC2D1F8C87DFC6B116F741446BD03493662335093F99A342E0FCFB0BAE66807C8BB1,,8CCAF128B3FA6D1995754A7E7277D4A8FC2D342A24DCCC6E3602EAB533853E5C1EC216CD6A1DFC5A9E9D9952F7A5F0A806F2E53F1A01DF0751E63A5FFDFE729D,,F4F2834C1F6E39D54AE22FBEB9363C682B502731861EB347071AE21E9EB65D44EAA220EAED23427E7B99C747E096140BE858D2B4A32E094CD56233BF9C740F3A,,E1B385E2415F613EA99E48EEABE0BF3F29CC2CABC33B2F70B963866F61072672F77F01EDF9DAC446CC1576671648A1897D657351BAED1A4D5576DF90721935FF,,
1,Linkja Project,AEE492F6C84F2BD88554EB874F52C9E4B482DE5057EC8B52A27BCC35F95385E1A069B4B57FD954B002C5E8F6D3B8EF80C361D2C8F5701D932C1247F49F3E6F99,A4E2CA9A996C63B7ADCA284FB7C6E76510D00B028A5DAAA11E558459BEABD18DCCD6E5BCACB3E3379B769E4D8D818847E1C24468C466A5C7571AEB779CC20983,ECF0D759439D80EB889014041E5C8B26ED087B92BC1A11011DDED5D14C478CE8B28894F65C892450429677FD80FE08ED2E3B97731F92BC83CC56497F0CF87D1F,615C90AE93C805555EC6AC8D6C6BB7037BC11294113B904432D2B5E8845D12C3CFDDC1424F16AFDDDB82451A41D523EEF2D954E5C0655930A79FD4F3463A4EC3,06504D5BF86CA77E1AD93CDB36034A7006B754E7FD16D2DAA74983F9093071B9AF8375288FC1BC7C1B82815CA98440D853B4CE379344D6E9B64CEED03C2F0055,A07278AAC22D976E4630FA368915984B7EF3FE51B80C54556893E264512A32BC2D9CEB32BB48E7EFF9AE94AEB147F8C448182BB4AFA3B6D6F1F22BECCBD594DC,B99371A82D8BEB0954D2F7FBF04E0AAD336CC3CFDC0E75FE93B77765C22A8FFF9D01EEACBF70610E4E933D9E791BC1A2FDF6E9277C1CEE663B75835B09FED182,B8719F73764639F26AAD84B519DBEC19E91B3D4B7FB4F763C1E4B664AAC2FA25765CE2B8BCCEB84B24AB9A440E7E6C91521DCF2A18B13C0A3485E1C5AD8DBF5E,0A282C37F3D792DC869BD464EA2137215BA97D3D53DBD9E12453116E6D315376BE31E6AAB2C0F44CC364080855831EAF8D3219B6A287D3424EB7E1EEEB773A37,30BEBCA8E5EDD88C45A6F2935BB654A646CDF6D70640D5A5C1D0301C28A8F0492C2AAC82597CC06732192CFD189112B2B21797B66DE79E40D7466B1BE60FBB25,3183273D6A1E28A678AFB267C4E4405516D0F675CABACB2CF5F982A9FA2B300A6C8050C4091BC150EC259B28F131A1B2DBDAE100120E18C830A69F7AD689968D
1,Linkja Project,A9615B6B2EEFAA2502D1B1C0747F0E0BF1966C090641ABF896747F214867FC2068691F100A1601340E962AC7015D675F7A26020D704F45162263A26ED9C98433,,F137C2473BF8BF103FA35808D33D8180ADA3A91FBC1E1876FBC732323D7AF8C6399CC604DF6C9B48FEBF2EE6BA85649A2137404FCEBB376291ABD3400DBACC4F,,459F4B390E8D981D31661B18AB6123F780466C011C26930E4C253EDD7B7FC38E9219AF0822D74C3B5D83329BD11982AD339ADA276CD83F4F5B86096E2878CDE1,,F40854F2005CF5202D3BC1F5D67AD8365B8312E26907953043A5C641E0901CEED8CEF9359E5E646B874D8220AF046A09E21AF8D01DD08B8985D736700D94CD90,,AF0CC628059391C8C6E1FCE42E534758F3BF1680D1AA324B06637CCCD937FBF9FB2626B3ECEA1DA90BFB2C6D1E832F7563234521D3918EB7BC6316DD84DB400B,,
1,Linkja Project,ABA7AAECF3B61DD88A8ACE9CC04DD1FC688FC3C0A012B55B5A283F72595EC693C9EA68C1BEFC1D53668B72BB430AA75B73332402C72D2EDDF4F89467BAF2B659,1249639DCA9AD826E8C3FD178DDBD97F67E09CA46A0F57C6FE6419FE1F13A94990953F137F8356DCE98522E0E9ED7FE55CAA2A3892B387793F33CCA1DCDD0C9D,E8CA20D3CC9F537EA9F2EE5C2E749C769C839D53FFEB5BA5CC416461DFEA1AEC550DE95FE6F1979B964B6CEDFC9D85D0C7B7608AA999C063D230DB5363002C8D,F871B6771D35D8A8603EA840ADF01738430DDBB976B7DEEB54C45B42BDAAE10F22553E7682A58A5BC811BF89E8A12D00B7A99BC065047629B8EA819D024B2D75,94471996316F9DC73483FBCEED67761F670CE4C7A972FA0C58202D7D6BEA41EAEC3611B99CFC5E8FBA5064F83E4867FD4CEBB89D1D6C07E2EFC9F0034D771A1F,B0AE6247884600C3018F229604CA15F20DA77BF9464CFF704156D43037989C0302B432C4DAB9B77C814C6BD91323A4251053D1559252267158306CB521219345,E8A422062527D00C2BAE1F54F92C4EEF379C3A0D991A6974AAC4AB5027F6222D973AF169650450FD470B0B0FC5DBE8B4292EEC8106C82B6989EA74A7D7120648,495D6AA8F2F67B649ADF60E9C810A31E6C9E766742A2C91CB7063D9C20356EDE4F38D9789EE0A6AB105EAD79EDFDF7850B0B88DD17EF44A86BDA7ED7B6525887,5076B5FDDB9959DE6BC7850F029AA896729E6D298B25BD073406F099E18AC0E48BF3DFE160CF75B0B7FA8A6DB07776EED4593C89FA5012FC69915595C2C852A4,C4BC4FB8DD4DA3DD1F23A361F18C312D02F154DB928F0A08AA78704444878E7DDCA21B89C55C05288C5740F886BA019B8D7AAFC2BB2E35E3F500E465CAFE5862,84D8ED07B1B6AAE66BA8ED54982DDEF6C43205CED79102DBC3769FA253D80E73B9337731910417D5F1312FFEECB42BD5555C71640EA27EDE4EE56368964D006D
1,Linkja Project,EDD6CBF87640D1AE40BD7C153FF6586BA166F06D86B7F2B75D5973B935D467C534ECDDBFE8088B170EA53DF826C66332F1C3A7F0495C568C2F7F06BDFFE08C72,,CF0FE834C7B87016A57A832AFB5AD0EB36811AB90DA1CE38B122B57B62CAEC147A1006C4603B46020CED76B4913E29FD9E48E4B9EEE3D154B12A2AA16800EDC7,,96F9A7CF05AD15B0D4E46524222208F420AF8C5E1C87E84624B9CDA3E44C577F540A7E715C0449699F0C9647FFD49B8EDA62B8124B2962F57908995368398507,,BDB68B4CB74B7BA8C160B9C62EDBB80E540CC81B588DC986970D83E994C2FB35F3C60C72251601003E14B0AD06C932A0B0506CD3674AC354E2B2619879B4DCDD,,6C16D0417E60CE433DB2AF167EB262BE63406954B533200692C829E378ED64A48E890B7126A822CE9A348A387D6DF67D142FD9867005967763062C3080741C8A,,
1,Linkja Project,836FEAFBDC1FFF4E5FF28D9BE82B636E9C612AC1CB395C39FEC1F81F2C1EB1994DFF46064611E4A52953E2A98EC46F481E7FE2ADF9BAACDDA23EDF9A23D83728,,FA11EB142D3F2D0D13A21CBCB4893846E24189950BCB455754671533155715130C1E16B0E52225749052675BADA368EB95C10EA82B9C296555668624B26BE1C9,,F7767814A95CF8433F8E75BFE72C3B13D36EFC58390CD01F35C78367C99833DC5A1F8222470881A92A3233928423466A89612DAC2A7F1DB8A0A739E8C96D991D,,85B4F1D301223E7B304DF9CC0F45931A891E5D02DEAB731C5D7DD14A5B3F1D0D9F7DD73C6502F518C831B025584FA89AB2643B31376F1292FF364B2A285944E7,,62CB962046196907FE72FB74153C500B888ADC66453494CF9E8E48D200438916AEE982078E33975A80D8BB2CCAD61195EFE4D8F7F9957377924CCF201272BD7F,,
1,Linkja Project,4E4E811E7E3CB5769F940E86D13F68141143B8396139548EFA059BB2B21E1518650BF18F59B3660138724E0867A20B500293540F4DB62BEB4909250596702D0D,,05F174BF65A785E66D8ADBEB0DF3A0AF520EDECBD77DCA34AC6A51CF27F36F0B77323309415CC47B2693F0C9084005EED1D28F051B778741DB31F03E628D57FF,,EADD189DF0837C179CE65110A09E4EEA9D2AD05B6244F06370F5F7F40390643B6D40D59732CDF0A254878FBB545E3307904DE9AD8C73CDF7E903518F7769BF1C,,FD653BE54577DBCD53D3F3716FA47917CA593529A2CA65C18CC78CD89DE91EE7D6C2EB4EB113949C684C136D6139560842624C4467C04D5383EFAF2272656EA1,,F51FB9F4D4C523F9A3C0FEDE33B2DB151ECEEE149A49687381A92BE8842EE9975BEC536917E33D6232888F000B1C40331FC5C261D4ACDE1C3F0D4E92B2E216DE,,
1,Linkja Project,CE9331F4ECC744DB162CD694B53FD744DCCA38E1D514478020D11537FBEE9A9CD0F50877F22C1C7B68BFF3302227402EBDDAB0235B73A19EEE2629E7AD36A21E,,B7ABD0BF3DEFB9918528BB861CBF188791E07388EAD9976C15A4F91D144C7959AAB800F592A67373DAB64BA726E231AFFF2DD59A654BF7ED479895DAEFC3DF3B,,BF313D08FAAA62FA3E8C4445C5BF151904CC5CBFCD255B1FF164592A3E0609DE0E6C503E589BC897398C078AD4DA3E8796F99BD20E14BD096CD30981CBE12476,,8A571879BE0C43B7D115FFD6738FDCC3AA3C97B50ED5B2546731C45FEEABE3EB8A37E4F353FB6B4DAF4457F5BBCD28809E58B2986487A9CBCE9415355693C49A,,BA68AABF80B912B8A0D5FF22C19F1895B04120EFC96A98746EF31FF0E16006E30D31E1C32F139243C633CA89550E6C203E5ADBE237B20C19000C5ED91D854129,,
1,Linkja Project,FA3C672131F04515E72FA18E5141A73B75593EF0956DACF85DC4898C3AB0404632CA464F4DE1B9980703670F138D174465A03EABD1BC0E991675D1B7C0E7F294,,DDEBB972B6D4A2CF07DE7BFC38388E2630AF06F76A7FA4172956A52F98FA8BF13CE41A644623D315E220640123334611EA7642935A6F5EEEE4C0DBD2F5AC93A3,,2DAD80EC36A054F14FF42A2C8D86037036051C6E5BCE6E0DB0E3E79EA343099AB01AAE8E92BF52DA840F88D2F5DCA84406AF5AF1DEF89D797C17616E3A3928DA,,292FFFF405CD4018A0E2093CB1433610D2004DC94B88C8EDCD26F66BDE7FE13EC3BE0E9C6C245D9FC5321DF4BDF3580CF116A4BCB4BE7203B05E365493396709,,BD11378EAB109EF9FF9E0FB9EA207F95EB6ED1DBB8AC3821DC03400329C43E1149CFF6CC3F936B51B5FBE482AA9B4555F4672E70208C19561C43FE889E2C2787,,
1,Linkja Project,75B91B5E0F321B59260B63DBB2799C2DC000C796C3298D0DE6D25F08CFB1356ED0335AAF601680066552592756EBC38FF1EE06692B92FD2C104EBCCECEE41684,,4ABEEAA5406E40E538D6FC26088212D8422BD052F4E15907094385D7F4F67401803B0282AE720A1D3BEAB713D7367BCE0839A0F709E79840E5B3E4565A9EFE52,,0A0EEE7CBD237A8A2A333242A8D5500C2FB160C7F6F8B2569482D25846E8C815A4A396B192B612D349810825C160033B5E250756E55E22C927B872923940C952,,B1E74BD09F80EEADABB2BC92A54257705449680FF7CF0419E60836061F43AB790A78684718EBBE0C4535AEA3198F213CD49E107E1C083F9745CD9809EE17F256,,B4C0F1E9CF659730B9969917A05CC74424C7AA43F991055BE78084918C4E300DFFF39BC3E7A68467C4667B76D7545C9FEB62D5508930B99CA57990400E4EBEBB,,
1,Linkja Project,8FAB969EF323FAFE8DD726E62141931E2F8935A96D7BB0F74CF5BC2122028B93185AAAE2F870E944225CAAFFBDE273A937F8D13714E0155EAED5DDEE0139E1A4,,573BBBB064800EBCCACDD22B41737DE34C6DF8D0D8E2907036102E883F2762FF11C89BF8860BE22BBDAAD5F44E8C93409B90671485AEF3BBC13EBD7409854111,,09EDDC8F4D5E0E7579237A5A3F18F86B0612A172D33911C7BCB361B33878A44C148D30BB734D52CCE005B5A0BF9B846AE6512232B3B380CAF4B82648839059CE,,8C51CDDED9946FE698875861D4F3C1B5B57D792FAEE30B621EF00A3EBDF8B4D64CFA12506DD2B33893D8978FAA47382822792BF5D35B0335C5ECF28D3D9BE2F2,,DDB47F35AC6434728CB11E7B0E7FFC13234A4529C882F501C1EF197E6D35F55DF84385DB0A2B50858065D7618F31A4A09B01FF10A24D2711A240129538C001E3,,
1,Linkja Project,5F74097B097902BF199600EFB624B81D6B2BA43E2B39591B08FE7CC745AF21808DADC41DD6786BF0DC83ABA47C36EEC63FD17F71AD24BC49F8ABDDC521A24D7B,996CAEA42C135E92A6F0314CDD6E7E85991D658B11D8750BBC2C1022967D7D8F3720F3632B0630AC3164898D4E90E8C3BF77791F6491BD1022EBA4584F23C762,4C2FA2E895B19595EC465E47E7423AD5F25FC1675CBC007725A5E8D8E5FB9175FE70C9344A5DEE9B4F276CA59D8AE4255129F2A28DC0B97E7F9B188F81720D40,AC00D98C7E9E6B3671EE7E46FC4FB4FAD7496E327A3C3821443F9FA8531530AC15EB28A19DD249855E3D9F49DD52F5C04A7E355EEA408F96AE11A52DEC12BCCC,5AFB0BFFCA2B2140A49F9744A8FBC059ABE0865E4277CA7AAFA6E9A76B5172913E3071C87092F0F09DB52B2A4331498A9150E598B37763936B9077BCC507E1F7,704B93A15A2775B299E6AE4B074472EECB5A032250DF60D1CAF298CEB822DC99E656358F8E21D6006017E23D9C348F3BCBBBB4D112875A0BB0F5C4B820A15BF4,12E7F319251CCF80D58E4204F5EBB815918BCC3319B4C590C8A97E059EE75A1AF6476101F602796404E74152A22E4050D511258FE57FDBC6EB7A1C8E7834ECE2,59B20E2DE2B16B5DF8B5C8A17A8FE1AF04FB185AA9FEA7D09E1A5A3CE7A62B51A508960B8697CC0A4C1C58616DF7FC285F5BD54DDE1521AC92531B80656DF367,C0718F14375BF4652F015898AF3F4C452C01D49C3FF2CCB919102CF7C06DE65523A4C640D5E58E4D0E546CF4275E0E53660C95C2B5B6AFE8DF6670CDAF1C0B71,857C422B1E970F09745DA878BD5D075E22379C5F5E0F826C58F3C673EC944B3CFB8E095740F935B4D7A2EF0F21E80B29BB2030C6813958BCBCF24258F3D08CC4,FBC292D9EE28C75EF86E379DA110306849BF484FC584680A0545DA50A046E4A724B82E3A041A9A822EF72F412556E3C86B796D8D03D44D59D98C293036C5D799
1,Linkja Project,5FF8D710F40E11ABC02DBFF7230AE0A4F807E43D4633DFCF871B87A3B81871D2AE2F383196B6DC3CFC79454DCE667C4922752824EFBD58C8C9CCED36992DC925,,C562EEA2C27672CC47A41B18567E062B3A98D115FBB71D2240DD72A4A31C7BECDB78366863C3C8D2D9EB6D263EC660F607E3F3BEEE1248AE14AE138AD33405BF,,A07D8EF64F693B9564726F917F8CB594EBF8909B4E158599EF9B727F814273C86E70BDFC30CD42F1DC846F1707FC2099315F05EAE40184676602FC96573462B6,,135D2536BD42808CFDAECA2195A5516374E1BA39A155E26E788DF9563B114CA44C1E7EAFECE014876F6EA33F8FC75212866D2D3B98DA13AC0BD26A414A8F21DB,,DC67E41089AA11CC758E48B29F3A478CDB2D716D098D35E2441E317D31F58116F8AC7C0E930F6375EFD5918BC71650809BF3E4F9AD20964CB3EE1D0997DC9BC6,,
1,Linkja Project,5A7485FD7C5469368604473C41163E8901CC8054EA0111A00074ADBA3FF4A5E091BF329219FA3A80E78ECA7CC06999030AAAE3727DFD2AC24EC386F391E18EDE,,B140A93DBECECE4B0BCED085EAED6D1F2016B934FDD27F5CAFCBF4DF8BE41A0CE3F2A9A2FBF61D6A9AF7561E4FC750A813B08AC6D20F458B6C60E3A8C775AAD0,,674889160D0D3D0EAA1F133FC7630298F4C7B434209142CA9648A8A5DA2893302D76B399DAC5E3813B8C587F984F8A03AA989B784AA32956E6F62F08C3B21A1C,,7A727A931752C51542088EDE83629165C2D0B775C70D990D7DA15A38B6E392CA9EA72929147C13FE2A992AD16184D50E0F34F1C1F96F2A277340C57A81242CCB,,58F404B8A193233305A5A5B6879A0B83401FF78E0315468D7712CB90CD72278A0BCAE8C5760F795DFF18670F34C926C02DC24DDD2D593D8E624F6E08F29198A3,,
1,Linkja Project,1337A4BE53068067B882C058AA246674FD89DD02D2CB6AB3D979E295BB721757126B9676B5C3D5C6F28291E5A26C106A882F4755E358CA537ACCCCA9225C36CD,,0FA14D6B356D8F3FF37DBBD5590FA4B89D70B8334100D2E6992F0DD7BEB97D38242A2DA3100483C8A6E7721A6484DF91908B54D222DBE41139E777F0FB191FBE,,63BA1CD7204977119F5210B54D5DA5874AE6E7787385409FF3B7E3100586C8062263E2B3532ECEB2B60054498CCE764959CB0BC39F6BA05C40C7DD1B9AA1EE03,,BA9A11289AFEA9F693A95753345F81E080BBEAA815C9577388E74B279E96E93DFDBCC7D34B909EFA76957E79341BDAED68FF0F421A0656E3B6C93EB5F99352CB,,F6C1377D67612C48D5D45EBF3A11081126B24C30E67B55C5E4FB8EC974737ABB40CFB90E233E412047616C9C35DE56D3674C34D2633CED145C54B644F242FCC2,,
1,Linkja Project,E8F04C15D53C9C155BC766CF6D75AF32A80F97885681829853F15BE3F1678BE4AFCC8FECDB08DA31E536ADF2F3FDBDF9EA8C09DB681C0106553DF9B92A0D8A3C,02D5A1AE3A7F6FAF051A811FD4F64EBA9159E67A715E95E07B378965D00840587C00EA9147D40ADAF5EF59E701920F7C9AD274B6B56B14024C78774CFCD29189,650F51199CA85AD684BC1F7BBE1DC756A89448A96757B04AA08F7EB02763B6F1E529F0A146237A13AF3FB5DC4E7535EB97B76AD7CB22D8777CD57073A5013B03,77BC0BC822390DEEEEDB7BA30EC31824D0802A05EB0A7ACA79A7631F54BC94FEACB6FFD2145296B5F738417FF23FAFD34C2D3B407AD09A60455788CE8E7A26A4,79D32B876557117201B0EF9557BFF6C53F8E4383671F7ED6FE17D75DA492E14BF13A73F216583A3D802B0FE3A8B296EFBF95658B4EDBC8704530D56A73C6A784,2B40132C9D7DC8FF6CD026CE80381A0466DB57D3E8F2C6E85B71E843AE69709A1E1197ADE7FF948507643C04807ADEC96FB70AAF3521785AA2A82363D24CC2EA,FCE680DAAB0AB83E041CB40FCC7AF7F48CF59FA1DD2840F13C3E7D32568170C59A9621A2294E8B41B861B71AB82208FE6EDEDE8DF6AF08B4E7F79D1D53CC71F0,01BA4B63CF0704558FE1BE146695B8FFFED5F614B9E764091F6F95E3D07EE0B58BCD6DFE4CDEBD6621B1F84ADBEB5272B784D0D7E9CB34AB9072DDF655647B48,5AD6160DC027A4286F10305E457571219F7BAD398281EEDBC90DFFD7FF4146483AE91E5A00A74FE6C8E394975DE12004F3E8B9A0C89E8CF2FE25E6ACEABDA9E7,4D961F08AD39B6097F1473D56BDAD6542F5DDD61AA91BA84E191A929AFAF2ADFB0A96FE3C5CD7DDCF7C0AF9FC000D1F637A8852B05911F73D457716AD8D456C3,6AE614C34A943C93BCBA966FB32A89127914F2143ECA3491C4A86CE668CD920982491DA758FAF30454AA0B15C0E2FD2B3128866AAA8CA6F2DB01A0C2374FAB2E
1,Linkja Project,3623AFCF273DF8E0F461D1B57FAD7D79F3D97F6271570B50AD833DD4F938EFBE9DFE33B213461784C31F83809892020FAEAAE3860FF7D8F401D07C85D8998EC1,,9D8FD3AB6CA0BE110E43CAB8B916E413669794FB30E88468CF254DB2C35E6E17CE70520BD763D1CDD8E1F2C41B78244167910DDCF4AA45648279804D2682C9E9,,69696A2E9A410D16070A703E1B4C6285935AC3B64CD649BE166BC1A440F6F913FDCCA0BEB236B9CB66E0F95103E0742D286F057776466F92BF86FE6380FFFB73,,6B1F0643C9D8DB540C2176F72F13F88DE1CA19606D0227C38634E702D690D1198EE673C8B659B5A9B71AFCF7D5DFCB7492A2D8C5D4423058BCAA33744EF67DF6,,0F207C421EC99037D52AD1A2563589DFCDDFEA62FAE0026159453A3F621D6CB71D22A98E461AEA9A4AFA4AC505DAC82B2B3481CD744A435840034FBD4FC7A9FE,,
1,Linkja Project,B73E4079652993E8D354702AD79F41AE134290F39546843DAA4B51F32BA9D7DEE65BA377FAB5039661F38A21BBB5C9A8B0CE24091793E99BBD6C56C0531275BF,,D5E607F1D1CD2D18586B13FC22302E9ACF1AD46BFA102E42A2628EF10C81C3E0913F418A5E514BF09CDC2C75B368508DFA440EDB51B544197F6B3CFCE45684A4,,74725AE9EE9E405566453405845B7A5E40825296178C58084638CA20F199127FD5739688A72920536F5FD370E2CD2D5A0FA82D8D4E7EAA2F3914FC40F93B6EED,,9D36F7BB252F5F8C3B914AD45F43A072A8C977682330B1CCFC657772FE903157DADE62F5D381EE9E02355FED5677F27A430E53A00FB0BC143BF32181D8105994,,BEE90230A56241BCEB715CF2AEF6E1E16FEB9FD2ACEC5482D376D113301D93D5070B28EAFDFC6C6696C6DAAF678FA9454D300B284070CE666578F5251C985184,,
1,Linkja Project,11E2FD2149F2FDB45B0FBFDC2C235EE21769097E54FD050E5DECE6D11A49A9C9D7851DDAD69252372401B287A70D30B7E3256C040DDD9A13BEDB81ACF3D4BB89,,03729879948B307AA4E88DC116CEF32DD93BFDCD9C960D937FFE55FFF9674BB508749D4E4A06650C914AFEC62AE472D5364ACE5561A1E1665EE76F2619C79192,,BD4D91C8788B547D46D0681781DAD4D3DE595F687E5E62F168B08A24C756F769122CBDF75F90C1BCDBF4B83398F8BD5CA44510CA276305BF3C6269BC2CBAED26,,E50CA754232B7129B27B8EF9B8D2C99B5315D9B62BD93401E17AB48087AB451E628205A75D417D88C785EA5A7BAA5EAA0F80C55FBC22448873784467E265FF76,,28D9BA2F588504A4698B05CFAF968252B3F3954EC1FA71EAAD9377DF05D870380E38684B5C4108BBB236AD10ED2AF8C6399659F69560BA05D8CF01A2A6E28222,,
1,Linkja Project,492838ED412AAEFE2D24478C8A823E0D47073350450A1E6B41B41C663F9CB7387F7E06EBDF27A0CAFA3E172F206482A670309BC3BC67DE1ED2EEF7311512305E,,1B83D6994E50FF76A178673B8E61B9832E56A36A594D66881F6D6BD6580C6AFFC79C9EBDD11DC0DB777E32C2FC7BFEFC3F1C9D223FFA034FA42578FE81BE225C,,C89D3DE1F08851442D090F03710059B15CE94C1E67A3CC6481B157DA21DE9614B1A9096B038D20872FCA050357047088CA45E53F6679EBD2A792ED3547AE63EF,,32321AF1B8F9214D6C95E4AC8DC2C334D362F34E1433181FDC0B4424ECF96862C717279A172E66D75DB7B9B160106995E80632CC9E455F867A45CB72C8011641,,6240B895B7BFD3F404EC3618395F035CC02491324A453F701F7875D29D9365BDD52411BEBF0D3DCE52A75B7375E512C01D2008FBFCE6CD177EEE3A2C17B4B2AC,,
1,Linkja Project,F4CB72BECC7F2AE805FFD5B62A80A6417BD866123B522413CD8D647EB441A5DB1DF1EE58F18643869AE6497DED903FEBA6E962E2B41E3D8D01C986EA600E0A88,,4C397DFF00A304B81653E31FEAF6D5B58A4AA88E301DBC44D1CC8C4A47AC64CE34B33EF8E17FDF398A4BF37CE4822770F99D2DB2603AEA1454E8E9EE26AE0EBE,,EC3399BCCEADEAB60C8AB4C1286AF7CA50D81C181AF29A1400382E876F82D032BFFE4B6577752D06B478D68AFA152D262F89E2F3DB280EA793FCA9C087FA930E,,601DCE826A558C1B153881F61E338F8504619967CDEFE2A4C6F5B0A00A416E7284AC5AE75DDBE70BB2461DE363E48D0B3C1DD2DA21C4956EFE0EFA20E9006081,,33B920DFD7D958B4B438BF0D4CDA14D6B8936BCBD1115544D0D38FE993A293620C73937712338A5E3B828B39B06506E89D91306D0A812277739FFEB4B56F06F9,,
1,Linkja Project,1FE11B6170C80C1D980BF0DE06A97AAB18DF0F735E3AB097FD0110EA43C6B7A8AF789414E048BE330866879E6C7ED44BE35D33A12C849C4AEC2D583C7FA7EFA9,D8642AED14845C7C3E67B681E289C8498EC914AE470BEEE2CDD402FCB1FF4484F528085B1903F2AF268F60278C43240024716CE8A97569B822F6CDF562E78AED,E955F5AC37CA5EC41D2A9C4AABCECF36B00F432B538464BFEE96F1CD744C314F8AB19CC0C15D106EE421D3E89E3F6EA0C6F6F513602A3F6B3A4E9220ABA32897,AAF1DE60FF759F1DA02EDD3005CBD71D017D7E19940877FA52367FB6A9B7D73378527CA4A6E9A9A496E0CC0FEC7870444A467AB7135CC8C873AF9280C184078E,17B2B026E052840CA939CF862B65BC6E995BF2407196D49F0F2F18276035EA0A87194AF67C786B5E117EA2AF7127CE40D6166B884A953C31FF716A0AAA3926B3,95E5CFAB6759A0BA7C7A8E56CEA5B78A99B3FAC6DAEB2AA82FEA8CB5B64B9B8D7C8CDD4CE07108DE59066D7CAD1511A7B8C9CECBA6992D7E01C08DBA76120233,75A77AECA3D36A8D7A00DB5216DECC87AE52236835FD7B81049D65BD6B52DB0F3E162CDECF4703957D94E90A8D4525D312BCA331B0974683000DF7B9FDC7DBC6,D044B954D62A4AC67A46256FA277A61D9CB3DFE9388283C48E7C96B0ACB938248CE08D5A56C83344A96F353DDE0664B6ACBA6AAC7307C8C50E34AD714EFA2BAA,8606AE1F51A3C2591072888B44B3E73BBC86D91D55963F7827662C23720186A55BBEF6C59B0E4F81F0AC4F5415D9EA2828E14B779964C8AC7A0033E752A5FD20,01BEEEFFD079AF7760B67EE0C83F314ACDBE922EB3CAC10407C426D681836685319B8283B842D7A8CF7AF7990CD3FF34385A5231133A95E9DD6BF376933EF444,F9D346A586776CE7A43FFDEC7BF8FC9916FE24D173B309EF00A4735755C425E700D27F324944A96AB50D7BB657C7CCE2248DAAB7C18631ABBAA7A975689F79D8
1,Linkja Project,0DDAA4746DE932B72D6F6185690F8D8628D7C4A5AD78BDABC829E1B08927F3A4919044E461F089CF0FE8A0EE08C3F30C75F1BBBC8C05A381D3F1D13DB5FF5046,,194698D0238159293F08A61F1B403AD2C6CF079870FDC2A7BAF7B4CBCBF65BA6625B03710DEEECB648437FE76FBE23FA37400686E21DAC853D8D6AC8D340BE4A,,5379F1191DE17051F2FBADA8B4FE845DE59806A22A7ABCA42E2C85FFC31DD1A41EE238D650EF9A3722CF30CF2CA722EE8A95F3E46A4B6642E88614DC8ED2AA06,,272BD98A24B53648A0FDAB8179D63254182CA934FD876DA802C9FCA6E52617818DFF5E0BAB6564B28CD6E196A10BEFF40138B5B7B96488C420600449FF9175DA,,10C47B4D6CF085C84D2B4F21183804C5DCC0BD93C7E31B38F6275DECA8BF4C817554D75F088C8CDE335E3DCF233951A4665A10CED415B087D0090123518961F2,,
1,Linkja Project,B5226F14A59CEB7C66F70ADEA7553D3321061FF88001F038FD3A864BAA416A010338018003FBC07B5702EE5BD6A6E91201B5208F63598C0D8CFB9333E06AA785,,C81EB7AC210C8CF26A511CBFF4E776471DD37E14CE76433711EBDE8974D9903D997551D0A34CCA24FFB522425EF8FB0DF68BED2E178F283260E7E7FF2AB29697,,5D317872B21EE8FF2143267D11B0745C4DA320D893E30ECFEDE1D3495751DF486D1722CB29738AE9CB0A86D34B6A13766FAEAAD30CA43B1E31B94683F4DBA4E9,,B9A00442580F5CC7BA18FB8E0F3A5BEE302EDADF34B723055430A14E8EFAFF63565085080AF863283DAA74C8989CD1570F3AB29EC79364ED2B16F4D85341F429,,295759331BD3150172AD393864553B52ACB95DC85DEA321DF2AED942843E464E188946446E8D288EE863F3D4CE4F617ADC6EC7DA8F68FB3EC38DA03EA4A185B2,,
1,Linkja Project,56404B821F90BCD7692AE52F1D31B57CC9293E51A465D0BA29324B28D1EF946699831B0840DEED1DD358FB485EE339ACC810E7E3D4E9AB974ECCEDEF30C1149F,,69BCE936BC693CD166A5CD928CA27517D72F7A1939FF59531F9344562F09487C5F09DB34B8A6621BBB5A436603149FC144623137B3F513F85A9FD75BB68581AA,,16987AAD7ED2EB797208CC7904EDC700E300CF5CB63E303DA44357A3C43486C55F31EAC00AE55D7267C8A7F0A51BB827C8F37C41D56FD6D54E28E2F52BB9F5E5,,64C847D3C1796D9EC00B697B4691EAADE9E18DFE954703D3A7CA6C0CB50269A9D815C2E18A0B9F0BFAA1D50E656E6C5ABCCE19D960ED6AF08D9A5B5DC1883E74,,54B57986C6F8E97D81A03EFE7E0A06CB14E3AD9F6A0674B306165CC53246E4A9295EF4E69EEF2A9991219BA3B39364DBE56B3D016358C2B8A13FD50888997F9B,,
1,Linkja Project,910CD4D0254B33B9B55EC4C908B8C5905B7547F9253FD751002E869CA445ED4012B4DACDAD64B6F1E508240A0CC253F7590A01445054A293FC51FD804DC3A550,,30419C80725D253498A5F607B1CA12502C9241F4CBC280B623720CC1849BAB177C47FB29B7F4DD06FC24477CDD73A03A6D801045C9771EE425CB1A0C99E0A2AA,,10BE0AB8BD4EBCC71B9F22EAB10A52BFA3ADA0A939574768685814EA8618710E060BD81736891173005B77645525048C263CCC7087D673D60B586F45C42351AC,,9E1E939E1685D8A2D427B3ECC3E9F53F83624F47361ABAB9E99DC7D718A5688320462F432EE744C4ECF89333A4A81558D9EEA905036C2E3AA11D650D04F50E38,,225184F5F04CCE20BBDAE0D8FF6E8C1C2FB28CDEA9CD67CCB99DACE6C7BCC7A6522111D4C456F447A3A368F4F3B930580402094280C2DB1D79FDE988D86D0776,,
1,Linkja Project,43680EFA343C247FE03AAF1C4ECB49FFF60077B1A040814937616B9D82C031EFC68449EE421233FA1FE0F2F221EEAD8E632406AB014213D89152126DCEC6EC75,894480BEA348427CA4E9EFFB0C6303627B2C7332D0A7A5536E04F42A99CFCFA12207BBB8CFF405CA21A09FFC4E0B5D3D0560E50441FA2EF8AE74F1CD3A26AE83,C0370A1C3F33A3E017F5123DF2DA01A8ABFB931F796471772DC2C4ACED5D7B19432E4B72188E066A8FF7FCF055C737C118FAC839CAC662A44C1524B8AFCCFABC,C5D85A02D76224BD81023304657D0F84458C25E9952C1C4AACEC6B92363FED8578D146F5D1CD33E60B06A926123A60493858BD4FA353D25B97DF96CCA8E7B855,582F9C9F206F60A346AF8E3985AB80856378BFA6216356C271F0C26D647D5BC202319C68FD03D330F193D92A65F811FE014818B40E02C41BF12B5C36EA9C8298,FE1617A93EF90D7B348266F34B8E685E1CC4A16079A4362CA1DF7F1491AEAF77F4DD1268C5C9A436D3D54FC7ECE1E9A1B9B38ECDFAA2CFE8A2E4C2E13EFEB3E6,850B560D378B4BC3381FF55ED5AD57BEC0275E2E48FAA35272C682B8A36BA074AC2AF710BFB2017226057A37B186E0E7C29A8B827DE49A2388F878B8EE623CE1,E96687C1601BF0164D894FCB166922903B96153120B93CA6A92070CBAB739EBDB3697552B53EBB8B00EE165669A996FC79988E0AEA2FD1113778FC2E628CE408,7738BF97202A053826877639E840D0B6780AEB67B648F43A9815A59E00F8050DA903B423D4BD7440B68DB519641A65CF1569565348C39E06C053A50AE270A78B,BB3250B6CD2336531DDB06FB8ABDB29531AA3FE1363B36D6A96E053CEBAFC44B5E33953AABA1330814DAC43FE9E6AD06182CF99ED359906652E3998C4DAB8D4E,A2552A5E530399280902FAC9368A1E81E5DF4ADA12B245BB4FA59DFA5B148BFEADE8859C099CAF2E48BF0F0A27A23C38C4C2F2EBC273DCF83FBC99A2CA909AE2
1,Linkja Project,A62A740FF3CDB48306751D42C7C0B2030FD1818D43D54B203691061F746F6E2B6F8F842C1076BDCF1D4548E5975D4609D305298595CE9E8836086F4F49ED93D7,18416AFE498EC9424A60AC522352FE8564E539926FBBAA5FB947B2FDFDB605873615054AEDCFFB44D0ED2B2F8F0AE0F9D1E11C800C5E65183A6F40393F527D02,2E9F41C216526C649C6E54D6F90E7066509BA225D079EC855369EBC271D6AB03BDE0348007F8513347D2F712F1ED0CCE4766B8E6BD4BA90E9339F63A0F9D22DE,FA4523BFBAB9F90AE8697EA1526806B00C4E341C2AAA374C915F7DA0772BFBA00F3A4440AC548A1677FB6697868C2D2D99EC4E593290672AC577B1DA9D8CEE46,0BC97A40A8C2178548E26681BF2957C1E46B347E3ABDD2F937725763D878833A4525E2A804DCDEA88A5D2D075D4B48E9DEA62D35BB491927518FEAB63011376C,886C09C43ADA3235C16DC3DA33FFCAD0F07543629EE1F0C466D71A2F40C6488C5C837A44FBCDD21897F3CD9192EE13217B6EB322BB611DA7459ED7E3697DC980,4BD0F52982269858513D2335AF82A4ABBEE3B2FE204CABCB6B74F658B595BF9C0A9779039F1507598002EB8D728989BAB3755DF7A1972AEAA3DCADC0A47221D5,D0E654D465EDED4C265E40BA1DD6F8AA3E4AB2048F112BDA335B79863937B5397145C3557C7247A3B1E1F379C8D7C08994FCAB619CD55D5590F675979C474FF2,9EEDF2D42DA036350AD10D8FD3BED3B9D674C8C0D0C82A0FC0AF5D5265C4D44139EB2A3DC45C496F9B635EE7F56763F5B0F1058AC5522C6FE8643BE5757D83CA,9FFC551EDDAE4D6687220F4B093F8E765E4354AC6AD3E39C82305F80C6795241DEDE8602A93844402A77C48C265DC077B03FAFD6FD8B9993E3FF456375758C98,3D7B9D77936DD21BD95292F41C9EAAEC9E394D4907FB677AFED7F431FA86F5182DA11FD27F382ED3D1AF593C1C959FC2ED85FF1C213F3478811760C2EAB27611
1,Linkja Project,5B79D11DD3CA8ABD62699EC518B9567B3CDC992465BC44733BD4BB485F62F016E235E0C34622ACBD064EDD0FDF6A5F7D8F8C67D3F0CE5628A2AFBB8FB76FDD64,,1191CACDA59ECA1EB3A6B3798A5809E3E218467AA3B2D1574A4C72B027975FBCF12444C00DA620B616DD3CD5774938B8542FBE2C9F7C54B5CBF67165614ED5F6,,FDDBA9D103A72BECBC23747291A368BAE6BD5071C0B851579A00D6897978D591BDBB5F8C9738A9A62862B66EE55D61D467C332EEC24D79AD201926379E91BF94,,5E1B65A88BE55D5D7AF8D1B02358B5665E839D8F46DD2C7B709C6D63925124090C901DA8078209E3A4D87263AE4E1FEBACF944B40205B370AFB63F3875D8DB0B,,FA80D81BD3BA6409ECB7F3FABD4B160A8CCEB6DE20BB1A27DF8836BE7B7B489501447A8E8813A22801CD3BE9B04E6C2FEF634BBDE3B3E99052EAC544D06D305F,,
1,Linkja Project,C0D11F7A87AE5ADCC429EBAB86F9BB4E51F097EC2CD628FED4603ECC202802270D6FD3FAAC0AD4DB182409B7486012CF328EC1B7CB35CA926EB98261234173D7,,0CDF14E03B889FA3D2B3A0BBB37A361DECC9C4DAF64C2F9C859E24FD38EB164A71EE4815AD68CF776A81D437CAA7B312038398D4D01B80E517A78C980C0E2ED7,,65D2E3BA8002DE6D5ED42159DCC6AC90DD7E5D1C9F31A90C7DBFD7E7897321D4CF6BB0D45C574447C7ED1C6D38D11D5C391038DD4E4C5EB96EA7F9EA6DCE4E0C,,AF9C70C26DC1A4FFA904C27C1E025D0F77D2C34863F94C0704A3E95AED2CDCEC707B443D367AA85EE324EE590F02BE385D088B6A9ED66960D0B4259B24DA66ED,,3CED2C97B74B951555965B8670CAC2B8860819DC09F7441C4281BAB28CAEF3C48368ACE17A354564BB470B04E9D313F9760BC2CA6CF726CAEA763A4FED3EBD18,,
1,Linkja Project,D2EF5D7361E0F7F4317E5DFDF00069BB1363AF87AFCDF841A154DA24FA346D6DF115D5CDF89056079A0CE0005492A73423CCAFE7D31FE59BD2F8C9FAFD8EC923,,9C00F29FA83956C536C96A88B90570ECCA4CD3EBA397D660D4B66949A1A25DE9F0D00675E162663928F28A5CF24F02DD29DF2C3B7A21CC29F508A968FB4CB1C2,,15F679381F0C63E1EFD520A965EBB0DF4B3B5403F894800A96553BC036B103A2B153FB30B82439B7EDA2AEFFD0566AB08F8526F01EAD80575E8C11938C9C0E5B,,4463362463278000730CDD8A62883DBAC4406FAB705084AAFFACC6ABCBA3E3FC08288AF93AE27CBADAEE3BCC5917C98856862A6400E3F41B7B36CFAE782FA350,,09C4F543397E7D25BED09B2AD6F54EBAE3026984EB4591C90D5D10686489C808DEA95CC56A5CC23D2C6DD914A4D667675A9CFE1CB018526D294D5979EBCAFCBA,,
1,Linkja Project,12A6732945BC4FCEA6264890CD01B1D818B1156DDDC31B103144CB4E267DBFE2BE2F538F438AEC0C276FF45DFD9943E2C7FBF31A5332B84BAEA777570B93CDDA,,20722CF79FD079A074BDA20D8CB01CD4FB1AC11A2279BFDFE1511C365F7B3525BF6F73D83340B4E2346692493EB5B8AA82BA70DDCD5405F622DBC61F336B1271,,ACA903682B420616412BF73AC400B88D00D0552747BBE1D407CF172D06871F0E864AED48FC53CDB4BAEE9BE38DD27A555AF796E3CBBA9AC821F6C4400E0228D5,,AF1347F8774DDBAF1B7D4DCF1CE5746A2002A0230B2434952892428F3BAFDE006E4E779826DBC28EDE941B2F4A31084B868C646651D969CAEA7AF3E35B9CF3E1,,09183CB8CC9561BF06AE2A0A412AD7E446D689EA5B928AACE446815F3A05BE4B1C008E02A27BB298BC4C1E7EE393E9E6250A5980F8C3A6B90D3831FD7E6C5FA7,,
1,Linkja Project,0E35F51E60BD6A5ECAD6A7226B39FFBDDA5726DB12CEB2BB81578CD8372E76A803C63A742376906DA5BC9B1CFA5568DA82EC1C5173DF0DB43A466B023638B8EC,,4D98A619322BDBABA58926A78D31AE06ABFAEA1B6D499109AFCF7B309264643EBDBE229E4700932B83B484463F36F41C7BAFDBC72AF525AE41052D5B85AE1D2B,,2545F4EE19FFFF12B6CD28DEAAFA228AF0FBE91897AEDBEACD8A6145096F7520A75FF292159681256FB3204DD4672EC04882AFC08DE935B0334FEA0912473919,,644D3DF46C04023949F539C0295332E81A542F6910BE4E2A204EC1D6580D6EE8152F968CEA16AC9177E5D77488875504AEBDDE9209AE76AAD8CC520422F413C6,,D0261D994090EC07B89E093946FBF92DDCA09283D7EA20D6362EFC84391BD5AC7A4759B11B86C2B61AA8A3658AB78C82A356AA29C27358694B62DC66AF86A82E,,
1,Linkja Project,DF9F844C3E901D0FC11E1FD568C25CC2CE7B67F7F44FD35A7FA96F95819EFC8099E7A75CD487D6984A8AA15372388B222CFC2229EB757D492851DFE90C62A598,,E31889E47287087BE318E654AF1624D20086B9C5B5669DBAD40C2BE9814C678B2A8CF4E87603FC6D07BD147F2550C165B4118FD0B7C7DC2515621861D5999F0C,,642C62034B1E8C925BFFB438C6EA489B91CE8B79AAF9C7BD75D74AE8A63CED4C31BC5C5BE3447BFA902DE7306C3D25017E1F7480DB29210F404889920688E4BD,,6A43FFC401CC117FB7D63180CC3B419084BAAA0BA0547ECABCBB2B4A099C09598C119F11FD5BC9357CC77053497B4F2032FF381ECBB9D0490238BB31BEC1E8D0,,F776D0EC4E74505AD6CA98AC54858C1438C40CDF55DF11A9EFDFEB8DD01B09A3A5251DC93B3D75BD30DC7E12084D6F5DADFDD43C86BE6B7207CB9A28C0950558,,
1,Linkja Project,6B070C53E58B72DB3CEE549777424307C35511D287777E352ADFF11638BD8046E566E9E9136195165EB943837D9E8D5B670579F3E88C92E97305EA6F1A250449,,348F7286A99C5C018F79248BE7CAD65F378152E0825E62BC23EAAB4305B89ACF3EC56F854E779D77F0A522397618B0EB511551F627F2648690CBA92CD8A46FC0,,EA92AEBBC30056E056DE17E034580F3501136F183BDB6440938A9D892A4F0FDD1C41C73A9E7A75E5DD5220F6B2F39C55AE2690AE1B41C34F1C41C7710AA644BD,,DB855D9D323B619C4D09872B8FE0D10C662BACDEF84E2625715E474D76C6868D22458BE752EC2DE027C6A8AA02DB3286AFCCE70B5936DAF9931D0FF0F9EC8B7A,,34D673B18F00A365C766D3B813023EA1B42378DBF85ECAF2E93A124CFFDE9FE1FACD3B0A9EEDF73D69DE2E4C6E0E245F50C6BA6937C4856F784027E87A95E60A,,
1,Linkja Project,DE76976C9A0207C22436FBF5FBC37D5E53DAAB16AE21CC89E3BA472DAC5C91A1D82F7FB9BAC2A93668E518186D500EC48D1A14E0182B42D09FB9F14ABECF3F95,,0D784313B7EB53BDF4FFF9BC0EA630CC86ECDF9616B35003E127CC1B4007556F6C7D5B31844CDF5F207C1FCE164D3867B1072AB75DA6C7C2C4055F965449ACDF,,4C125E09C5EFBF0D48A951FB82F65A1720C49C2242143399999FEE9390D1B8C35AD2719A69FDBF8BF9E158D792F50EFC84C0DB27FDE1B3C1BF16D6A586F43183,,7E927AD0B1DB599A53C5790AC887B21FBBB5BE0995A88966EA6EF259C37109B52883FBAABAF2D6D18487E78FDC05BA2D1F7A1402257CA5B50111003C59D3CBF9,,2DECE25F6F5CECD1F83AF1147443C920FC170B52D26B8BA5C4AEF696FBE6909A639F8B0F2E6E28565E19100632B3136E9D8E9F83D2690ECD6404D11163A95D9C,,
1,Linkja Project,361B49AB4690C579BD3D3D9F88CC976DE50436BDAEF1AEE083D958BD5CB882A64201292D7A29C06F81258EDCA5F3B70D30E02ACD1DAFB118D5FC68AA6F9CDAA8,,4343AB7C04C2033D5E80B29E2949FCBD0C451218B1877F2C0AF396C18E3682AB86CA715EA0F26B8074F6B9DD5753FFCCE6695063E7348A54CB6AE4F677F5F77E,,E76A2E6C9D1A716F6F800C48D5A07C1588199E7A6E0ADC2C15990EFB589EC8C31FCEB19C00986CE7716E7859E974202C491C8DCC9E50C9C07EC16C7F141D0E07,,6B4B4CB767298092193A92FC933A88E6235B8257981BA31921B16EFE96094F4864CC23466E528A2EFF72F05BA55D3CA4AD9CCE55E9EFE3EE2B03B6D23E44BE26,,4E9AC879444E1757F5BAC81A6CD573246BD6000B79766BA7442C30AEA69A6CB34CE8C7C4DAF30454372506152AE28176C21FB42413264F53BBC17188804B3E06,,
1,Linkja Project,AE7E84848252042D560BF8499B8CE37236EAF343ED3169F4AADE37B77149D258BDE99D923F6407D8CB3AE35999B9E3A0848FE1BE137F06F9E827A772113C0F0E,,FE49A717825DC4817B94FB4A37963092E5C2689663CA56D2BB2251375D1B44AD2A0416F2F64B03712BB8366664ACAF27B25BCF5894AC2F150F2C116C3F8EA301,,28DE1980D5653C82B5FFA378FC5366EF479F862DB01B147BD3807D4CB3698A26F3DD4B1A6797DA4AB796EA3A6679941E4F3E62B771C0859D5A62A779225EAFDC,,E327F7C52526D62D56599C26DBC24329D8E7A474C2D7919FD9313E7FE0C0092BC10D45E9E11FB112A65BD225A172A4E8FD6B9352EE9E57F8EB3EAAEED6F3EB6F,,9F13EF4117B990AB0C7B0DFBEC43D794E9CA3309EB62191414E56CD873578189E6331A403219BD06F8DB8DD057D7358F532D293D339950DEC8B31D5E2F19C4C5,,
1,Linkja Project,D682CF2A623FCD6B41F6EE841E603303D672BA5684F216447741F4EB2B39B22660DE3A4FA06B54CEDC8A559D4E7D1E105A4AF1748B4F393D4BDDE10D9DE605E9,,2EEBCCEF27AA71AD143200533DED469E3D6E44A217A438D0D6375A7402B91549D2FC01093F37078721FC065248D252BF934FCE59702F0CA5E19588AB754E61D8,,009B2E669730F85993045204FAC39C4081524679139B6D54FB946D4A02D43E3521C5EBDBD9BF3BA3D99CA3F5D89812F9F526212054B613C52419C68ED40C682E,,EFB863A1418DEBB5935154604FCE40A60C833F27C569CA8D685D84380C00E1881A7FA6FDE4BB6675538A2ADB49357FE81773476D0F43A1A4145A9E5C853AB791,,60846C2EB9616E5EC46EF97ECB0D8B9C34E4EABE9BF8FA401953F66A33BC3ADBCFA8F6C0DAA752C317A553DBBD4D955743284F766EBB7735894C6268EC2BEA66,,
1,Linkja Project,42350A855AEB5404E2A4248B09BD5D218B854F7C15FC3118C410DFDA8BAAF1B8B0AAF7D143CE81DE275F674F5D393E9AA4EA7763AC9359C3BD923D0D3A929469,,A6840DA7F9B9B66D3A00AEED1BC47175CC060C8C8517EA6A2C198A020DD6F89BE25500BC1A77A079E1D1C89BB864DC437E4B277465C3D1523CBF6379D86E3915,,A8DA37690D6671D3A6AC48FD87B4D54FEAF8A5BCAA6A89D71D94166B55C1EA411D4C8FE833FDC49C3BE205464075C1A8F1C4E2719E17A8CC6BC46FA61E26FD28,,BBFF9C922CDF3D72FF8F5D37ACE1F6C5E20E24781A03DC59E6298DEBA97CE161AB096402715F2A6C0AFF236110CBE030B5C3DC0D4721E53A6852D80232BF2E9C,,6360AE57E92FFDEF1F3C8CF314477B7D2DA55C132F902EBE2FF61A0D0EEA6A4CDEEA6B76FC8316E23215166935B22ED32E8507CA464EC8A01D69F4EE14969FE5,,
1,Linkja Project,AB3BB3B551CFF512F15169A6D20CB3063EA24835836C20CDE360DD6B845A94975A657F89148C1BD8064318FAAA9A6BC106CB2CF38F51F3669A5644E955FEDC8F,E6A7DB9914B508EEAF943999AFCAEBDD832EDC75899DAAD18F44CBE609986A840BF0E2D0C2F679ECDFDAD07EAB26A385BB9229D3CFCD1D5BB7C6C59261C4945F,A419AA02ADD3D31977DE2F023A2A4827F17F89F7D6CA60ECF980C3B68FBE76BF46C0890D1772B4E9351620DACB28BA81822E4AC4CD373CB9D733622849CB5BDE,48E4D51B9242B64263955998110ECBB286676B61288E1D734E7C9A100FC7C585DF28E75CB178032C74427C9AF30AE4FCB94C9579B9D76AF8C532BCE60F00984F,50DEA77B2EEFB2C944C13073D0F0B232CECFF4D9BB1035B550D24F8047F6EBD24C03F00B5FBB14B9C1DDA5D79DF84E357AE5EEE96A06F90BCE249A3C3C1333A6,B794B5AF9E547383D0362AF015EA632942396FBDB2898272F68E52AF1E1485EB062658E7BC448C3270C08426296E88996EC73F844B0DE9CECBA547728E8C1247,E9FB6D3D39D0310E8B6B0A7508318FA24E7A3C2FDF95BC8A032C1645024C0CEBA440CB597EDE38EF9A18D80CBF36D7ACCC8AC3F64AF76E07ED3577664994538D,81DC0F9B0949C16E564D61B1B87AEFF0F5B4D643C9CCE696F1C9519E9F282F60D74391713CF60AE9782FFACFD414F160D2AC0193D22B1012D93865072652FB95,EC6F189F4FF125FAE7D108793B8CF7FAEC546ED3CE606283D35FA5563F207AB4EB62E59627EA0E7A35016E2D830BFF09BDA0A4163E83BCB5C2FCEC0B9E68C456,09E5E4F824A4CFC2646D8F401F2DC90DF34543110E58A3C5355A44777F22911878E7ABF79B9E758F76A3B0B1B6F4C1CE596BB30BECF305E2995DBCCE8196F28A,67B980419A716B7AADDCA3A0DAE832CEA79CD00D5DBFB3764C87F5F8EC09EBE380FF9FCBBC4A59D5BA9D5987C6A803AF8FC69111F40123C56E91CFA2F9E351F4
1,Linkja Project,68B194C418BAB6D127E67425BFC942AE3E4029DA152B029452F03A8C883B1C862D0B3EDD4B3847B5581EB89FDFE4ED75AAF016D743FDE116A7A564C135C63E85,,C5A3B0F90090430FCC87BE32F3D8FE7ACDB55C6FD4678600DAD52720D795F24056B5AD850493CBED01AC6B5C2287D07C3BA63A794F82CC7CAEB2806A78CE462B,,5DD5A532D55C2831D991CEA65CA39011574E9A1C05D3A35724DA1CDC3B76EC85C64B54AFE05789729EDB03DC79B4DE7E44FD5235F97EF3D587E5A6410EDACBCF,,D90D2E509454E79898A41A6573E90F8F6EC9E2D81EAA631DA978E68373B1F3ACFDF0A4EB4A00F66E57BFE413595E50A65FC1C5AEA09B350B42243DA4E1201F9A,,9100D5D29C44895A1FC2482F87FEEEBC5D8B10689EB886DA1D8504853A5E53547307A27A6930D966012BADFEE4EFAF996241E234B625369A6D4D0AC6559E370A,,
1,Linkja Project,AF337C5D069E344752B95188D90D5A1833BC83D505DFABE8FB66AD8D99943C3268B7079A137BD636FF1C1E1CDD27E5C57BD41136765B08AAD3E0E36136D2C4BC,,4E4F752169B88C2E89F77238A652B4B99178257B61A3FE345CC0753FC96717B5A1E380C5A12F9B323481E844A61E998BDB4938ECC62BF51DD3642B5F984011B1,,D17681F12EFE6AA6DB490CFCD59168B796172CEFEE8968C386EBD33779634C5791EDB0C5BBD6D53B17E17D7296E24A79FCC331BF07251E9361DE0024875EF4AA,,23DFF6B203B8126A898510CEC0778A951D3F7A7474143C01C1CB049242EC4BF7F3C8FB742090151FA85489C1ED85B2A186948D461C4EEEA0731E1D5B114C0761,,588C94A17FD7EE2305A3DF2FCEE518D3B43C2D6132DFE9B92C60B5DC4DE2186AA2CFD5EA292B651EA2DD8DD0A2D9AE3895758AD0CD820DA6B40B8560AE03BF99,,
1,Linkja Project,0713D640DB87F6DD7AE58906842E4AF556D71EF5DA90D07EDBA5C5AC1CE2E342C016A062BAEE1BC48EA998BE764E4FF6A19826FE12F32C517C890FB5FAEC4819,,908EADA8E347E36DA89AD7639065194CD7D7B294E0E6B04FCA5B3A370D1F1315C7F5BA0DD7E9FD057E5EAE5F0F44B8A202A0DFB2E2C7CFC56658D69D6B88AEC2,,4ACD9912C94F56AF8794A993967BC0AA5398107AA14A9D9A0232C4773AC6B235DE760F8C2B1597D26F84A9F9497F99911E47DDDADEFA82A4624F7ED5D7DDC078,,43B90052601D22F4F30E4D7C43D2D1A4E69D348309F2960DFBE0FEC98A74693FC2C0EC92E2DA39E494EA7BB504C3A2E9A962564F481FC45BC9B77418861357A2,,C1E8E69A8CFEE81741022278331098659B4BB7E2C3F592419B00B16CE6E4FFDB969BE368D341F118AAF42D5A98E5DE74E2BB8739CB4EB8B9A8426551D34DAAB9,,
1,Linkja Project,BA6E70B3034A0694B9FE4DE4559196E0311C4A6D2916780C79E42BEE9348B789D221C37F22ECCCD293B1D01D3F19FE054DC821815EB68A0B9465A9BDE502FED1,,FE9E198D76FD7B9EF082C5BE88A8DD220B1F2D6C56E7A74381700D37778770E6DDFD5D42ADA0A5EBAE6CF73F407AD7BC3CCC87B4627DE1019FD956A4A76B771C,,97E81EF6292F3936690ADECF4C1B22218CBEE7F3C7A43DD4C1583D0DF90569000850FBDA988C5035EA0303A73994D23BA2A1F0D55B599C6E48EBB789D5FDBF7C,,4A11285F70EDD1EB274BC2D2A67935A3CD59855A409116308A9B2CD705C5A001F7BDF45086A33BF1563C3C54F6C9F5808086F5E685F0F051F00CAB2F27A9EE96,,42104ECCF72F1BD7E2DD276338EA3CF7AF6D25E47D23FC3513BD8B68113A63844B24A90778799E32F237C64C71EAE6648130042CD5C189E34BB26B82BE4020D8,,
1,Linkja Project,E6F72F6D81B2CB2863ED7F9679FCF887D73780BA4967063C2F95E29D32BC0FE6424550E3C4EC8F42194B12B1E16E8B2484CA5AF48B6BCE3B1939B8F5CB7C2B43,,0FCC205D50B16AD51DABF6C68A0491EB029E955FC72BB4E29FD556785C03A19EB858259F4BA48B3484A1C9354299AF0D1C7D7C4119E5F346E48CB4D4F270592B,,709BEA71D261F717C9DFBC6B769B9D58D91B029793A48C55279E52D562750317F884EFF8CEF0A412E8B433BAB6881C203DE203D2BC6BBB24EE3D879369F28E67,,8D876E3BD67ACDB4068157BCC132BF4027B5C52C80B4CB13C1981983F39D9FC615CEFEB7B80023ED1CCEFACB7F62BF59457D5EA89A92BFFAA0618D0F59867200,,B80CDD22A1FE050D1EB75FA448399304A2B90E292DEE9C9557F9D897ABBA0E009C7E2CBB27655F5EE56C2485D6DF4C1D2967379A329C4D2D52BB20B136DD893A,,
1,Linkja Project,7B096D2B3F8E334B5F57F0D8D6B87242AA38E3CFC074F50D2B03FC003E666B8D8934507E819C5BD7117BB6665B2C046E533043A7A7AE45A3D1D65FF497BC5655,,43619D08DF5A9301764AD179742590AEDBF5340C662C8DEF467AE4DE690481593B9827EE17EB85EB17FFA41313F46F274162981F9BD625C13BF73EFE739CADF8,,2114508B1839AD769947E5A315FE3C8BA0E68E828DBA7F4CD5B647B8EF899FF48BFC1072EB4938EDEF861AD903EB86EDB48F0E4E692F0C43B41ECC4C8D5BC8A3,,971ED9C954CE0A86C7E5B8CA821BB382135DA12548E97285F5A9F85778AB2B7A8BFE22983F7331CFB811FCB905C962E0D0294983321C2D5BA2E3FBFBDD8A8F96,,EA93269445611AB1E916C45D64CB59BC610E5AE1070BE0435BFF47F73732B2CDABF92CD4B91B5B3BB54F890D9B63E939D18FB8461506559E7FAA274F13EECAE1,,
1,Linkja Project,65EF78AD67CAAF3FBDE52AEA69E06F6FAE79DFEAC646BF04F86FDA5EFB08376343A80B3D6714B8479F072257BEF70D1DB01DF4093FE0DC2FB25A36AA20DD1962,,6C47B2DD6D3E9954FCBA089F44E840BC5F848CB5937363CA0DCBDF362DFE1430F421EBC6066E051A4B9A33B4CF5ED70AEB914F58D13AE59BE5EA217BAB5D0E9F,,BFBA8B5F8C9388EFFA6FF39A1D9E6789FA1A1B1780425D109B64BBC160FAEF2BC355C834E4500C2E68B9615CE67E49D80B80F5047196199ED61276B546BFA853,,1934F2825B4C36BEBBAC909FC59530F253797CCDFC3B882DD6FD0EE1F5B436079870FF7D87F3F7705F03659228A48960283F0B5AB5B6999FC812545E626C2C89,,F8545DCDE579F1AFECB3C1EA4A529012D190C7F776C8DB20BB66B2C0D01F05C1DA025B6C317C85D45796E2A7EFA6FB63672AFEC160D0B3A5B13D16CB11EABF52,,
1,Linkja Project,DAB1953356F62298206C64C0FAB4345EECB9C72D1031C6EFDB62F3BC0CFDF44161E0BA47004495FA3910C1D8AAF4CA76D04489E93F01C539F11F974EE30B1178,,F2E162E54F63A1DAF8354EBE70D3C218A407DF968178D84D190F65AA0DDB7E57FAB99C121B53740EE522CB5B971171D0285F1E08297A1EC890F19906A8585759,,11B494D53178E962BD8C6F918CB3535FB8688765BBD7A431AEAEAF106E406F8101581BE2301FAC66FF4382729FBC5476365EF187C602104FED63441DE4A07A36,,AB3E1692BD86A8790E27E2E495F97988A7FCADAA0D28DDCEE0F78D7B8D3F5986342E45B66A5C64618A62C56A6AF7F10A5C2CBE1CF615FB519A6255E9832FEBD8,,59D70721FBA5179A4BD7680918C7C377214F8541186085669041DC1C16FE666BAC575950A61C8AFE5362C63C70A9D77A5EA68511A160A86DAC79736B78D64EE3,,
1,Linkja Project,2E7B43D9F70B191DF017E1C6E75E37B675CDEFF52B99CB89F4297A13DE96DA22825678C0567A5EC5B98AEFDBFB86E0A9EDA10CE9A85E224867767E689DB447E5,,1644BD662017CAD7AE939A1D70EFCCB60540D34C488AEC6C367FD28413AAFCFF626A1A9EB5613F3C402F81228C45D4DBB605F3B51991F3087A6CB677195929A6,,B0FCC62482753DCDCBD45C96481C3470854DBA743D786200929152FD35E8C2A274BC69EED6DFC02FB3F194B712C7B81FD7046D0366CE5EFE705F9A34229A84CA,,1867C5CC9B2604B11B96302901951A49F7ABBF21B48F2641C36EEE1DF5AF511BCAE73A8035E89F56356C540F97F6A2FC868DEBA2EE6750EFDC3B073269628555,,56C6A8E212613A3D9AC3BF8143BBCA48E76797D94B8D2FDE84593DE6F1DD1DC44DFE71CCC153C15A3A93FA6AC4932A6E2898F922E7E82DE494D91E5289F505DD,,
1,Linkja Project,122C993E0FAD91B8BDC1226A869D0D3663860DA26C402CD34FBF1E0295D46E943CC7DAD210F670883C8F129FD68FF2DA5D89F34D4C14A5EAA1A07FE870F54504,033C0E2542286748720D1D12B195F6C73320BB059911EDDBF338C94339342F845C9E79B66E835A2CED5E968588EB6D85FBFD6CF545E9EB21AB35141EA8B06BC3,04C4A384AB04A0777A1AA6D8BD412767BC5EEBAF116761868C6ED3C2630AA9160CC20A06ED5F19EC74F6259478DB941C33441ED2007093076AB448F2A49E06D9,2A2F0DAF8F3B179DBAE5CB3312362468A2735405061925C2B942FEA41970371E054DE0B1B42E9D049FC41B3F70E72747A1479D26F55240878FA65E9A11392032,D8274239719367D1D4B343A203CE17F1C1C2D79C019479C44BD4498733DDCA7D66957179C17914815F8F5CA65E1C03A494DF95E2E8938DAC534D940B7B7A4B88,6E85A31B961B5742DA720A01F2C57032EE26706B5ABE3683EB99CF36437A96FE22FE6BBC022E182BF4E230C82B3D970409928BB1555C4D797256DBFF8600D895,122EC72EA19C28D07F9F331ACE3DAD2C2E56663041289564DE214F39A4D3E0937120B5AF5574ABB3F86EA8AF7318CD06BF70730D65E12A8DF1DAD547134BE65B,5F55E5587C40675653356A2567BF375F8E05D0EE247E0E85E5A19F9AB77EA0E3B402C112D13A8DBE02ACA8B37559646EFA1376C1524D8C2A39BF4F406D7CD1C8,88DA27DBD69B2E09491648ED45D6C4F61C1E6D285D3060355F4B514C1136A84CEBE04C751DDEB870BAA2240B3455752F70FB9DFC83372587C271AECCB3399934,7AB67F7388F58D5F2927603804E6696C53E156169B0783CC96BB88121A227BE1ED31BCDFA44E17C9D3219FC59C2ACA2590E858F3CD5FCEA396CF4B569C4D567D,6A256275C781EFD6CD0FF4D0F9CF7F02FCBFDE0AA55641C20460381362A513362AF47090011357EF6C0456776CA911A1A067C8604BE7F3F4A065AAA62547C1D0
1,Linkja Project,A1768BDA0C214C011065C01C4FB4B7EC8032E9508A1974F62DF1A87A55B96E216B131D7A914FB9BE589E34248A6DA25AADE2314E0397CEBA0B1E5D4DC16E9CEF,ABA3493862D72D88907F6259A8C29ACE0928887A5772C051240C9CDBF2D1900A78C63C67AB7A6172E95C5B41B7F20705D7E300600351733A1B11256A61F3DCA8,443E9A2E1B05354546CBF6549073130C858B5E688A567DF860BC987146E919CA2632DBD31568462A47A1213C586E3AFE08F887AF9EECD7A182EAD75A7116C496,757A8FB8A42F79F814EA7461F1267743E11E5C8A5C30C4C6FCF924ECB767202146ECC625A2BF427F94E30D614F91BE2B7F2EBAF6FB26155EF2BA9CAC877F43E2,82A4D82798483DCC6B69753F5C55F2EA0EDCFF41CFE15A3247870E3423605B0117A1C5BD2943B2704A6763F2C0BCC7664E4FED45DB26F5F1F63309225D05135D,4A0EF85C4160B13E19771595E508C34AF0557949B039009D19D1CF3FC9C9249C3B8EE6763FC5A047D1999CE1D7B00BB8B4EE9FD183041D108D3D01A29669CADB,18333D8BECBA03526B84106DCFF84737D7B2F34C02C7EFC6C4E209EB8D6BB3BE894A6C6328F174CE2B89F70FFF7AE71456DE36C47914DB4B33067EAC3D90DAAA,C83E79E4A2E5DCF5C87FA1648FCD5D71869A56ED8A3FF844935902E379C61A44C10648F8D7FB6FF119CF1B1E731359DC7B6288DFE89139BCE94F13D8BFA6DE3F,17B0A773190ADE4D032DE11075F92626ABCCF18ACF728C8AD223EDC9389374DE8D51BC62E50B695E966652DB1DA466E2C8E35D3F8B53318179260C4C6ECB3F98,B42F19B0DEA76E55C798E7C22A7A24A6A449A76A3F2540E40FFE0974DDD30A3E5A4F113F588EA0FB7EE97774699E30845662995F08A205E6D15928FF584D087C,C96EAE8BAB6A79C8515A1D85AD86667425E12C8528127984C197656C973F10617572F23488923F52F72D05A28D0B192AACFA664BE5845D1322D9E9B5D735E5D7
1,Linkja Project,DE5BE66BA673E7E4E5EF08B32816640040CA6F8FE105C579549E89BAB4970E6675E857769459BAF290E2CFB353C515DA45B8480B511F229412183D646AA5B8C7,,E0D295224443AB928823319A8AD4993348C8C72A1CE71276467C488FC7770D7C70A8CB17A4CEF56BF75DCB8016315127E586A88AD54742537E9B67909D0181E2,,DAEA746B2D1B21A91BB7AE14B29D76BD2E6AB3F59FEDED0E8A0ED778987EEBC7D5DF1D46B6E197BE64FA8938A8AC9D3322FCF321B6AD6CFD5057DAA79CE669B2,,7F561EB077BC3351FE5BFE253613FE2F68B600D13DE446A3373F3632D97D343A8F750361503EF5C1D8076CEB1D6F0FA7AA7DE75352F06E22F42AD5BC0C3F82E1,,5719115472D212FF2F337FB86A8AE39EBFE05824AA38A944C55EFE7CB07AEFE5D3A55DE18CEE0D6A549EA1E7257AB9DF13C8BE4E37E6A7FB2FCA2DB582EAD626,,
1,Linkja Project,6CD02FA9853E480B4938FE8AB1DD6516E3BF8EF8F8BD22303492510E6298166F523CB8190CDB024273ECE9196F3B593026B416BC4AB2A45A55CF4EF4840C74FF,,F57D478E26D5258E885521A181BFB722B4128FD3B89ECE4E97C3BD40714AC39C8542D04B5E976B028A20614D87F515E1CAFBC3BD9F20300606788C4112BBA351,,F0D6B501AC75A31B4E5D2120110C0A98ABCAACA1B55F5788AEAA576476725C4A3BC1F309C08588F8EB36BEC60A978F78C412167D145C6B47F74C09BDCCAD9F82,,E703724EE81F12A10DF188957552C20DBEAD4A5C9C1A8004F645619F1B06927604D203F8F7B6335E491B0C2CCA317DAB7558438F9C68D938AED997184E1B7AB7,,47BD64F7E42591F03B71A4B4EAB8335D1AAADF7ECF7F511E02B9DB1375DE6174B03F8E66A54630389A79B79BCC55B513F615FB50B689C86BE7EF4160DB39BF64,,
1,Linkja Project,543A092E4A804F948C0664E58A16407E1C96A98CB785E6A8A926E1C8A43566C1AC503037A78AE49BDFB1830AA35AE3604CC89DB4AB9A393AB110D9E1C85F03CC,,990AAFFE77575CF8539CC7CF3E531E66B80E7B11E2D4B963726BBB7DE56F0F9B620B4DA0603E6F62D8D0EB22B2596B5C90DF911305D91852288702F235ED1CE4,,D6BD9A42883DFCFF4EA7FCB84896D1DF5BC7CCB28EA13D9B29BE0C1E9DF1A6FBD4404DA11BD55CE54338D89686A9762949F9F152A780DBFEBF322AD99CE1878A,,5E05A931CF787170B270001B633F8A2CE9C5A83129F200EBCFB3DF17BA5A4CFB0C61BD83E5AFC174A5718A441D4495514FAA67914F5618489D98A2E71EC84BAE,,B1794717D80A6B1B38E777FB036569289DECC8874515690767BDE300A6D537C9DB57766B7384DAF18634357867ED9E15B82F5E3C35014791AC444D7008669A4A,,
1,Linkja Project,33AC816F060A25E20D556F16AA895DEFAFD6CD57D2B1CC34D78FEEAEE9157DDD7128B6F83912E10411C5887DD5B3A4DB957308704F815FCE081F46D4DB17DF9E,59D4601B58408F3B9DD1704D034C8582B7580937CDD5E0575C9B56B7BC9CFB9805ED56766263F004EBFE0EB25F286AFC3866EAF992ABFF221BE61C4DFE68A667,7FC0DFE45C7E37FEBA0B032B99D023466FBB8AB817D43E4CE2D16C87305A25504BCAC93A2CB4BD25DA5E4231CC4FFA9661BB39FA951FC278C1ABD312E3408BE9,9A3000621CEFF9FBF17FEDB4A17ED9F0642BFB15D4E72AA94E9A0EC7B757F91DEDF6F7544B6179F9C6F7DE08A24BA56C051B4A7F341218F20FE477A0987A9B0B,B9FAF668803175C1D6F98E3B82BCFBA59322B3E075BFD9B1967BEC7836DE080CEAEBAFCBE271F7B2AB2AE9753C28D841538C28FA0A19C76AAE9DEFB302DA9CD8,51F4A2534BD8085079192837BE55111CA250528DF2FB44D4FBB1571D31CE42668E74D7FBCA22A2805AFC1022B0B4B4074EB53E198EF11D96F0F8220C3D98F6DF,8A5405259645674F70CA24EFDCF817EF99031474593132CFEB5B14247F1FBB8C4D86C4A7F9B9BDDC9732AEE23EF7B2033DDBC00EDD9BF73746551355E6EA8624,C7AEA46E8EE8C7809B88C36C08BA5DFDA9E7BC76307C1F619B5676770CDD57EC49650B125AE9C064DC47E76C8E7BA30986DEA95C418BA9794DED07740FFA31D0,B1661B6F8CD25DECD33C26FFEDB9A6954333CA5FD182F836E807FE373E3AC309CDC101D1CCBCB37EFEE0B391C7CA8EBD7323764B8DB484E82B652C5F8874BBF0,F95CCA3DE131AC200BB5B02505E0AA483470F7C329DF937EC64CB72F1A041487AA0383DAE4D087D02DC4557787C9A4EAE7B01375B239B0E9F0C0E40A8A5AF881,CF88955A719B8D049E619B8C823EDD5C01AA5F701E8A4F498CB1710D7A9D26F8B958360CB4F0E51E771F4C874CED5A9F3D2C09FFDAC54DF9261BFAC022AB632D
1,Linkja Project,4CEFE109E51C0AB3B202F128515794DBF2E81F80508251B445A5598563F4C3F6A70197DE63E143361A814BEB1548F6F4CE2A4415D54AD4C046A53C76B3CB4B5B,,0AC3FEA8B7FD9E7E6821E2A9F1F04BD395EFC649079B0A93E03102C098F777155BDD85527E9E53A9209328FD26964F73F2F3A6D9FD16B2EF35636AA6772E6E98,,B6660EC38D6428AA5E7E2231343B11ECA9059A50915FD6552CD75DB4FA814EAFE1ADA031E1A5F11210EEC83EF07CCDF23E1CFFC47593F679EC2BE82BBB223731,,0297CE146893A5FD852A24A143CF4DC1267F07DCD4B769CDE413E16157C20E570CD4BBF677AB05FCC3E7A6B6A860C4514FEF58F56B4118FEADF3F332DA62524A,,33E046314741C5531550F94E4AEB2150139BCA9116FD865D2659F2C2186859F2CB6E5024B18B0ED08B950724AADE387BBF1CE7B790B4B455AF00BD98D328F796,,
1,Linkja Project,BD727F07EE8CD4C7A7B21ECD271B2A807A3F8F6C7D6335884F73637BDD4143894804ACFA1B9D241D7C72255F8B17EF0AED0467339B8C1C8A1A4669762129A676,C251A9EB6175BE4FE7BA5D8F292D88C1EDA0B329773824385A4B61A6994A2E788416102D027930B5818C9FA7C59DC7B867C1B95A2B8F91A204CACB30AB1D109B,AE78C01C86DAF8EEA21C0797028B716E10CD04643F97E96392745791603C713397388A2432B64EC71A5207781AC1D583FD0583C2F0140C99BDAF4735B26E4A82,86BA9982261E0447FE6EB7B461388AE5D849562D2C7805E2565D2B290C486EE0B3662BF8350CFDF09440F43A710BE564CFBFDE81AA95810DCAF160BC74B042F3,C49DF6C4D0A220A7C0FF6EC67217F4CA47C745E88539E63D24E9C3B59BE551C7C2D87D973E9EC0CF3D682845338C3727F331DDCF0B2C172FD27CDA1EDF5BB710,19618BB23704B7403DAFD6E41C2941E5EBF020E18B4945DD1D10014BDD23C9C185DA412A1AB1E383403A8EDFD7970BB9707FB81E58E5322B292BDF234BACB9FB,D56C07A62CA8142F938F282E3054CEFA1AFF28BB0229668B5ED62004D80E2AAB5FC9C88136AA1059150167CFA4FA7923791899ECF9AE0A3BB933A8A87134C71E,210DF3877C0D33E7F38C6D377EFE519D98DD4DE68EFD9B744B0B14FD030FF7E27F5E2B61FF95D331CAA466D48F98D5A8ECADF6CC5CA0D26252AE9DAB5B55F145,C39852B9127B8600B4911645E82DF1824CF51DBF04819F05D3798B3D97010D0AE0BB2EDA344F264AE224B5031DCD31AA104D43D73B4A8A07A49A7F26905FAB89,A368783927B2B56E52197F6394D7C6EAAA8FC5DEE1CBDD7BA2530526F3BA0F73209BE17DC57305667DA8ABB5E8E665C5F523A7CBD0CE0B72A1BB79D41BF59E31,F1CC51002E1CF07ADDE4786331AA2A19D0ED042B20DF166BBEC39F7915BDE5B97425F19CDA9D13A381095294EF2FAB784CB32E87937C818FE0D5DDB090308FF3
1,Linkja Project,A898E85D869126B790CF8DFB253A652A070FB480D05E02664A6717DB8E3150B8E275DD1F50D41916EC43AD56BF69034B2C93EE6B3C7D795964AB9B0A5EABA495,6464CBA5E8563D68443878A0E38FC2F3E0A6DB46F7CEC72D6DCD8A04B202B8C3A867315B4EAC4666BAEAE28D9E197BA0B43C05AA8BBD295CEBA32ABF2E81759A,9BC807AF12F009141EC9ACE523E506675DFD3AAD3A7B8DDB04F9DF22CFE5747E4B0401DF386AD4849EC9E5A7B93BA6F95D5DB3D2B4449C7AC19D3A389264F7E9,5B55122F117DDAB3BE0A572B0F22A795969A04927596518F33577CCAEB2780B180CAFBFB842BB70EACA182E767B078167FA3275546C0AF47A9EFFB54D1DE3753,631F440A0E455F4B6DA3FBE51BD54764C2946C82801CB29E56211D9A7F47B81C88AAD0054D4EA3DB48A2FC08C7FDE3C355FFF179822F8DB39A575EF384AB6D66,858BFDA401FCA072FDAA533C1FE33A4C8946A3481F5F62027B873A6C19AF6BA061B712C3BAADDD10C48A9DE7A97CD8E7ECE5CA3FAA9092AD3D31EF325655A6DD,E3FF8A506E818CDAC8276A0E5EBEF07B82A42F9E052973DBD393A77A97CB293380034D3709A2438DF074671947E22A88A70CFFB1B89E57656B27D5BD9F971A17,DA6AFD3F0B76EB72B3521223BC959BCFDAB968A0CEDEE8948FC80D86F80E81F0A657190607657C105F44ADEE2D07EE2FCDFA7DBA20251F91074F994CAD8A15DA,9676789FEBFAD6D9CE7F412B131DE0DE9A8493DBA552631E01B6259DBECB00349BB9A34BFA0D1B372B5B3B17D770B16540D1EA6AD3A480B49085AEAEF1CE0EEF,3B7590A3B86A5734B4501726C3DFF5D3ADB7CBA1C20E9442587892B14254BDFF49D5FBF7ACB712E82AF7F2FB395DF350592AFE5E9FF065C6ADBFFD85D7CE42EF,048E2A56DE39413B7D8EE1FAAD5E604ED5B8C445678662AD0A43842344EEE45D5F46A57082E9B22AA4F8556E2EE27250C1F7D3F005CF5F98D577E3F28C27AD46
1,Linkja Project,BD58F9CAC8399EB8874B621829D9F469542594840561A70787E5A7A82FB0F7C1602C56F50B15F87DBAA396B465223F6A2811B4BBC0493E491427B951DBC69897,,CD42E58DC84091BD481BE2512633D93A01ECC2BE0CE24FFF1945AF73FF30F868FD6258478F981F676A656B954021F089034E13B7B80AC7AB9F6DA840D0CC1C5C,,2075A6D491B20637A4E5A291C8F5EEB631F3A17F0622E7AFD4C38916E8A94A9543D3C9B257BC204C945C9B4D48EAD06A709FA8CE2A8F49A5639A0C252127CEDA,,F323253452E53FF4A3F45531DB346DD30A1CEB25011FDF81DCFC9D51AE0313A75E73B0981D923084BAA917AC56C00A1B36797AC88699CF03D67074C7D15506B1,,8455839252715FA7651A5786296FECDFF60ECA8E7E85B1DD076CF6C23F3AA76872B0A6CFC27ECA81BD542CA76B14EF67AE333E24B1FA325D249FAE140ED8F5D5,,
1,Linkja Project,3AD5F510FD2844A296D2690FE9B7503E884452330EF24273125E1B331C3F5358D72747E970EC4620FB23B5E4A032BB06A70EB0CACC38CE5D10BCA23DCE67F1C2,,C1E17D692BE4A76AE71AD86ADFD7DF41C3D610E9176ED02F2575247E9F8250A03BBEB629A3EA0F2202F0CA3C3587E3C0C53BA4F73E219640982E632459D40EB6,,FB413172F4791EF1A84549C9481DB0368A37847E91C6984F7DFCDD309494B31B86B8F827F1F24C197FB17C12E641FC5E95F55E66529979683FD0AD17CDAA9259,,9E42B488C07747F9B6EAA582C0802F32A443F9173B5FAD67FAA29230CCBD568F380D6FCBC631893F57C52574847CD0B640E7589038DAEB5263FFA69E4EF89A71,,FA5D27AAC81435972525B8F3BC071941406FB908F8D63719086A5824107CFA930CCA6ECB03546B0D396E6295ACCD7175AE6FBEBEF990FA035A3724E64D104C9F,,
1,Linkja Project,D0D0D3AA234132858CC764F4CA8354ADC61643FE6615487305C00EA466D592DA52DA8C8B7103F6F37D61FDFF5F4DD09A19A0304AB060507E604CCA73074A1781,,695D582B468594D6754A49C3D96461D121952EAABEC63B211C621ACBC58E02C8AF8098CD55573B6265DCFBD52A995412C0074E242E32432064D84A2E26249297,,7B1363A780772DEAC2B8098D0006A13B221D22561FD59AE026C7722D95164671D5BBCF39C034E52E59A3FDABF7E844E47FA903B5361E99A9170539C332A5CCC4,,F0A924D14C1279BD4DF6E239E15B67E04B71A6E9F668B6AB8BAA8623EEEFFE728E6E55F057BEBAF1E548415352498E9711109A02B57F9F165320521D2A69B455,,FFB2CABDA21EDB92F400313ADFA813338BC97117D268DC07C19B167BFCF9D96ED075EB755F0DE7DDB9EB8BDC71E60155F1BC4B4A90E8DBE24716C54F516FFEB3,,
1,Linkja Project,95DF809E2002DBF468CA8EAE25F191C96A601C1DE00EBE8DFC5770DEAA449B99ABEDAFD00CCA84BE3692090558798D81FC15F7460B1291202B8C0F533D815566,,6DBFDFCD029EDAC6CED4834BE96601220A4183EF5492AE88B551C0407093928ABDBEE7F8CD451D75C8C8F0E07F22D56EE8A3670F35758EB2E15EB9F4F396E815,,C75E86803F6A5E3A84CDBEB5835089408F5E19A5A8A6DF11D775F3FDC542F29908399F1C04FD764ABDEB4DA85D72DE5CE57F588747AD8A61C069B39061813226,,E3A655ADA53E031EE09F8E81A55D1337464589B4895DBD3C3BCFA2DAFF2DCDCFAD3ECD49F0B547B2049CC38F6583AE104F29EEAAD4D1964A52AA7607090ADE3A,,A625269048E1AE83DED74AFBA2070D5C5A3979CE904FE867420F530A1D3C8BCFDD5DEFD2BF7BCC904F322DB5E5516E8D4D23A17D186CD0D6F4816039051A230C,,
1,Linkja Project,959FC91DE6AB1E6B98FCCB224B4E215D5376C26C2B62B8B66FDBD69C555ACC3FDB261287EAEE23ACA7497573D1C910E48365BCD0E24ADD423CDFAC30C7C016CE,,1B2D1747578251D4D5A5F0260C5D75F8A744ACEB8CD1C5BF7DA813CD519CFD60C44CA2E1E2537617A3C238CB5A5DBAC198FFDAD3A4B8B9DE0E175B190FB077AD,,069C8BF950DCF5518FA026FBB13FFAC2400ADF634B9BA762D5D54706040EB782AD18095AD7F9AD60B9729719D566095470070FA4B51D71492D37E5740F1ABC27,,8A8C025A39B9761373A1B7EA3DCE9D26968CB9B0E043EDEAF4F07C40B3C86969E09E1D3FBF3D49E1620F5B101C4E6D1759F878EFC688B1A4908AE5F48B2ED64F,,D29170A4A9B0943FF7584EF932D87D9EE813D649D1B970F92D32AE008762EE88BEEFC1DF81EF3290EE118BF73B403BAC8ACAAD4729E2CDC0EA8F55872503AAC5,,
1,Linkja Project,CE284DA81D9FD483C47EFE2E9A04D11BBC9BB1D5FFB7FE0B775754B5F299284F860C70D27D4CF176B1E9B8B8690BAE0C03E91D3B2002620EFFB9C1688119CD86,,74BA7ADE88D6536E7C8AE21C4A30E1355F7A5A8308C2BAEBB253BA46B2F9B397B6A45350E6FC06087507254770FA067F62F3F5A2E92CA6FC4B3189FFEAD6908F,,F7126DD2FDAAD31A8987D1AC1C35F1B5C355F8730AF8A69D533F90BB3C26DB890EBEB6CA4C2113527ED386418ABC3B6D756FBC9284EFDD45091F7109135C3B65,,5E20F72976FF0C3B572A963AD4A2CF97F0B0694DCBAF15FE2046962C5C8D4251B1A041CC007F729FBFAC5BBCFF059059289A5CF063E22AC6E6E906160340A554,,AF4F89E67FAFBDE84C091719B84F68E8A08B658CB98AC67CEDD5AC05899EB12EC8A248A9CEEE0A8F950700D815ABB7B867A623978B1BC68BBE9C3B341D4E66E7,,
1,Linkja Project,FB9C047DE545149965C768AF0788AF67E8C4757DB7E3BF6AE769FCE4D6F2BA284F936C78246461BC188002B71B64B384156B1123ABF425D1801F22B0804F40FF,,EEA8A664A0825F097F937FF66F2C5E054C6014A04184A4CB392C579E8925FC95AFA50AFEDCB061E39E8F9CB9C777823AD06AD0D981F12BDB64AAC8092D77D01C,,1C4EF964515485B0EFF0E8DAFC99D1F76C1128E00DD80183FF5FC789E384E23715C7566A14716D7E2DCC159E60D5609E68700AE77DB3B4D0CBF17C4D15870E6A,,25D3D28981D4C379CA5BA293020D7C2F5EB6B98B7038258B613C14DCA94C2E6F745474135C5ACE9E2DB3C9B8EAF6C40CDB87AAF199226AA04729B39C787BB592,,9692E68F52A37D1A063DBD6F215955AA46005EA4F0813EBFEC8C07EEF6FF32F7A06107DA0FC7A525CEA1A2BB932A646A23767D9BE09C09C77E963080A4777EC5,,
1,Linkja Project,9F87012264CCFFD4EBCFB12A84F4F9150ADAA95214413B6B3E339B46A7816C7F6346A2CF939DC1704DA2C6AA55B42D8BDB84886077A5C16BBF3F59CDEB018303,,CA172C11269C069A63299C5A8AEC3AA123F6FA7C7BC72D72E08CD8C8AE769CCA2998962195A82BBA1E409BB8497E1617A73944212ABC1A4A032988FCFA68E52C,,C60A63D6578487DFB1595BA85CA49E9DB41DF70FCCF9799DDD58B19A32E3C29127827D386775E641CA94570C9DC4F09126D88F0657199CEE9ADF825A3EF87A15,,DBCF56436F373B436627648818370EEE02A4A341EA0056514684975FB2735A559EFFD3D3B51D658085FCD086E38F86E732C13EB4BC9093FB474CBC7BE9940B8B,,DB9F096B043E0D52775296081714683D3160EA7C5D829F20B12A892965C9F2C67481343776C79FDF9FBDABBE465EDECF7DA4BB17311F2BD67A1D4CE616687679,,
1,Linkja Project,58DE0624BE476D4EF682FF1F5F01B7699AC35DA6614E6767B53D7D8D1B7FED514254152A6D158058F48C4A55448456C7038328BA19E3878B2C752F83A5FE94CA,,1CBA74021D4054F547AE0E42BB2ACC32D5D5B665469E57794B044DDADBF1494C325780C6DCE60457C547A1A0A839F212E6DEA66D440E0B8F9EA3448D1A3A11B9,,8F91136AF87F93D498710C5CC5C09B8EB2B6E00862D00FAEFAAB65D4DA7B948FA8081EA6F45D11D1DE3E0EF63C7112CB82E3760D959E7ACFE39610BFFDBD627E,,B7288246931D385F5FAA94D8811570AFE35CD7C82308406C74626487033D7051E6E7E77CAAC907F6A8EB4C776A4B7BA32CD78589D419D8F4081EFB6526E10BC9,,697DFDD982E1487D55A32BABD1AFFF02D2270F56573A9EE1C0B5AC2A15DE4EDF09A7D5D3CD2BBF743CFBA37F9EBBF3DDE1E33F0023CD49B107159580F74CF7DD,,
1,Linkja Project,937DB966C4E87F3DCC4474F4CCB721B37C25A9CB888DA762E4F7D2F3B397F79D605E94EA4FA93838DBF978FA48231BA152F0E6990A0F30F0C62D1EF35DD0013D,,F4DD119D1E5F147ECD13CA9AA22BDC2FF2BAC884F5EF6657D23ACF9CB66B561A5E022D28A85ADF418F028847338228D9CB227DF429F5EA2F746A99AE8D06D74C,,6CBF806FB5ED6285EB357B89A381EF57A5A19EC324433B6C869C03D20A068785E0AC43FC35914701E7909967521F17A57FB9DE8A4473A362D3EFEFA2BE05D282,,3E6961DC01F04DE62FCE178370D6E2A2B5C66DEA7A41458520327191DC9655ABEFC5CADD44A9E8F054027B3BAD57E450321F8B9DA737320D496F4027FD8AA58D,,15D2C7303B1FED381AE61001983859BA3C7B9B4D57B7AC0DD21FA9AA804224060F08FD0B003A646DD50D63835E23D8C7B791AFA09512E53254BE3AA02EF6713C,,
1,Linkja Project,50D45FA4D7FE2E08110ECE07DA58574CE696E00F3F7A734A5D1585198B9329E6F1005C98E5C9BBEE52A41FA0F4F0D424141F614C6835C12916DD7882537A3A2D,,DDB77C8B76E1EDA2A34460E7CB92FF589174CEABAB817AC6F17EE66D6D9DDB3A96154A5B1B44E4F6A99D149561F564B5B1894DC735AEEBC961CFD484690DAB2F,,BD441C4041272640A04B10E0A0F7998963A277A3C1038C1C69D7BEA8ED9EF4921F7B72E5ACA5F7E23BC23EB42B1BF7ECA73D3C0137A5E16D53BE05B13D13C8B3,,B19EB3C883E8F91E75E8CC9B601ADE68329461E017E05A9D89859B74D1B44FA838683981BDCAB251703B168A3E1C2874A95A80BA95DE38D70D400E63801379F5,,0BAFAE82679603A4B1C15B571E6C7204254381184A962F8793B90C8DC3C62B1444FF19073311E85DB838C60454545C7E85E19DCACD54BED3526A07BAE3AB10D8,,
1,Linkja Project,EDC0D73084BB09E3CF91F80BC601BE22A8BC7307997710E9D7B7C9BF29D99FDEA51C5FE1E28AA11D24734973EB39F6E9452D12298D546F7CA08879398B7337E2,D4D7A4E9534EA493C1F78526AA657F5628AE0549F0D786B692CB88B1523E1ABC43B94990BBB1423117F7B298F8F40EF1C093AE2781ADFDCEAA8BD39EFE5ED08B,0CB1748562B242AFDC4881E02D65ACC235EBE00E0516883190279FFCED0034EB3D4DDFA9DF67927F704A0677E9EE1AFB2F1F4D59D04D97EB0D9216EB17FC0C37,72A322B5A0C137CA8AAF39A6121A90BE48A24378010ACD2C1FB0DF578B045D53806360BBBA8568C66AB928C27C669B0FDB5E7793090873E11A1252FBC8C4BBCA,0FEFCBB1972F8D46AD9A08410B7F862FCE1AEB9EDA9DEB907AF89535242F83EAF2F34DF88C9C8C1F31BFA5C5FC1029DE86C98DA3F2E7993854CCA5A5AF0A153E,C9643D0A3A2948112E61D2A35FA200FDB4D2EBE99E0AE57A0E258C0E62CA8CB7A74835F302C4C93F0398088F424778A8DDE5A7F50DA277D616D6E6DD6BE70B6B,28EE48A395E550A6892ACB6DE2B08D14EAE62043368489002DE85F6F9328410F8525434B6625CFA1951F03E2A9950E2AAEB43468921A5214DDECB241EBEB318E,C7496267125545DFF2BE4C46D47DADD1470A0152799AF6FA8E753716559EC862D27C6289112B40D81D326071AFAE953C9840FAA53438A3F94E7C6F4F4C1E3863,60714DF349D47FE23C495B4749A2F7964494B91497F75CEC49B016FA67E68244BCD19584ED6A28B0738C360FB10B7B40910A81B7A76FF536864186E75E667361,118D5AED50B6E734583D29170566763C322F7D04F0F1782E8F90EF757143D69A7156C6894C1C860A504FD2F5018E0DAEA50467E13C8FB29100F51C8EBD5F1459,02264FD57AB6B7C0D8363A11288A69A2B66BE811B1D4AAEA1C95A80F626B60B747737F70B4FD1FC1E57512745F837A226232D68679A589B7D9765FA702771515
1,Linkja Project,61151C4724F64DC27A19D59AA29B8E8F78B843B26B68AE31558572E9B29BD13ECD2628FA1C355D1FC3B601C1B6B49580136F1F1B5BB3DD7C48050F3837B225B6,4BC737C87DC0CD55F45BD9A830EE5568DAFFA5B12DB3B4AD1073559629416FD8E6B02D37F08004C42F228C8DDEFA6A6A6379CC624AA54B92D820EC8FF2DFB154,BA57FD2744153955BCD8ACBE7C1E8FC7241AA01BB6D7F59CF4D21E88B9A9E2DBA3458C28E5FB5325F3905C00BFB58DD9BFD31CC9B35B037F4AD4765AE8FA75BF,FFBF6705024646DB48195A68507C951EB59AF0CE7C06E2258578012B3CFBAD9B974C22173BAB835CB20FA078EFFA54FC8ADBE3A826C12D669A2F1DC597F4D6C4,F0882D325F821B30B2503AA4548F3766FB0D432B684CC1B82C1C9F96C77A63ECBA9FA8C855BE4C9C939B7D8DA960324515AC42E6031EA29291EEB080B9A69202,ED1FF0A36705CACD0FA3B5E95E44FF2E074BF8EF0ABC1232AAD5A0ACE11C222D57BEC4D6459C7C59079380FA1F9F06708A573FCE82FEE896E64E3D7D9AAF982A,0DCD7BB94315524A529F936BEFD9B3E635B176120A05EBEA6ADE7C0C8573144F8CCA710E6B63B2C6706E09F884346095581F1A44DD6E69C354D31D4CDDF34C9A,25FBB2EEF71A9502D2FE50A592627412D3C670B7B1812C742B10802ACD872CC0E457A205D591C31D382A6C8ABEFA7DCF8CCCD225C55F872E5AB8291075B051B0,6D348C3E8C94CD6E30F5CA814FCC8E7C43DC62D072368C80671D6C9C9618465630D03A3524A4F27ECE434C3E9308957875CDC68DF0294D47F5EE88953E830D94,BE561C1C31F072C673D44786045F7430DE84A2D10A80A4A25F1B0BBC5BE3177B358809F3AFCAD67FB154DA4C2F2AB2C538D7FCB618FD2C4F04DD525F4408F592,34FDC3C25E32831891AF249D91A8AEEE929BB22951E044E3C235C3945173373521625653081FCA0D84C6C9CCCDADC989FEAD0581A4C5C8C50728C13093A17BA4
1,Linkja Project,29936EE8ACE045F80C4058DF0447F3D5C8364D16E8420AC91838A1BDFB0D324E0765D301D84565601C087B202348B09A1D5BDEADC0468CF01BED8E706B008EC5,,400D5C2DF764705874F1BF54CA4B947828EE9A7F9372051FA25F3B5153D4BF34439B0FEF0F06554E1A36695E71BDF305BBD4C0522410952E7A4560C5B022B739,,37D750751175C1DAA239A84FAE9D1EE529A3A03BFEBDDBCA598BA00E39E56C588ECE4D7CDCFF9AB6328AA03672E214233F4C1C4192D27E55D251D3ACAE8BCFD1,,861C97A29E8111D9EE5608D25E825F8C143591DD325A44651BACECA1223EA06C941B86877B3A1643C29281DC7A797AC863021756B282B2E90F854DEC00AFFF4E,,EBC4DB64F3636CA0C95FC9F76B5A232DC82EAA583F1D39FD4161C8840C46E855D775CCF1FAB3E06DF3F41D5B2A839D261CD99A1DDE002BA320B1084CFC7C5A9D,,
1,Linkja Project,38794029EFB387B0F417745D85B7262E391D21069BB47B58D49691CCD0F3E66971684061F421739285457D9C40D567506D99EB19784283E68F809AD783D49F5D,,2E087B41F21E7C904EB99EE9DC8AF0273CFD70FA8B9852BDFEDBD6929C4AED002FC6519CF68DC0E6ED8CB8700DCFAB13845FF1210D62D2FA4DBB52E33887BAAD,,BAEB816F8CE20949114B2485F14BDE1675B084E3C2132D06474CA70EFB9370C7CB1EC2EB32A8CA305987C9890267F383AD03D8F6A5305490F6D2F9757B85F3E4,,0CD94FDEC5594D523C8172ABCF552330C59488A60123F351C8D5095F78FAA452420EB4EE1B9F99ACB16F60DD1E6C4FF53D93E868C75209D3042A5FBA42260D36,,B00B23284C3254011698A8A8329D89D0A3C0813C5470FBE35FC6BFF326F6662F7D68CDF95306C5C963B8A8F31B85C185F68D6D89E2B66E3195E983D2789B5306,,
1,Linkja Project,F3EFE58E0FD5D3D85A30FA6E41A6D0A5B11F78AA6C50E25CC7E365A3B8F6D4FA39A2823663C1E6F5CD017D30F6D60D80A8507B118C0CA7DAA545A028C593472B,,01F12CE530639B794C1302F14AEF291392007626867001DA42707593C459C35DB38E521EFDE4720CADEA5907CFF5253C666F538DA66C5FC0E9416357EEE8466A,,B079945D97006B48CC8EC41D98FAEDF6CABE101E42E427E0FB87E78218FECDC8E22E36762DD5C4AC39056A12F0DE5141281249AD3C2024C931248507FFBA02F4,,C7F9EEB6D9CE5D72D21D16811EE05F44567FEEE6912AB8118770F3D28CD190A5CF7054AC4C42D1310EFBFCBD8E7BC9950D7F31A3727EC286BFBEC90DC1D950DC,,D3B4444E04C4173265CE7A18A20AFA22122B8E23FA9A824C7ECB91769EAABFF452BFECA35037EE2292A6F8FE6A94EAB3979E8D33A139C5D78F4246DD8AD4621F,,
1,Linkja Project,F686E474517CD4728F2D5C5C05AF32B2752A096B1015D8011E9DD72D7CDA7994AFB610FC19EE85176FD853D0AE55F83B663C10F6C8B12CC3BD3166BF042A6E36,85F87E2A3F61D782A669A704A2EAFF0FCD2E081CB9C8710A1CE03A59B7F669F2DB2683A4209499E0E88B91FFB105741BDE6586C1173DC6E0ACEDD483C4318BD7,D9AA1CAFEC70CF6F5E1250B76912A33573E22FEC3D4ADF580FFD2EDFC6E69952A1DB342C5AF80042EAFBBC01B123D6B3985EEBBB692660F6FE8361C2A2283F74,A2101988E40559D4570282DE15260888205EC322450E2161DB77531D828D9B45260A7F83871FCAE3A8C5FB53AC54FBEC1A35CEA220A48B929452ABF2542014C5,B413CF77AC2E0FAAF456422100E69D48D710A52610925AB0584C5FE954A41E5AD6D91EE216E2F3BEEE4B35120E999FBEA68EB44593557B0BF34AE3C2383B5F92,76A51765C4B1CC2D79005DBCAE75F920C7865544E940DA3A430485C93174656EF1A0994B4CADAB1048F7EF969BF5C96A70BE3D819C6800DC8A5BF3AEAB678CD8,67FBDC8BAA9A3E18D3DA5D823D57789A7225A2852AA37779D481974B11DE7951FBD81D301E00F7295CF619296CFE5E463F599C7446924B754B5CD33257450886,0CD7D8332C08996277022C31C10763EDD131DDFB9AFA12E1825F1C850B93F491F961A30D34366622BAFC335443EF9917E203F494F91AB63527CEA5152EAE29AE,B5057DAA7D80D0D6858DE4B7C44C75DE484C9087F66F29DDBFBD001D920BB4BC2E5A8AE0D55C1C6B385F46D192ED61CF6543068AA4FB76E6D02026713041873B,57A0985AD32D4FBFA6EABB344A24F52F2435121612B2DF1560B610E4F50B07173012BB397291A03B451F4A8EFD3CE977FAC2B967EFDCB3D6AF6F22F1466CD0E3,8C87BDCB7996FF84E0F8ACE6014ED4FC2F55DBEDB3161A3C1B64F4F0FCBD3F4543B498A42E6E698EA6F111EEAFC0B9EA864A5C5B7B86CCA4659E9419A2693AB2
1,Linkja Project,3602C73C189FB4C7C69CDCCA923E89845B8694E49CF8F73C868035E92031AE3DB1670DF8DE268F2C04823ED94639B8247DEF3833EF05587CC2602C3AA9A36BCD,D132592D6AE163139D6DBA25076841CC2625B587F0194C19284CB1A10FC626759A33617389394FEC2C281A6A97C72B67CA84874101119B718EC45AFA52164486,D3B9D9660F4090A51A504B7E9702DFDF40F2E42BD3FC3A48D4E8BF9E839D32EF1AA3AFA4C5323E93AAF10388267A3B95292326BE57A96F76A755B77BA5BF24D5,A5E74FC62B44DB7518ADF1E32D60088BFE9126B41D2FB7DF32AB8DA6CF49304D2556F219B9FA1C54B95C44E2B287B350DF9EC0312CE5133ADF2310D43A01A3FB,744D7EBC4CD7851F5AFDFC7B7D63B71E7333E74056D5A8E0F1A808F60188FA5D4BCDD5FF540777EF04E794CCA077439341F993A100EB1AED19050EF1DD69B6BF,5FEFEE8B07BC030557708EBBF64723A39E97E7183DF81BD18E3770179F4445131DAA6C3F0975A455F6966DA93D5D584EDD76709FD5BC06DADBEA1C8D4FDE7FBC,355654EDF10251AC9BD1F8DBD6D2A78688A5C1DB57725C79EEA52F4C22471A133997C344FEBD8FF6A302CE8EBFCD6F7037EFFAE04F24F08ECE6DAE7D69F9BF2C,4FC1F21A70A3811F3E2EA5C36EFEDF9118AA198E9CE9F575DAB78F934FA0301E3B31F920ED9A19D08C6410EAC04FD96EF39FD0D9DDDB14F03CD151674AA4D636,77E98D328ACD8C51C3C8EF841D489446554E4353144E9845820CE20E16CDF9FE42F8889AE162E3D60475C89986ACB403F9DB512530ED6CC3249A024942924F12,645BE98335FC9DC774B3851CE5B73227A3FB31952C3D38C8AA2E9A8CEBFE1589B6ADBABA670EDDBA7EEEF245CBF53B19C9EF283D71E0380BE58950857F8ACED3,EB03DDEFB16502EB32AA5F758036E2E2141286415DDFF49F69436807D94C8EA69F5FF173D70B087E4AD20700753D93286BBD95BA61D9BAEB28B2835540C133D4
1,Linkja Project,9861EC21FC87B5428504513A0FC63CA6AF57B3DFF634D57919E897467D01EF2CD812D1C14F92653E9047D9B9104EC2B238207C3C2F643CF9B5A9E0BDC275C5FC,,4BC9CE35F4D580184268658A5734D354C7EE090440B4036CA1EC9C7DB6A8B6CC5CA926609F287C61DA9F107CA32D155E382D1DEEDE5733FC5B06C7EE82FB4F37,,326A5633EBAEAE433B45EA7767662B226F445037F8818EBC3EB21BA6918BBB8874152E53259496A86F401A42CAC54E71B8797B1A2A9D5D4CB88EE7D32434BE74,,75D588EEF0BE744C60D377E7D155835A98591CFE6CC7237F1EEAD663468357AB84FF15E4779C6A5769F918072FBFB63715B29442B2BD0D1181AFAB8A99BDD20A,,4732558D715A20763ED2B0C7AC2796F02E71FE05214084BFBD6D4F3ACD352B4A3565F57EF20130F71E1431A6791E5284A3FED565142E6C9B11CE3976641D2851,,
1,Linkja Project,82AAFC24C10A3B3FED6D274C7D5484C26A276ACF0B6F374538BFD0F11B05FFDA37B54AEF7CF13FF95CA84D7DADBD69931551CEB6D45AABA2944C61A0E184E6D7,,37177BE3BA1EF54B0CDD9B846C80688FDDCE075261EC8EEF5A6B046AC27518F083A3149A32028F4DDFEFF1AC8DE92CC45BC50F64453FAE762FE6C752897D9B3C,,32730865AB0572A87D0746DEF9FB56FB6C2D0640C7BA0108E870CE2C21338ACA76B177A01734C0F932E37A58B6E692FE5BBC80BAEB99EFBF7818E45B5D825434,,4E94E94AE7F53671B523842EE96637CB864592EA5317F04FD893E7570485141E549796E9E8133FF35D2140D90C5F3EC0B41864FC5A2AE95A000160CECCBCF460,,D9C8E848A688FE7AC6605BC1275D5AB00977B8363280EDF581BDB44E96BADE86CCEAC5B6C303ACED1712268550E24ED917EEAB8BAC7FAD978EA3703E665A38CB,,
1,Linkja Project,F7EE77F440DA9CF8D5AA6DEB40A0E44E76A8B83A779D75FD41B8C62A5237A506752CDBE99160DFAFA5E5FB65A3F67DB3ECCF7B4BE37E2A067C1329FC12BCA743,,FD2CF13BE2C37F033CC063E46B74AD5D8348A312CA144480A8B9CB4E29EFDF1EB37FF5239A5E6DD0A84ACB5C1B8643693B47FA4FC327B93F2B23D551EDBB53C2,,A9D060D55673CD123F7286F010A27ED25C3DF5A75C37995F33031157B948AB2F9A63580D1CA5FFE8368F83A6830CC9438C36574FCA5025AAF8535B17D2616981,,23468003E5973FC4465BE54A1B25126A4EF7D959E34CFB3E5024BB400DB5603E2688333DB9DB2C56FB829F47878834176474E0B0F35070760E6250BC4F776633,,4F6F157100CC81A2AA885EE37510291CD5C96B3924270B29D56E9DC7E83038709E5C9F5B57C8BA4B109E8E500FA9E76F32120FFA764AE247AE9683D506BF311A,,
1,Linkja Project,545C5B67E299F02864C5D1A8F09050810195667D56C782AB758CA5E37B30BD02BC02AB9A209DAB7E614224BFF182811775E875AED7FAFD670ECDB4DB3B38FA53,,3481DD0665A50890F0DBDCC318AB34FD080D98AC20C1298E26BC6E1479D6C56E812B7C65388EE6C9859688019CCC47F1CE67A95B5AACF2B338987815E08A6EC4,,81733EE06FB1C05436F526E243D5F6A1FB67E6D01D2F0C8C97684118D4F7A6D06CC5B2E0387D32B0011BDE394E366FE8CA8682C2D4BB4B6029792202A0AB1D77,,5C39FBB4F05A0468D32DCEBAB85EE5507045834E13B46CFF272041D1548D5B790A2D241D48125C9A9441094193C39A364E307646020CFCD0641C775A08B115F6,,142B02C31BA4ED622B0477DDF9DE7CE764EF7147BA5ED98EB7DA3ECC31B525FBB4DBA838B80CE9435564FCB28D7062301F6DE08F8456137700316A3227EC8337,,
1,Linkja Project,0F176A4B323C3FEB32DDE277B1D2DEA7129FBDFAE2F45337A34B5180EC3C91FCB047C9B219B002BFA7AF90F6A8AF1A87E7D0501FD1333454E4EF96F50E5FA319,,DEF98F465B21C55B9761612F0EC1C806EF27223C9632F89CCD4B26449A65F1AA1AD37BC546300A358F0064D865AEE37DC68AE9D164F0ADE20EAB13AC7583852F,,C8B28BD758C3B6DFDE55EF2AC8F57CC68102DC8EC59B41F0C3904DE0526F59424A75C18BF45612A9B5665900DB745301686BFDB2363EFEBC99C624FCA51C1549,,CE079EFFEB029B69520EF9153AF0977E9AF73268B3792A69DE5F4AA5F2A3FA41B4ACEB2B2BB65AF3C99D7A1274458654AABE2060DF253890A3F6353ACD12DEB0,,9C29013640B1CC348225D04F73C3A7397477C9FF4E134CCE836E92B34A3FFCC198D9DF00D9F73F85D0C14F43EAB5B3979F250871565E830107EDBB1A9F7A8A44,,
1,Linkja Project,FA98B394286A11572C99C88B2B6D4808BDFF10226E6A1A7D8B5C00DE93C9FD6CAC62E491B2215F23F32C3FAD39574A2ACCBB2A210631E06A92323EBC2E2AC424,A4AB0A73AD4ADCC33C7BB19F2EBA703738B297915CEEF6B5F3C434949D4F8ED9C5E042C889BEFEA67600E1420A807D176F4A02AC9B1C4867D2A9A142D44D1A5F,FBA166507C215FB9B61F5012E4EB05F23F043AB3F2068E11C755A1425DDC0F0E4EA39C11617F5D07D0B207CC7B9C7730D807397E0588819E0AE0D0040C660430,75A9ECB17773BFB43A9AE76E1C356F968275AFB914C9ADD9EB286723E9EACA1BAB3EA5722B9F6615C94B859454404069BBD8E2B1AFD87FA9AEFC037009B40447,E2BA61005FC1AF57F4A3FC72FC4417411F8A9E8FEDBFE5FA90314B4595D02897827AAA6C10FD95FA8AB89E5D4B4691168AAA302AA0DE3B7EB2AEB8DD04DDD97D,DD36634C8C4C41AC96A87BA7F27EA986B357499B849C697D7845624AF67EFF357EE15B9B593DC37C0621136A923A292CFE678B17530EE5C8D8FE910887242862,6D5C08666F7FD2A66CD3C6FF60D4CCC8282A529271B3F08322CEB9BD8748F65378038B849E5615040020831731A8A4B6FC29835C5CCFBC88604FE1F28226EAA9,21588657AFB5E0BF19E4E0604B141329A24FE6D959E933275DA142BFCCE85A54C04907607DD3050B94D07F7FC14A6BABE949898CEA41CDFF3F9CF050613FC97C,582AD944164D9DDE6A7F034E28EADD1EC1BFAF4A003A6E683B551CFB5A29581109AF9F62AE2AC14C6939F49FBC9DB54BC2082A8AC013D08A57BBB66B09F863E1,F48C7F63B536DF55A9CE4892D88BB94C05367BBE357DDC8B63FAFE42AA450FFFE14F534D35D460E1D9CE25B597668D6171FF396DE3B3F66CC5DB3DBAA2D4C1E4,075E9502CB4BE3C09B03DC836859ACAC41C68C2B4BA2148399F2660A417E01B90C1EFCF999F6F24CB8A091CE1A40474A39A5B4A4169074A37EAB83A369C7B1CD
1,Linkja Project,BB14B389074287477F4EC4400357245D011649B3C2273BAB0F7C4D30168ADA7DB83CCE4F979976ECAF5462D0BFA0E7727A37B9BBC9B639D10A99682F56FD923C,,3EA0E6748DC57A9C2D7AA02218D2BB074E1E0CCCB41B07BA4583FC19FA50BA2F2EA323718D0CB766623EAF215107D39502A66502F3436B2F0E307B53989798FE,,9F59174906F272527AF8C12C32A7B7EACB1410F41811BFAE1136B0EF616342B8E04FF2310F3BC7E35945884D667D307AFF3C368C2744FAFE1B5C44AFE95494DB,,7AD25921EB2C4D0480BA6005CCA704AF7D8A183562E0DAF25045A1185E6ECFC26BAF96060D2C06E59F68669F0A696AD83810FE82BD77E5CD44F412FD2051FE47,,03D70656CA8358E474C6053562D8A08C05023967E02FD421203F4D69D29B26D71697A738290C922DA0227467D8DB8E2E1B0137E5A35E8A641E27FC8AC39B4B10,,
1,Linkja Project,5F950F1762FAEFA9349775D37DE89BE95C5B6FFE503CBDA1E9F27AC1BC1158A0165DB8AEF78E4D49ED8260ACD5377785DC23F90FDFE372F70B5AC10207EA7E80,B35DA1512F0DE1E542CF356AAE79158F039808D77D8F3F0D6BB1896DF76DCE0DA3DA4F1581E9A5BE21115C1FF3FF331EAC2936CFB0D4F80B53AB6F75F58DB180,F2690B16283B2056A9F69F025D47039AD8DEF998AED0FE705369DA1FDA93D0D31FF62935D2E89FE6ED395079EE40CCD5B2300671127C6975402AEDBBF162C1DA,DAED1123DE1EBF1563221C2A710B4C07742D586558A57349495846DF3B040E3C3C93BA10648D1C38FB2B8E7DB2738E9472E75AF1194F17547D8386FD08AAB560,F6972483AE7B5239589D560A6EE74ABA6032FCB8D6D01AE420BAFC31441FD7CFDB812AC67D309D797D3E9A5C3EFFF34CDDEC72D435CF70D23844C7CF82340A90,34D964A3F88C138997B08AF412CF25DE2FEEAC6A667C658E594B41B785AA98E4C588703316D8FD8F431FCC0C3207839942EBC41F757260244CC38146F05DB251,49FF161565373313C0B71B29E6FC87A38B6F66C20CB805BDB3A0F77594DCDA0E705700BBAC1FA3886FA68D8CD3604E83F8DFAACC9975E940CE961FE32FD17C9A,749E07FA7AB4D688AF81B3794630A4617BB8216B9EF68BB62F3F96CB4732DC2D41BFBA72432299333FC08AFDFB06AD6B21D7161E144AFA2E33E00106BE3424F2,C78FBE0933D41896717585CE4EA30D2C2996AB1E1BA9A29C2447F9286CBBFF8D3BEA7EE237E97442D4C666D8E114DAACAE1343063A13902F62B7E397BC601A87,33799E03656D1E649EB28BFFDCF9041BD6E8B352751BF51E04301C22C5EBB87839681000DB0B7A612EB96FB7105C018994961428786E10A5DC0095455874EAD1,A8C64AB5DF8343C1EDCC14FA4A47D9441EC254264117C53D924F84897789CBB02BF97866455575A0C2787766967FC2C3A8848196A79B5E1EDAF6DE7C225668C1
1,Linkja Project,9A1FAE3D20A2702BEA16E472543F2BA3C147ABB75FB21699A17E07CEA06F51800A48B1E7CE5538022AE9E079EF342A66EEA5E51A6F7E8832CA885F81F28C05DC,,E062AE474AD385F12AF31909EA9C72260B6EC8FD2FEBF51D473FECB441D8A60C80F90A6A71D1B06C877F27EA6C95C432BF164BA96C1739313CF7F36ABBF4E4E8,,328B06E8BD73F62D9E56536030D91094C7E344913765020286BACD584401EC9850C1CC9E838E7F01D505612CBC02D0E6146F9CB63028EE0888DFC9E00431EE6E,,7472144220568E63CB136C934CBA2632E3F091E7FA085590223F13198C2EDC92528ED641A08B457E24C974CCD924D44A646D0513A858EEEF09D2999DBA6C6B2F,,FE131E2C5FB2498D05EEB94CACCB1AFBACB80D89DF12EA967E0B98864F0A9E54D604810EA00BD4D2D57C653084C69E06EA7BE23D51F464FE0BD4ED7EB3776ACB,,
1,Linkja Project,DF2D9C882C84B4D442C438DBDC932131ABCF1946E42E23B01D3DABFA138C8AFC403F6750C528BBDA711BDA0FC819149C4D3FB187FEA1CEDD0D4C8CB374BC45F3,,B4EBABD3B6BDEB95F116B375545432A6FDA2E045D57A4E25A8AC3B75B4AB0417A3BB0261AB2D173C9CFB72C19151DFD49FF080FD026C88599386751A88BACDF3,,9E0B60AB82ABF810AF725B6A9C8D7BE9336CC58F8E4BE81C4017E58DFC70A4914141E78249ACAD5A3400ADFF695BFFC89455671612836D7172B5B5CE742352A1,,03E66D1B2C066A795A9A8516DC4700409AE915681092196F03AEFEEC12BC9641CEF6ACED58D42F811F422625C8091BA6A9D9A050D3691091066E6E83BE1204D3,,4AA23D7E174FE259E56FF2EFECE681C7F9CE7E9F7DE2AF78B8B4448658AFDE84A9858857684D521B41D234B0BBA24D564A78C2E0B8057A04DD4963DB392AAB8C,,
1,Linkja Project,3A1DCB3A6B18E36FF00AD8687F1949A4B46A55DECB565BD5193A6567092054701289917997D4142F96216283F1D9E71EC3A0E695A2DC8073BBCF234045CA89D2,,2C28347E184D6499CBBDE8CBBB67ECF818126A0D82540A3B514B977B76BFE51D632B853B59693B6E968492070346430CC763981EC8E6F08B10205467DB0F29E4,,47AEBA32B4C903AC01A2409585F8DCEC150848A8F794886AFF9B139D595BF485243550D0D1CADDB835F4FA9F804DE9436682FE0A9B1674272FB3D45F4CC3F6B9,,A50654B0BBCE48779707137B473EF6796F2CFA312F287C11F4E34ABD3145CE10B0A80C8631FCAC3713E3CAD27919634877B3D45007142BEDF9863BFBC9D50498,,555C7EE5AB1C4D8F7BCE747A04E56DB15A67FE9CA336CC72604B5A39C62E0F10DDEB018994E3D0FAE024872DFB89844F6299F001EF1DDA1CE93323F0C9897371,,
1,Linkja Project,5F53E6C1A1EC0EC81EDA42BADEE5BDB5D6805D2953E78161A4C33C24862CD522CB2A5A32C8B587E3F1029B5F7C8E4CEFCAC70F2D73186EFF3CC392A1B65B804C,,23CD4971CC4FD360C8B774707D6C65D30B2D8EA21AC4C4DAADF4B9C60AF21D2054860C118DF39D3CE21F9C87C48DF09C2055CCABC844C1E48C4C62C7B228A6CF,,BE414E776638B8B958155C4BBB4994318D9926AFE3C26EC06BE7E6C348A9FF560F6E50116460D56CD761D3202D5D13DB975A54CF10C259CC6F8D1D2179C1F35B,,45F879ABF2F50EFF6ED2BB039C2BDAFB21A60B0AB8CB339411BDC8CE72C43EA5988935F352F2679680C634B3EDD53A19ADBD93F8B27F3E70345C8544564DEB7B,,E15ACE64E82B0C045A1337B8B14914B20CF0A5DA5A6E719D7AE62FB0EA2FE74EBA67A263E1FF751E30FE6CCDF0EF9366C10958D60EB705E1B76A26E1464337C9,,
1,Linkja Project,3E2EEBC2BA0F031A16A700123FD83CB42E3A0BC91BB3F0A807E02187755C2530D51083BF46555C681EE1E4AFE2EFD736E2C73C4B4A6FBC2F1D3E2339EB3EAAC2,,E383B65B69838868261CAC7E6DCA0D9D984876C5FA43DD3D5A78719B832F524E8A2A92FE17CAF34F8183FE7D0D448B9988738A05C4592EC69BBD7E7B93E22C50,,8A8B038C1F4D054EEED1F44FB45E5D1405C2A858D79DBDAA292369CA1FF5038D6DA3B676D4D228D173D12A24A03391D8843CC1457FADB18DD62A07E9FBF2E509,,8528A680405F1C1AAAE834159B9F9537CE80D6A792E80A83B7C997DE0843F1C8F067C231527CCA58247BCBD00ED3374A07F1F064DDF9C4B09980C10E6F050192,,C2AD417B919B73F0A99B1CD1242C04CBAF7906E921D5471CE15E9C9D761C99DBDF942995D0C603BFDB2C8F48DADD7C2DB1A06BC8ABCE46EFC44B2A025C0071A1,,
1,Linkja Project,6519EEC7FE6EEC8C8FD9AD5A2396FE0DFB140C58019FB661CBEEAEFBA798564E12018FA625F239BF5CE425084B7C839BC6BDB695AACAE3FC8F4F3876E54B1D5C,,ADFF5ABFF9EE130F006C9AFEA9971FAAD2B6759C1EEA638722B72D8AD85900E1D673567B811634F333B000F8D8217F3CABC4E3E638F169A70DB3C61B7D8FD46F,,AFBCFBEF5B858073ED175E33EC986224EB7F79D81D0F9BD3284E5CAD8416B7C1B61517E71ED2EE2EEF0AE743A22FA83A06424D99ECDF37E541FABFD6FCC0E5A8,,B6918826501DD390702AB9C104091A99867F0226FC726074D078E3632627ACB7711CB5597B21D4FB65C69D365B74B2D562B06F4233CA510300E53AE2B6E8EA6F,,B43F614E03A8E4F818D5F5AB1F04717E38AE9B83E60C98D40EE2D5A15F9C0C4275806219F820A93D21614008E015128BCB1E9BD9C4196C75A4FD3BC6E93546C8,,
1,Linkja Project,6B09B1C44459F094FEEF5300BA09F1FE35C54ED0979B0D13CF993D572C544B52AFB44D9F7CD658622C2517B718180F9306B5E06DEDF95C3D53DBB480D828CA84,,2087273EB79FDC2458BF54782C63E12946C56F1884A1C86AF0101100750F2A73920C9FCD7A21B0633911E55A6BF96637018435A18DDA5547B482EA751AF16468,,D64BC96B9B4F7EB4348B0BF1D4B46EC692C081DBF970CDA40E7F2F115A64064A82093D8183BF63CAE30F305C6170FAE91D2DB7F19DB277331BF797A888692BE9,,005117071357A70295733623521F1E56027DA014469B684F7AA6449E4B97343E2E7E936844D53C177B0606173A04423323A6E21542807AC0FA89BED0161B18FB,,49BFA3674A749FBD8B5C3C38ADA5846359C524ED3561EF1DE9D0D258793EF648E3540C9061C79DE711F7A31A30A6721FAF50F21C0FDB954887B8166D0B36F920,,
1,Linkja Project,A825F192694D31E04BAEEA6F7D67F6847A396F3EC29EACAD76D51480EB1FA0687612E96DB6322E8716EC894BF71D62664E6CA136E56939F840A813D923BC89BD,A5D8BA164329C919824E2A518CC870C189CDAA6CCC2D1ECAA43E7D156B4FC7315BF191B7035FAF84B5A3D74C4498D7D7C5F61BA9C89C9EDFAA45457CAB3DBE33,91C05112AC1DCD66559A2C20F12D71BDE027E7E6F0ADC958B9BA9B2DCE02800B48AA7DB12720B339577F4291B04AC95C927B187A6E4C36574820C07CC511AC56,6D86B14429330C712A4A8BF49002F7F165D15A10AE69EA84C08551FE55EAAE6FD278209E9DEF5418732D4506622910E4E70A3B035C3B6EEAD55BD76336802B53,45CC39A61B1EA3B3120523DE05DC387808FF37C5C62801778EC9AB18952AB682767382B24836207960302C822D2EB27A01ABC5E006E008E61955703B9BD3D814,1B3FD744C4E2A99D964F4056B95467D8096C18448BE971B57B4D3F1993AE2797DA5861599B5E6130736B199747DC356C9F323DB90999EB928353C9AC16FFEBD6,E0AC81D17AD4294EF282A4A37F7159AFB26726BE6DE26B01D5B044154AA320363F62712266FAFBCFD6C1BDE2EE69746E389F981499E33B311D73B129FF966471,0BFBD75B59403496DCA3259AB129AB1612F654B7472FDD00C103EB32D8F61FB9A84F97913C110D71D5DB4CFF456D8F29D4FD16CB694E3C4F22439A3060261BCA,4AAC6FB57D3F233A442D2B18EB8D8FE09C84DAD058736DC9E61130E079096AB28DC08B2709701E83FF7312A2C835AC19D6185BD582A60BD9AF8074AB66223450,4B9089AF5DEB030C87A36BF748EB47609B4DDD977203E0B3B24B3AECF5C54041894EC8E15A9673FAB3CF6BD3C93FC4D10BDD72CC001B0849196968A635D2DC32,A0B6E1ABDFDECB3A7B9C83A67115B0C3619EA80A0ED68CD92AC0B459E6EE7F33AC7238A2DF69094DEA1E12BF134F6D22EAC4DB1EA71E6878BEDB832251FF9A45
1,Linkja Project,B0F58842AB58ECE456178D50763BAC08F23142358F010D2CC284879DD7143ECCF6C7BEFCAB98AD6A27677AADC3825EE6F7E31B86B3DFD3A83492A80757FFC8E6,813618E537730B7B125B32FFBE40A7F7EA3B3478DC53E1CBD5666FD0425AE688F9DCA93EC60A7CC625FE60ACD1AD53B66204C851253BE3BC837554F8F9DEBBBD,46AFB9202EF62418031A2AF7578F73768DB35F422E173BCC9E7DDA98E80B1D16E2B82CBCD447F1E89EACFDA86E4799BB5857C9CF13EFE96478E259A6263FC124,BD6708F88DA7FEAD8B743E1D905D3BB8048BBDD14598608700CAA14CB1128F893F9F99F5E4CE967F217ADDDF7261AA9F3E9840B9729896F09078B988E4389004,8011F91BB75251E806FAFBD25F7EF4E198387038024349B45877A8D9E8D6760F5B01990AB5A3BA39D0880C0316E95D1E1072922B61FF2414D833E20CCDC249BA,7A6CA17D28947B923D3F5E47AC7554398A7189CA1C845E8FD1781EF1EC075582D27979A024B53CF8585B80E41B54CDE723C160AEF59394F635E934BFC9BDCCD4,EB9248648840CB8464D4DC55F4431AFF736C5EA79968E4BD1B38C23EDF9EE4234D240B34B8BCFDB2F009E32C7DBEC496C21243B5AA24E07F7AC31B51FD5CFB53,BD0EC21A5093A384FF56085DF1743038D3BB1018BD4A382C2D8C529389209A85A28B35AC663FEBF703DB7B108F608E6C9E5696DEC67939D7CE13F9B996A7C277,8F022E31A8C84EBE4A1E1A38D7A469B715AE91208FAEA5D658DBF5A3FFE3F5AFBB04F41615B55E722C9D1B6E09A81518E56437ECCEF5234CF16B4A1F9CA9BFF6,190940F50DAC8C4935FB8205604465EBD0732EEC0EBA74D54AA613D1EE95CCD946A71ED3B733DB751BA0F6634052DC7276AAB31D0981E75210673C910AA4DE0C,C615D54300ABE27C59C576C87DD53C9E434EDBF70AC4AF2746EBEC6B82D5051E4085289B7249BFEB44BACF3E92F372F39679B938BE22D84D3AE1183E6D64B2D0
1,Linkja Project,F72ADED1FD89B074E8599A20D563E707A18EB4EE09BCF8464503B6E23789BFD8E99C1870A50A10EA4442DC68EDE45B7A48B80021939C129EA67E90F4E22EF575,,26904F2E609E924AF1913E86182C6A0BA2CC6BA2AEA3C679684AD7DE8FEC4E408A08B5FCD7611459F9C405B6F31FCA1011329C8F3262245968277A884BF4DF00,,08628AE6A2BFA00B1682125D53ED9FFC72ECA912C8179C4A0D5EEBD052ED77DA87DA69D41CD00101201BDD52222F9AFB34F5316F9E1427BFC390B4698523FDC4,,7F554BB73453819EF936262369AEA04C8C46071BDF344043BFE100D06167C071098783B640AE6951B5C51E00D7EB4E2C0F23AF86F5B0068B955E9DC2D2BB31D8,,6EACB13D13929E0F191CEF461DEB9A1E7EDEDC5BEC53C867C88D51646FCBBC5C12B8A3BE0281FEF2C4E8FF9206F109932B9CFFCD64370FDCF4B2FB1EB622EA8A,,
1,Linkja Project,D7C0F09B148907B6BD3FBBA75C9565830447D0484D925A6C2C83804827E9853C564FFEC76E953CE69630C0A2C36A450750670DE8D4DB57CC735793A21DBEF169,,C046CECCB1AD947DEC5C96D9DC16D372C9C016BC896B2D5BC600E0BD7BC3221FBCFFC52CBB90BF9FC2CC3FA0557415E7255B954CAC386E9C32C8D5F46F0D0A1C,,C01ED3FE2AE5CDDE10895C61522565BECA6C8B8181D1795A131AA533D38FB5CC5744B97753F839492640944B8164C3BF904844F07C45B5B773DA598D199F31A8,,A88A5B4B4F81FFF9A9C0E80FB5250AA7CCD3EA6C59C989783A6F366C6088735D3481F530FFE4D6B517307DBCF88CCB684397D8E03C49237768372C5949440C6F,,FE450A04D9F62A88F8B54107949BC67E9DDA944738491ADBBD2158DD0B707B7E1B91B353B7FC24A640BE239F5AB72697DCD5507A411A13CDB6E60B4FF7A47430,,
1,Linkja Project,8D3D23AEAA5C7ABFED6820849911B1F8BA7BECE86EA63C018C4D1BD01B09B3DA0176E2A86505906B3D97990BD80BE326670D69AFA6F8F3CC2C3490B7906D2E95,,D7DBADA7EEEC391757F7D54B6B9DED3E00C9BA8CE37B678175E8C1F7800ED907837F3806FD65FA9260195FA4CF4DBBAD477DAABBFB340FBF715ED547BA3FE93D,,5D17389D6624E4CFCED206D47460F5DF32D4BBC6453F0E032B421A0A728D747C498CE3FFCB893AC314C910C93EEC6625CDB898137964D4E1E21D37AC7C0115E0,,7542033C02A48A328E869A1153AB94D85F70B3D3F3E71FCC14F9DD470A0A37DBC66597809DE58979B5D00510DB357BBD77CCAB5920739E536A3330D5CAF5072A,,35BD80970FFB3E91C4208651C30358C4846BD6B539BA61F328AF18526DCBB527C1F537610C0C71EE71E7CF2B7E1910E8E2C66C6CD4B0C127FF3A74F6D8BB44B5,,
1,Linkja Project,9A55BF4572A6FC87A41765ABD97FD6E955B72D438E75A5B8E4C5F0B404F9DF25762717FB0A98A80D525130C567580789FF8BAE87C2C6ED3469A71F9A916D9ED1,,75EAF6AAE01F7E4FDA83DF4F969E2B4AAF25AC73BD31FE7ED35395757D78A8249E304C36C19FC81A850F890A2AC84D01F83854C772E6378583AD18335805C5E8,,065B1BF542FC96994324B9734751E0D24FF578EA6336AE78573DCB369613B74D1BAFB92DC63A00B6CEBFE5C944C0B5308FCA7387EF41E8B61556B07AA33D6EFD,,A9A9EF3969E27972036688213063D13BB27689E830898FB07635516BB21E50FDA138155FC3BFAEA9A1EF917A4FD1CCA38EB15925D585E9A5898ECB57039D9276,,5D06CCFF72D62BAA19BEDA9249DA8933DD4652233DD5B545D54D8DE03CE76B211E688929EA6FB79B107569970193C5368340FBCCDC0B4A66CE213A8E2C854B61,,
1,Linkja Project,B5B34B4A4215E87B8E075B031E508A7FF33982A4C011E247C6D02D42D7FF1EBC9FA3D32A5DEA97DCC1B904F30B632FE4EB113F8AEB036C53BF413B6E90257A1F,,DD415D44CF942F316C6B6DD9EA0345B7A41DC69163874D5EE242D4038D73C9114FF33238323277D6C337595C71C78602D0ED0B6E4B9BD12197DF43CB21102997,,D1C7D1DD751E3A79EC68BC44F11ECC80C10472C21BDFB80F2A9089E7724B1E8A311D5D2F920B6921FC409C592AC08D8B37477BA086F1A06819F0EE06F39F1252,,192E4543F45D0AE84B0B222BF033EC0548C7068D071CC30D9D7729ACF45FFE74131BF9D3D329EC93127AA0398B2882BF5B87A2D061C5828D60C1DBFF695C8D6D,,38FAC2BDF534D1EEA85DEDA6ECA18745756585BD8FE2B1F43185E64DF6714FB7227CE2A1D3D48BCF84C9E4B9DA21513796F24C7A47FA08359DA5C397250D4560,,
1,Linkja Project,7109A456DBDE21E44EABFAC803AA6A6CC6FBF60AC30BE73E371969A04081A14B9012B7A351AF41731BBBEF79B7DF476E856B23D7E7900D04C35BFFDF992DF1C3,13B21DEF64C8721432E83EB93B73CF5313A40A1F5168FABBBE91434029313078277B9012800EA3FA2E46FFBC8AB5FEDED1981EE45B7B60CA58F6FA4243A09C47,AD6D23D35466D50609B1F7805852CB1B5D4629254CBE43C506C9DBEF78FE59CB3FCFBB6CDDE6751676A3B7ADFCA5E8D0E34C78C216F5B080E1E03D282A0CC37D,4BBE54D6595685E094D20EADBE45A88745B69B60827C17AA113BDE29D79AEFDDA214B63AE2879CE7FD85F46DEE5F246C5A3EA46CC81A91F87D4A766E491A4CCC,37B84E8914781AFB5C5E724A5A04C5E22DCB22C894824C21B690BD66F3EE3DD326EADD50093734B4773112FD8688819CE6664F10A8DD4EE408712BEF617EF744,6B08D4086795F31BE474ECB0CE6B8D199ECF6101A45DBD9BBF91607F280CCFA97CACE298E40D5D77D49FE5C9E220BA6D21C9708F075F77E55A9A143201F06E70,E1D89059751882FA81E89D6E662533140B602D07A6691F4998C79EC364D2BDA981D66B2D76C60B46DD3C99210437936C1C7302BB69470A02F1C013415D8CE139,CD4A83C00C1123EC3490410A503E152C9CAA656E8212C010A4F86E2B5ADA59E1E6AE6BC17C8D17959B44A22F12A3794C798C8C85BDF8AFAD8CFCAAB7912A24E6,8F57FC8903A182F3C5C7A9C3B4D35F237E18A2B04391A965CD2C7A761F65594F13CC3B5258AD02BC607D7ABC5DB9C010C8E3713F144F9537A58ADBD93472AD5A,40F40FF228E5D5F98A61452B9D87D62E7EE5266B42616315CA931F6EF0B48597EA10A6934F4A5AE65633910FE800AB421AD60795CFA48783558F845980393661,ACC18FCF18FC90727E13AF525BC9830F7569B8CBA8D1728BA245BBE6DC694D8288314137E7E6ED44EDEF0159100EE6FE31483A46227AF1A84619AAF4D1D8FB9E
1,Linkja Project,C3A69EA5CDE11B004D4BDE0B803CE03E59AA2C5A2E18216CB5082458E1E108F4FB7D5BE017805138630174DBAAB55366EC6EB3382169A1E0EFB4600AAF608CFE,,1307B8D783EC1F7908A5212211D11A8EB6587C4AAF68468D4232B1C6E2C2361198AF1CC21AF02DD7D44BD8487FD939615E3D4BBDFE5598028E6FF17FF7D64F81,,2104F8CEA8C2C73017AE96FF6B7520C34DDB78FB73A871018A36207519FD06C922D57C4F3FAF824F27103FED6EC965543B776E986B7039572FCE94B478F3E870,,447D30311B4D89614DA1FC3FF660D145FF63830646058F65AC26A08861BD3C7DFCC7079A464B5EE026622E228D50CAEF9F88258F928BD9E8C23123325AFCFE3C,,629833C12C896F3BBE87F636B277B3E05187C92A2841ADF011C4642F65A3DBECC428FD399B2A491214A6B49252EA8BF2D75CD012813D1A884BDFF937FB063FB6,,
1,Linkja Project,70ADD658E6EB8BFF54A804C99CD29319D0C5BF18F99EEFC82F2B675B1B5A660B1513DF06C07A1C4239BA4CAA308D776C0F23048DBBB0E6D25953CD3BCDC891AB,,52B7D5A039F8A92D1C90DDA9494FDDAA16EFAB4707C379631F3058EF0FED3582922E520104B1EC48A3D01B72CB68781AED1C417EA192011AE90D5481CFDCDCAD,,9968A97104471DBD183AF90E4155A79836EB1D13D6AAEC4D8B728F2B397049AA1F3C5095C2D5176ADADF453194E8A0F223AEF6B1B00A1CE09235373894A9BED5,,606A1445543EE34F6168E8D51895E045016005E1DA59F2769BA880D9776763C549D1DBBEB4A26B18EE2BF1EA18AC23E1C28FFFB10CC0A1B8081D240E851624B5,,E06C4B62DD019EDB86807E38C2A2F77B7CAF500303CF1F913086588460B722442F29D6898D3B17035D2E497A1067BCA3CCEC8F751728250C0073048393A2B5E8,,
1,Linkja Project,1544A91169F85D7076C3DC073AB231498EF46AADC70AAF13DFD54039EC4B51636580875C51B9D47E8082B7E21FB87EE19ED239F252F87FC42FCE165B345D5F2B,625E8083505DC5CF1EA22416D4D24C157FD506B608606FC4328F9B46933569B724DEB716C8A6A0B14F1329D6D82B598077E49E0BB28A8AD3B55730A4555852A7,E55A546658F216291525137E7A8DD6A35468EE8DBBFB67A58831826AC5B452E0B08B41CE99A1BA6F4FDCEC62B667F00A15AA0FE563F7EB9BD4BD46B62A7EE470,F12E62E110E7436B0605CFB603FB76D6329355800B840A3114460276EC73BF3417076B38ACAC009FA8B2F50D5830E4B5905DD04B544C3E42912A3EE922733B28,B442303D5DB34E0B57E5C90B7CB2343783EB3CBECC2FD6CDCE75906EFBA5B8D6A4C36CC92A804B62A4A98882C908B798B7F55A09E1F1B52654D67F28FD19FD5E,2B7B931C8B865702E896780A517AD71E1A1CB3753E6F64E32708C5B139F039F2D7C55E6E11B2E109BFD799112CC1DE354223BFA69FEF99DCE0205FB503A26DC6,7F3B9B9759D5C09FAFECDC6B7F994E8E8E5B2B2F7B3CBAD696CB833727717CBF9F4A4CE0CA7206457E913208D1FD74EB54110B76F1E250120469C9B9F59B6087,44015212FB54DBEF963B65C2BCF41E4E03E3EAA37F6A1F00DA4C238F43845820D91A07C582EFA9F967C60A49781FE72854E33BE51F9B0A8381D54E89B12793F6,A6BF75D5D40D2D89AA4650A794E3557ABCBAECAEE0191082AADDD3D419C4B7C512E6CE0E1D80BE907AE53CAFDD9A8A15212C8330E118D5EAE950FD21E4187AC7,62A1B29A6B2EAC66ECB901BDFCF97B6A3EE1480A3AA045EB61046C808C706BB347021C843D4CED18D7F4AEAA57CACC5D92D99ADF70356D3B6B216200A65BFE61,3E54E0795B182A5D875C1060B39DBF56456615563123AE8DEB4CFEA2BACF0BDA57D773947531EB5A2FCCE80C9805842087336FC9E05599543623BA9B96209995
1,Linkja Project,FD80A06D7D18E4234F66E73F609FD9D692B84CCF7104291773FFDB97EDD6FE6F0FD1EB34B5171CD04B3AD411392B9B155D65BA73CACCDC73DED54AF0A53F3359,,5901E5D47F3FC8967CA94220464A80A99B49F8A8B4EEACC3B7489393AEE604E34CBB50EF7AF48DD6AC6C64ED2FBE4B26077D13FBB1578AA0D7F13D8B941908A9,,1D7AB991FC4664D8E16AFFC4F8C259666A9E2AB44EE4C17B23BFEA953460529787BEB9227BD92741077CFB68CA29DCB84E85B6B9A90B33635E3105F81465EA7A,,8C548F9CA3B324169608741E6E516D8DB6D99AD4C3667377B93087279FA56CF5D22A807234DCBEDC63830E98C6B22FA77A4F26E240B6103A11B2E5D5FD8A2051,,91EE5B460C609B99094656D1E269715EA033358C64FD5F415CE9718751B89AE3EE13BF84603D321F2312B086F9C611C0D1F74A3133B298E53451AE554B059DD3,,
1,Linkja Project,7BB4E90C39DFDD7E802C6F9AFDCB39CA2CC92F068C1C033C017088D34AC48219F33269AFE10FE16E7AD3D9ECF05AABB44CA987981A09B1B53D2F7FD47DC603C2,,85AB687092F3941F0F4651216AC0BB7D1A6D945D93E8397B54A3465AB46BD1537282980FAF560C1BE52DAF0578551577B37F0D1FBA81D9295C3E7E775FE7A73B,,4A80BBFA70E6BD01BA3D1F1AAA9D7994415B78195314B16FA3443F3AD15935D4802277D536A11F08E5C0FDB86AC38A4E40F8F6C077ABEAE4F065AB6B97FA920C,,0DD10780D164FF08FEED9ADB08B784C59703654A28DA14884C164BC83339624B9BEE788B62440AC4DF6629B8A856D3208D8E4E239A5CD826A61CE7B2BE022A2B,,2493F24BC0195352FD5AC49FAB5D2E266F2005E913BB8F0EE081459DEDC2C65862AB3758FA4194084499A880A6085CAAF3F2C26FD624A3818577599641CF9FAB,,
1,Linkja Project,E37F76D05845D64D21682AF46E76D42AD583E47EF51F8F8A43A37A9CA7BA721C2B76A9EBF6B3A8B62C85CA3A076A2B7B1E49FBE75A608E63BCAEE23A4807DCDA,,DCEF687672FB7020795F841C58C4B54B264F1D6447EE0F7248F828C89B5B4C6E20FC0056F3F7CDEA967DB7356C9F66D5C286AFCCB2FDE2514BBFF75CACE94746,,63A1749E3F8F33C1B59A4A76CA319E98EDED4949C04BFA844D6A711A219669F4AB4D1559852673A06B4259D9C1D3BE8813055B9B74896ADD0B9665B20C30473C,,FE48B75A64198E42FD79C322F6AD0BB70392F45D199BA0F1C9631666317D7527B820F34601C6E8C74974826BC58765A335DC6B2C5CB5A650F02B640443A59823,,EA5C6EFD4A3610B0E4F8B1CC80B03674CA83D26D7D929AA6C6C89110F5844A2CD136079CE8D06439D385575625ED099ECAB3EFF84C24E34F00FCC8EAF6E8530A,,
1,Linkja Project,E9E1C32B21172B423AFBA3516D7537AB091456F543B717CDE38E370F332DB6AA10527D33A99ECB042005D3C602B92B5D9514281DCA3ADFD9BE3881DFD012148E,27866972454669626287C6238B25941F4548AC3C6D9C80B0925CEE36BF4C0172CAAD29A53CAB6FE325EE75B31FE336AFA1EA0F4BD8FDCBF273C0D414356334E0,9B2769883FEB4DBBF1694490C0DF5EE45FF5AE99E0F126B3979543DCB2010E251265FAD1FB196BDB62949059419380682CA4C1C8699980DD689F1FE8FAC2B284,C7B480E899C40FEF9689B7EA0930A7F890B6359FD14C9E9FA5D3E91077DF81F22B8ECA8B75A1A752CA4376AE4AE24E43D4E70643FC5D9B05A7EF7CE1B1DC4CD6,88429C3BA6D66B06B3D5478E00050D67B53E157FA501055ED89DE803A4F44C854CB596465D2E78D8B263C8DBFA489580F1D09C603D02044F6F27189E75001404,BB69E7C683B8B2FDEBA70F2D5F3AA141FFDC39484334AB85A74811E5C7353EB368B768C3CC82EA7C17666A401BFE9CDC197089C2F0AFD07811B0559C5D986919,363C8560375F3D7DBF200976151AE264B9659B84F73E94B706F9CFB8E5F4FB23C1C3726B65BF941A7609208A51E8CF4E79118A8EA0851CF768E0BE02DA4146F7,00ADECECE3754E171959F5CDE60445E584962417445C7F2A9AFC6A7EB2AE28C24D48CDB28AAC409619DAC3388DC10900E34F34DB80F0BF28ADFD7FF42E9CB199,FE41B1D88EB1EF881A0F003912DC686EE76560095CA12F2DA972FEA458C68F9DFC9510236BD452FAB2DB9024D524CFC33422B6F97D2E8D0E57781090EC4CA7C9,9DAF2F5198B19C8645487BCDC183E62C61826B21CC2B5B52F56B0A8818FCC3BA4F79DB299F5290EB4BC2B7075BE800EDA5F2AEB9CDC09E36277DC3AA6259B13E,44269C7AD3FB10CA57523BE8CCFEEBE7AC949796226F172C24A0962FB30FB0D0850F89168798449C214848719F3CEF06C9F4340C991B11DAC5F3F6EA0239E672
1,Linkja Project,61730CCCE1EBF9ACE222CA93ECF83B751D14E5FE51BE1A278ADA73EE12BF2862E010DA02E1E801D160378B3F31C97F89893FE638D03D6B257F8C0FED1B7EE0C5,,A03D43059B2B16F0446A0893DBD1FC1E0410510639BE43E7D4AB082A7F4030254B68DEEEB7FB4DF76C06358B2E9B2602B099E6904C4F8D558F1C3777EB8DBC81,,0EF57E936C821E02F118C4B7D2BDFB9BADAA7B90B9F667EA1EBAB9382E749716DA8ED3C077A2DFBEB9D63570A7470DF26BB19D0C6A4F5008B431C78846BBB5DC,,046D189E44FB47B8F7A1C69472BE754CC6F79FFB0BB2C15B8749F4A8173ED46D0EA8BD3182A659DF15406D29845224A91B8ECEB878F64B922E15AE5EA4E97A65,,B9E8DC86F525D8DE6653BADD0F523ACC30E0CC79CCFBE28B190D088A9695A2314005F0E1655322F74FA274C3E3628FEA284C27BD6DBFFA7442194E125965D507,,
1,Linkja Project,B952FC53A83424823E163878A11E7E18B196C43698F6B9498776391258F15A5F60A479DB0FA3F9922103479AEB4F7C8BDF6A0D2DD6549A8A8300630B31F2B894,008194C16A8A58364AF8A46DC2E895EBD223654560F8BFB30F4ABB43B21B5698B704D8FCA4D64D2E2E979BDBDBD12A3CC541E5167E8D0C41206621DFE82F6219,C3842DD5DD175576AC148355CA5C33C0C0CD9DB315D6A15512E691118A4F707D32099EFF0F05AFE6CB86645942E571D6CB700D05FE8D510703D3C0DFD8ECE017,886E06CB8A9730E112FFD8C45CA4DE6528031C4454DD678D287310B10A6F0B0A708042DCB13469B068F37D4EDC305176036EADC9310AD52DA8815641360F4B60,F8ACE7E71E908297421EFC576D5C240A4FE12E895F42B444B11BD88EF79B1E0B45431087A6AFEF00454FDD47652E0D9E0F9232FF2D6F4A62061BE1F0412958F6,6306F7D43C96FC1403BE826359E9447FA5ACCA2393E228D579FEDC57A6E22E26D381420559CA1B57B7EE5D43FF53EE8206C501406DBDDCCF305A63D09066EEDC,F92A25DDC4527E6DB8FD65BFC6E5CE17CF7BBE1E82D4786B94A87FFD6A78C90EFFD578294BF88C42B9872C673F8D95F799B7200CC2244C1F91C05B4709D8CD48,9193686B16B85700D38858D28D1227E0C88667F5551F74B59D3543D44266AFF0EF26C49916C6E79CFA4F0238C8BCE9404EDB92570967CC1B6975CAAB9003E181,A7229495E13A40E5A7580CC841029426B6204A9D6996106A66B7A68CF1D7AE060564E0803CDCB8126F81717D9B15AF338F8A67C59E074796C4593DABB2CE226C,088802169961E071023B6B0F864C6668E383308F77C203FB6E7A82FD9BBC977B3B81061664657DAA237F540E89FB4CAF393BF6ADEDBA41FAC63A6F3EDCE36D28,B0D898360FBFB3ABE36014D3B60F2BEFCCF7003880F847C964D47EC2A39FFD34DF0D8C56E001B94E6B791125A77AB3C150DA6A5E8AE0CFB85F5F23B100E0E60C
1,Linkja Project,500BF84E21C75E6BFE123AC41A9BA8E2C09282E7594461BECB32B0EA23E04832598DE6B8E93921A6DF5E804E6BBE821C171350DA92656F8959F87FEF017B0B8B,3F417512CFF06F42656AD27C7F72ADA161DA75FE2D2DEF6121A27A7699B19DA723433BD06E09FF0B055A7BF4013D695D6A4847B900B4B35F10F52AFD6120BAC8,CA5B79BFACC96F712B74E9CA102E1B1D8BA4DF3D1C9A94E44791B04C43D84D00DB75E0CD4193E78A3007F8E87C409A9086003806C7013BFA05F6AABA743DCCE6,1FD7D4DE2237F9811C8F8849926AB36F750BC96CA5E4E6F935CA6EC609540EFD669BA7640CF3CDDFD7D9793148F1E51CB1F55262C9BB35A32C13EF4D42E11260,E64D71677ADDCA2DA35D94872CA63FA34F8E146519BF2C4A977D28C4876D1B61A7DC43669B702864273CEC9C750B8352ED9260AD3F94805614A30E7A20E9B2CB,1534364C8A0756423A7F8C2406677EE0A131BAC30606BB341250765C18E782D7DF2BAC15CDACFD10DEE4492653902B326A90BB18A30836DB7E44E71A78119D94,3FFD4F03C1748E02A1CBD87BABA87CF0C0CC5D38A149B47C37EE592EC2A001C00A21C075790AAE28DFD02327E2AC91699F489D76D6E339CA0054FD40548D020F,7ED9C908E9E619CFFD8F2E86F0239F364DED2FA1B88D50BC7DB76AF27631C7CBDFA37583B7295DF8DACDEA339F35179E6FFABC830C91EBD5A40CF2637B89423C,D55B26E04C23B09FCF73A533F4CF6B876C029C533E805EEC6389E8CA034C0385D659FE60BB6E19DD43F04FAA2AF5C0921BAC1952291838D1A692A8F8C17DFA60,AE16EFA8C5F603C65D7074775DE83AA85DB21F5080CC35B9C1011EA4FD1015E50B1491F015AB8609FAE3D9260AE5F85672E559B04E8D0872E64AB30EFB49FFB3,7BE0EC90FAB334958371056CB5B3736921E5FF3158E9C9D29CEE18C38DF35ED4677CB684B70EFCA5D39ED2C577B21E84A1C2809D3F01E8E7E54CCEF6DC5F075D
1,Linkja Project,78DC0B4C9C99C8E1D59A07EEE66C52A295FC84B23FD44407B8E9213FC9111AA390364B8F68B5F2702B33106DFF47290C3CC9E0ABB374E1D782250C658CA487E1,,8C3AE533F35803A38F87F7DE14229B72B25E150903FEF3C114F31471B5606DB8666F2C3C808ED7164EF223BB071FD9E0F3FCE822A4D97EF0E8D28A36411455AD,,3CAFCEAC283F0F9D5AEA4BC800388F76B1B7016FD33FE538BCE4A3A2A9C66C24D998176968D8DC5224B0368E3AF41494E41F0029C4FC8CF654E95E86159DF9E5,,339777ACE4CC703A9D358B3B1FD6C1FDB097AEAC22555131FD6097D4B3B054BFBE96AB2B790FC57C3003A434E701550E5AFC2B689823FE59FE6C5F5DA9174113,,EA5CEB96D9E554CCC209E9F80F5695F171F05D24C3FE739A920964744F747B1EC1262E89754225E2962828A7255764DFEBC74C92D573805B2AA0A8F3C5C2DD87,,
1,Linkja Project,E79F1A77277AE14BE27657AEF3F031CF6F0C52FE0C575A19569E664A37A0D7DA13FE5C2DAB3E7FC613FC26DF9B08AB3377840B35FBB1E669CF1E1AA7845F6B9C,,320D3890E49CA5A8196F5CB5196949B84F36DEAD84608E394E258C216C789D07CEA0992FD51BF346EADEACDD05C53FDD062CE1DD70C0F74B1FE751F38B4A915D,,A692ACEA92B46F7826CB21007600ECA82691FD8EE1F464FDB974431D9BEA8CFE4B6578191A0871AC2110FC93DD19C1654EFF793F4700501B1A588B93B85F475C,,4F8231CA98437083685FD5DEFFB243E059659716AF7430BAC47479EE5CE96D89787641CDFCC2E1A59E787A9371CD82112552A9C22D4470F687887ADDEC838090,,BD6701A2AC2E8045FA4CDC7217C21B28DB7F25DEA79A42573CAA30C3237F430B7266694797DF830E2231DC06ADAFDEA407BB50A80114B3C33C4BE07637D246E4,,
1,Linkja Project,A9DCE4EF3B1E79908193E2158A9C989664C7FE44D77B329773FAE4C7C9BD2B2C9E14673180A37CF83A5B2619AAF552F0A30281EA6E7CE69AAC57D4540CAED96B,,D9650197C4FEE584EFC25F66F0D094CA0DCD3FA51438CEAF6FCEA0B09875AA82F01A64DABFF54DEDF91C858A86E6220C4102C8938976877634ED77E7B0D59974,,3D57AC8FDB7246FE32AA88DAF77E59B2438F021EE550E894B4F7581203795A07F95ED5599A33E1B1916AF8DC161CCC4F350CC09794FBC71E223D6BEB7E460D6A,,A9DF1649B8A410A18B448D1259F4FF418A61F4066E54AC0E5E12525D60733CFE9C3EB4A75FC86A435D309576336D256D3C58F2B20AAFA66CF2C300E8211C3FA7,,603F43856010D5E2E8BB50B64A24DB885ACB32B9E0420725048E5BB7DB797D0687A95AEAC7DFEAFE8A6A7A767FE5C1456D34E367718D4E03D4B77617319FA910,,
1,Linkja Project,15C26C262D7DD21D36E8945FB053D7C4331AC758F511383CEC399F961C0E4D141DDC30C9FB3448EA4FD9F41459ADE44DD42906A7BCEA1597BB7608D93800B52C,,45F9E824FA8CDF575CC9CFA297E3EE8DB5E2BCF20AF05E82D8D99064C0D90903A9C7D2FE60F33050260A0F247C5BF4EB945245FAB24DFC2354FC089482B50B76,,2E96E756F6B20DA7E7E2436A040471B46FAC36B2189DFC9104911A2D21924D7B8E5B98CBDF4A0451285428C56ECFAE9406032B852D22977D4DE0D7D4EDC573C5,,5E0E6639C2E19BBFE01ACD253A39220BF50A7141663F2CA22A625A2E17EA16BA517B7FB1C07B4C12F0090349D181BAB071F1505F02085581DA74751B5DEA3364,,256B61E3DF1942E8086D122F1B5F7936528077533BDAA1500C704E37B294CDA17C40E40BFA1AF5DA7CA86236A03839905D072AD51D392A098BB06D71D0452C81,,
1,Linkja Project,4627DEE9F6F7C2D6F429A4171859250FA264BC70C105A59C534CFBE3AC2C4B3F2276A01201F9188F1C9F7129E20C0531629B35B0C4BB84EE90554C8AFD034D7B,,990E7F40153DD819E6C24059A74E70A8EA76D38B23FE7F9C5DE9D11791601BC0BFD4C22F4642DF486928E8DA1FEB4423DC573E38B9EFCA3AD9720D493512ACF5,,92BC2A8272C82D260BFA55BC42AC4D319FCCC7EA4590B3CDC4B84496160D6C7B8F83A79E5872DB9D068AB068207462A4DCDA2FDC877129DBDDC5913128FEE5DE,,BDF123595D63F9B4D505FF38623AC6AC881A5F6F070E9D959387F402530AB8F204A77B8BBBD9187046FAE2DD75DA8E96D83E2BAB7810B0FDBABE7E2C25E77E81,,B5A59D2A5CF8860DE42133DB70F180BFC759CC6B39964D972A1105D4B97FAB4962D1C25CAC3CECA2AC11E04A71A9A8EEDB301D8C85CDC5AB80B6B29F08E34A8D,,
1,Linkja Project,A86263B9C0450EF12124411CB3162AEB9DC0B9C298F307027C16F860AAFC2482AFB82A70E0ACE01F71CD44678408CF28B253670F01F984C9BD015A80660A0C17,,0863C0DA55FD3292C83F44A991921A0DAB029FF5BD5EF53F672B8D4F64B5F2CA3511408FEE7B5CD0AA541E21A8D5441ED94CF3821D267D7F32CCABB663AFDAC8,,00363A8C5F58905B5A1CDA5365022E9469CE73550EDC65790A3066CF536E1973B10FBE083326871D4DFB7489DE39CE021D1A5603DA0DFDA67AB4058653412358,,FAFADCFDDDC3FD3DF514F335E3399AECEF819D3BF40E2377E285EEC98A9E1D04D5FE618F09A4CC80A017F4575AECE897EC7D15AB20129A34B841183CF85D0EF4,,96A194E19376FCE4EC1A384CBB935B3D2F87331D32D9BD1A862AF93BC033866A884EE6D6A2824F6577D079AB96073937DAB7988B67187DDA425BFE4138BD91D2,,
1,Linkja Project,F5C071531D8DB6ACAEAEF329BD4BD8D1D7218115427CE1A8D7A8D3FB0A3D062E5789D4640191899BEC7E0DCCE823DF8DE433F0E5216AECE52787B795278797A2,,707DEAACE852813836473CAD9FBF0D3CD1D2DD58203176850E8A6F82A1F777077AA92D85741277B4B074984579B778F952EF871E0D60634FA8AD98AA342D7D38,,D302545D2E7EA55FF75FAEEAFEE809564C617421673E55480B79F9F73F363059777C2CA35843AEB32B1875480D31489C09210F72B194639F810A8B7DFA269848,,DABBE2AC9DFBCB7CC3274D580AF4589A6EF6D5326400BFACD9C138AD311900F49339E2B564662F2A27308F09D69B3D3BFB39B5D0CC32BA6748443665FAD7688A,,C035CD3541D8EBDD367E9D7802A1DD9C18D09A59FBA0AF98F4C5BF62A0623F06908EC07CAC64E25026A1F2833F46FDC0DCE09B8B495A90FCECDD49FD7A3C1690,,
1,Linkja Project,CF15A6FB0724CE87C6C21741028113E98936C2BCE81A18F8974588D90372C27B4ADBF197B4F18CE9E70D2AD904D77709C4B2DF9356A39702A0DD84991ACEDF4F,,61F8E3EBC71C443720574D2E351947327D3DB6EA47824A444ACCADA695D8F9BB929EA7ADA8CBCAF66320F007423E91967A9A5EE53A81F97DDD4D457CA093C72D,,C5B275483C6FA971F0E7CE53DDEFF7DB687B17897B9E798D52317C8929227ED3B372422314FBFBA891C7B0A4AE6F422A4256C6F2159FCFDD9E49388888C64355,,0011D8D2C7833F309794CE70E357FC5EBE2A7849EBB8D519B768A68862B9221731E85103F4EE9AA4E93C5CB0B124919DB4258F053FAAB6E1333BDDDA09E4E233,,FA521C5275DFFA861F2AB10E59BB5FBD51F208AA49853D9A52AB8466BE76F43ACAEF01A071DCFB16F2CF9A8D00E25ECB9D6E7592A00B87E8427D788E590FD249,,
1,Linkja Project,03AB60E7B8560D277DDFFABCA4EF0DB0B67AB85FCC55D9691C34375F171EB128E329A85EB9B337256DB13C6C3A4500EF42F77EE7F79EF516984C35770C135E1D,,3380FC77302595E98C2C357EAB178156D6ED0F08A76E17FFE7BDFE02C792638E8F2D069AF5E15A8B13DED64E353BF338A2FABD53EDA02CC6431917708F2F7CD8,,CFEF6033DF8259D579E7335CE21399F2D8DD9593BD181A9CA53229823700F40924487BB0CCB4B837284519C8AE551B0E06DFBDB9E05FFBC455D928C2212231B8,,7D171875B4E2803911D2D848E559951A2B1F5256E108CE1BA2015B007EA94535E49BD78AF4B23FEEB2CF1E86701F50D841B422CC71C9EF417CC429202A72EDD1,,4ED9ADF4A9D5304708CC6BAF8F82AC997A02EEEF4F4B560FE51F6743B33EE0ED3F9946FD0DA65D92A812ADC72B3D4F570ECAC466FB1461417A160E6CD6D0EBC9,,
1,Linkja Project,544CA2FD9090DB9DA56124C06BF625A0D87CFEDB5BE9E5F3DFF8A73A478F2E2ADA431B956D96C399A063267FC8A67413D5F22D663F36013771C5DE3848BE8610,,E1160592E6AEB2CA47BE0027235C20329A3F4C0D8642BC1E232A3C821150BF08D945BA00C55D98D96FC2DE134D31E4B8909250B965BD7AE1721638B4B9FF65DF,,593D133FD88CACB9AF88381780D10C6C3FB6B80C0EF995ED6643ABB159110DF6B61313F4B4FE8FA6EAC4D68CF1640A5DB56605CE2A43873498ACA3FC8F9411B4,,9B60605218EE658D3EB950BBC9682AEA0AA9C38699D453C40BA478B9410107546CB3EED1F00FCAAA792F577E122F492FA33486547A9A544C93F9C9A910354A79,,39DCCF7B1ACCDB39091FEB7FAC71FD5F36967780E5AE85336C3CA1C76C5C279232A03BA444B8265D0264092BF2B45289D2332D20943AA0288C135C8604999F3A,,
1,Linkja Project,727A02281A71A58EA649E6EAC963BE6EB363CD485EE37C2742BC77913D23C4E66E255FB8D83A478FDD089B2EDFEF0251AD689E0634105304CFC986F0534B28BA,D99ED5D4BF4F804AC46E983311FDE50208A66DE2D2CC2E9519F3660748099C92F56B1AEC0F429902826B8A78C61604210968A39FD84D3A5CB9758433A1159E48,EE76D1CD859F46024E9DFB943C27E09B46232160BD1592436146783D7F4D4FFAF3A0A317069DE0C886474C13FAB07DA83E9FD364ADD9578CD093563707FA6624,0482C660780EABBEB7D5E3B72B8B0CC0AF2857ABF7D5368DE35CF7F224BB83C751771AE06657A38B8AAC7AFDCD0FEAC1C9B219316DF49B6BAF3A194330DA8610,62128E9CFEE3E025D7F8BC795D8D16A9E02E4CFC1C4B75AEFC36BA870F85F713D42CA6CD0FAF5CB0FB5C5B76FB9AFA410122C92C5AF74572A820CA88B24E5C55,0107838C3BBEC10686DC62281C61CBDA730884307E653C21EA9BCA1E9A5CF18F50CB40FAE983269AA87907F5AD31BFD22ADA60D68487817791BC2D34B68C8C8C,CF25F9122F683674D3DC5C1F4CB0F1FD211C4C80C9A94928EF93973C2854C9BFE783B94BA4298C1F2C788E6749452B2B5846822A619CB87B00FDAEA71098A89F,115A18A8640268FBC40773E359154BFDC453805E41A870E0C0CB75335D530DDECBD6327F2B09017F3B2ADCBFDFE06D5A5AD9D90F25148F113C6221E6BE1A6A6A,8C643554E56190183376473BF9F514AD1B59C6CB29479D5A5B729FBB0BDC6631AFF02DBD96BE4D7797717F0FABF5E7A19722FE474457AC29D212BDFC849D6DAE,695603037A58C54BEDDFED6589E78DFCF277B5E67DFC0D9A17AF000B938463E215411B875ABEEDE5FD9C43BC34F709C53F3D22C8AEA1613C32FAC8675AE87312,AE9B9CA981005B8E8ECD5BD59494F44A279177A0DE526D8C15BBF9D4ACE75550F694ED933D8A4DB51DDFAE7B679B2EFA76AF4C2F7CA995A1832E11869C7233A5
1,Linkja Project,B57BA8AF66A2D666FEB0CF74BDC226555B5695B8F5D18A82ED40EA4668EF5215EF336956A007DC8DC170B323A951A191C108157F8DF498F1613A04691ACF241F,,DE763C5C715564C8FF605675DED69EC1050F55D7EF15B07EC6568D5E34E8FDCCBA74BA687639E10A5153A59DD1F6AA8D2B51E1A495F95193B2142A51FAD636EC,,94642C06661404AE747A9DB6A7E790EF6156B8BE68D93A3E4C0EC10C758CF6108C9B6A84B209D9B9A50A87C7D7C1E6E3379816030B01DFF1DA4B82D73FACB73B,,D5DF09FF95FE968E30B0720DE7D2735019BC03B436F1EE893BCDF6A11A30720341C195CE363101B2C047B320B11B3ED9AC5C5586C6334D4289D05ADC40A60A96,,1BBA8B1EFCE0C82292C27281EB69500B792C3F770E6AE9987AEB00C6BE604CB00249CD2BF17B038CEE83AC287DAD738BEB5EE4E7B39D9B095B87873E244B45CB,,
1,Linkja Project,3AF7EFE1046D1642F4C30F04930E9CC64F0B9052C9C044929AFBFF134BE9398B1A4C142F7534A6F126610C4852A6F542FADCB2B2392632921C5BF3DE1AC59EC0,,DA6B5FEDD9D54A2B34B6FC4410824073F14BFDCE030B3BE941B00721C2A8502ED150FC84D4E7C26087E195CE231FD7359EE9A66F22DC960F3953A0B5CF77E74E,,A7532BD69502CDDAD0A506AA0A9984D035716E00065429A569433200D43001000ACD98D61DDE90070FBCDB0A97D79DB49296B6169E4EFBB7CB21D2EEFF10F844,,86F8128A87FAF234DD8D86630AA995E494BDF025D2AB39C3D56A74872FA00794F21E828F7EA6BFBE3065915B6751EDC97EC8F8B4EF50850B7EC3B9711E59DE8C,,D7E24D7F777233AFD19918BA1DBDDB7B83B207558DD5070BC4A2A8838A987CA435A5CA007B43BCD0EBC8DE2EA5AE006B20B53F6C5F81426BAB746589259BFC48,,
1,Linkja Project,1CB2B2DB55193D25AEF3B9DE19B6929D92B71511229484326A484FE48261D45A95972BC8BD05A32EDB9D45DA85E4E159E906706722E76B34B84B299ABCD490C6,,761ABFEF47DCE58ED03C7B54757CE8FADCA26EAECFA5E50EAC3C2846FECCFEED38EDA091500470FF9131C332C053FC06D3697FA51974CADA73D985993FE5AD6F,,373D83A7B020D6F9A541520E6897F91242BA3C5113BB4BDA9C0479F22C74A89E4FCDA7D7ECEEE223E75EA9B35C3009774F48A30DD2BF5AFC610E5A5D1B82FB14,,82C932616BE05EA9AEEA5F291C68A930F3A321AF2D9AF9A9C064F50FBDCDBC68340E047925707BD478415C4E9FE75635BB528740B5C194E02916C7DF6A23A7D0,,DC7A07AFDB86DF32BBD9C451F4F8386A80FCC9BE2773E6640B66834ED37E21E85121E910F824C4F5A39FCD930A8A48991055DF42A48DB2052C65482B3B5F004C,,
1,Linkja Project,02E3BE7694EF7A8D14BE08A461AD3D2EDB6A5EBE0134046A8633E183AF6DAF03CEDBDECB818926C65ACAD285AA1CE6A7F6A623C5287650235E4C38E338872A28,E242FD477CEEC1CA5EC7F36AF5A05AB55F80622E48C5971F10933B276F792F6F1FFC1F5BB165963C2735C68F9A0B2ED898E94214FDA8D5D489280426AF9BB46E,9E08BC1AAC3ED57B67EFD214988A8437A05DBAA7F2622F46BFB1362F865FBF0FA7C6BE7613413BC4D6D57111802455095AA9E7E6A80A8DE6207EBFA7F1987478,60B74E48F9E8F461C916268151613023F18B85581D61D732D579E49EAAC49A5D2D8D86689CB2DA0C567DBF5153C97EB760EF42331ECF9CD98C054D22327E470E,2E0509159CB10D6B53C3378CBCE36E7CA6DA65E7865A8BC21C742E712BD9623EF8F06C379F57E25D5DBFC9F7B339227B5237BA0A454D1BFC5378F62159D8BD13,454BBE7B10F34EF51A1457C764D5563E867A35021F3E40F076E780A16D3C1919CA2B8D652ADBA9C0A7B83EA161BD79CE0D7952AD2879031156C869B2D60A3707,BD92E2A812E25EC26F1937D3D4DD242DF18BEAE75063892A840A0ED6A6AFBF298695D5BA94D6A66835AB65E0C39442B06966670408D457F68F13D4CA638E2869,D66B3430B2E61CAE5E71467860CB7CC4CE103C5C6D0942AD824CF5324417D8D188FCABCFD25E722E4F524AB70E6307128857FEC1BDB22E6041D6D774DA7EACA8,5B195CABAB9216BD716A93B05CC0E08D514FD258863555C639EA63CA22265666DEF53168E34C519C71BA0CF427A383B47875980A677B1716C840031B56455C89,C974EDC6ED9B5ECCED4F46238FC7707100A6808F4C67C58B18DE2FA9CEB1DCAA23B5C0378ADA1A57BC7518C9ACCE8FBF5B7A5DD46653633788145BF640D2B653,56E1BFBD11D840EE8C754CDA8529084EC6B66DBD2800A204257661FB0F00EA54CDEED4D8F20BA6EB4B51CD69D744E639F4AB10038A1993B5AF27C032F0901504
1,Linkja Project,186EEDD5A619BD03408C72AA3DE069D9CEA3EDFC19787929F2B21878C1A63850EC5A57ACA22B28B54B6F5265F395CB3D88173ED39DC07A4E1E2573FA2D423F64,,E6AFECBB297102A9B6DEC20A080BDA9438B195ADC3DA091F54FC9F9F769068AB10EB32DECAF45EF1D03AB9D5086AB390F4C6BAEBFA827BB916AFA8C8E08F4AD5,,C71A320233BC1B63B4986FAE9F828CC3C129DC3F9C87E194D10FEB536BEDB349453F7EE3F3EF86C97C21BD1B7AC6561DE55C446049C350DE94827E94CEA33DB7,,059F8B9C672A7BAC14EDB2E57B8AFA7709D126E1892EDB2EBC810710C2A40B9B7F6DA40C7FF4C203293B7C71D644CE94A756B9FD3D24C5F58887917C0150FBD8,,58EAA6358A6EB86CB2EAD5B434BCC8A8BF5F38F25107F0B7E72E6CC4E0E98D9A1AFB89ADA1151C45CD143DA47772950EFDD6293348B44FB4771C413550FC3EDC,,
1,Linkja Project,4435EBD688E653BCE9F3BD9DA7D208F6E79A7E48CBAA605E1767857EFBEDEC0B107BE3C118E0F096EC147B2513365718C5942F53B2A4539FB52D5CD7B7073558,,F94CD49AF81D7333916C2B558A2C6A345AC2023036853849BB30D7A5FAD73A44014C6F906058BE7CA9507B889DC6154FB914C0E9984B567999DF698AC08A03DF,,B408C0DDA698F65470157242C2B7F1824649040281F88F2B470D1E2B0870D74246B7EC6FF9DCB1599A2A85779D42CC9EDCBA25DBFBA25E762235B6BB8F29FE36,,F856732EE3F10C3C9DD499076EB03CEABE7BD563E7A51792427DABF98177CECB1879511FBB08C665992FC8CC0DEA4106CDB190F0627CE9EC938D222DB03BABD0,,93F4D39B1625B0F0022F5298F4C773CE46A17BA3ACA1BF582880D4E45798D983EF8B6381291546AF8860200F5B315CCB06B7BBB1C786B53A8B822FC964CF72B1,,
1,Linkja Project,3AA5F0275F77C273B6A41A5D26E1639D5031BC765A5623192791B2CF1E8CF23AB42F524B037C242D53E5A594B328B152BB4C31180BBE0B6BF9A0FB6FD1224C6C,,5842DB4247F385A1BBDCA3003B4BD805E9B2760B266718C312EA471F21CBC87A47F29DFD2B5E06E55970EBDE237937CB65A3B1AAA94B699DB2FEC8F8AF72611A,,2746A7BC8034E0A635C7B0CF34A2D756D6548FF4EF61F8DB523C4961FE49BF0308BF5BD4F0B0130AB910C3BFFF83DA60891CEB82C276ED86C27628F925D94F38,,F6AF380D91B0D952CE9EF3268FEB0EE7C001F4182C51134A2A3FEA0E9DC61EFE0A84A8709D9512139E2EB7D440A4D4B7B6A39F63D59048B7B03D4D05771F8C26,,C8599EA3C72FCF54A78184D6817212AD967AF0C2CD4222EA0A384B1414B502D1CEEDC4FAC3CA132CF4415E1D071C64C5E8324197CFD387EBD089798E288E7A74,,
1,Linkja Project,D71E2DFA83CCF82D837E2B167FC05A83155E70059B70F538888ED30C747ED84834263955040030030FF6B2FE4EDEB3E690265EDCFD659FBF694C4374A08BE883,,B286A8E37FFDEAE4FAB4B3F0FFF6A546173E13DA70A6DC2D0A9BA74D2AF59A7BBE112F151623EB0563C67C4643532BFEB0C63C688D2BE06185E5B9F085051633,,8F49523E14C1983D0BFB3021E44DBD16BFBF77DAB82EA8A268F930C7AF3B9851C247F790008D4BC654E968A51303E225CEE03526ECE60A0FC51840F8C8D21603,,C354E4BBBA6A1C677DF8D55277D6BBA0DF7B97650AE29F488FFAA67935221859B65755D1081AFA7F47413D18235BFE793144B6545DC348566C50B45FD726F353,,97788A1436DAA760AD5B4749B74DB96563B5ADD521792A856E719C2FDF2199A6DDCD0CE8DE2AEBB854963960200F747582CCBC778F8E5B3192FDC64204F8C193,,
1,Linkja Project,EA00A9A511AE3E31D7E5C9DD9A29468EB581B07AD1AB9F14C7A99ACB3C84358D10595E16D7113631C8957331D3448E08B89C73E8ABCA4839C7E01D877BE6FF95,,F93DCB8645276F42A5B144FED74BD97ABC8801075ADC09B041F6A23C3BDED40C0A10A5DEF1B2D96B3DA67071FA4F162DF9FA51CEE514311966D36FBA248AB7A1,,4361197B5FD0F5037700990AE81D0A1DF12EA22638F9AE946999256B44B3AF0D07E6992E0371B89530A31B01CE98A80A92D197D534C4CA5C2B4EB3667FF724C0,,7F272D254508C05A981CDBE7859A433B09F956056CE14711038F94F29CB553FF2D8A5BDA94437021207916FE9DEE5AD9AF09AA3A2FA4649FED2686C5AD72A98D,,5A04456C5D7C123AAB3A5A40BBCA5E7AE8B5BA70CC13F7DB7B5F6F62432D5FBDE4D86E8520E260D4D2F111051D08693111503EF4751686A444DBEB4083B38CF4,,
1,Linkja Project,C0FF1439727BE48C7FA785A19E45F897180FFE1BCB052BE1CA70976A1BE6E1905D450E9C4FE9618808BD5B1B0CBFF0E778D986F56BA53CF362C02C4456306AEC,9B2F3B721C2E3D5F12374714E92BDE740E8DDA4A9FB551202D90E18981CABFEF8ECF6E14F6B24949E10146F8855A2946E3AF41C13E7B532111560E15650E2B96,E613D7BB921CC5B9AF0F0DDCEF65DFC63FB8386BC5A2FED2F9D06A70BB2B654204CEED72CFC4B70F583753A07F35234745ADF2E2D5F96C72076657C5A3DAD1A7,4DE32EBB821CE1CB4624807E9E3BAE301A5100A2C1C4F31E7CB274A2AC6FCEB1B1DBB8D96257CC148C089DFA90AE38C95E018DCCDA7DB3DE3941F19749B4F879,2FC8EBE0BD094B9803E8E3A4F00B05AFEB3BAEF082B4D481E9C8373E3A17EB25D6465C62332F5EB3477B19F2CE4473721B3946E146E86AB398281504676D00D9,54E115884D491BBEA5B81EEFC5B60275C3659B572BCB36A2C3130F51F2BA3D026E25063002613E6C64D44ACD7FC1B0DB5E16F151AA19FE7CE4C380E80EA9D4B4,B6ABE48A53004847C3BDFF2A7C604DF9E1A6F3A0ACDB51918200434E34770DAE512DDAA5A3212DE169D8D11EC8E0F14D2202FA362159B4769BB7F0ADD8AAA148,1F8C4C508D31980121D5FAB64D781C30C90A4B8893EA826845F7EE388D09E084CB410F4D9640AD146C5C05ED08BBDA584BC29C7CC08CA95BF77825D1C00A99BE,BC652B61871482F3A9C0A4E33001989BD5787121E9004AC20985B5271D371FB5DD8A1226D8A8F81D0180FD0884E7CE26C1543C4C904CE01A09527497CF131AFF,2E9F05E017E2E56F73DEB8E921AE9301B7DCB9B3589D74C724E0B1637545F1C4A49BD071E75610F0708BC80C6D9424EEF35E492E589CBEA45A416141502E1855,F1C40A1F0F006F1467607F1A758231F50978D6A594B492036A3717A02E37450607B770113AB2D25E6C5D1F02900BB3464EEDEC2B671AA865DAD22F7D48AAA6A2
1,Linkja Project,D2464C0DB5AD51550463BF691BFFED0134816BD4E946E48508EECEF2066A54F5E9E666EBB4771E665DAC2DC5C9E7118CA4EAF604CE921FC9E7A315868BFB559B,,3BD85B3084AA6C09AA03D3586790FC580A9ACA86895DB2B636624A6BEAD2F3985B57E401D918444615719C86D80DB01F02CEBF01D253E2F0510DD433FBB7049B,,D7B6A29F3F01DB197830FD09EE7B304949D264BDE9AF85F31067664D1670150FE1579CE6B0E4896AAFC9322DB907182250C8AF6C48596ECD9370B674DEDE9960,,16EA1F223259FFBE39FCF59E3C3B7001923C9C1996C779E589600DB95725B6A735319BCEB2FBA6969A1090DC2FE6B92B73F72891E95AFD5E7DE71D0EE74350BF,,9FB3930CEE03C5E927424B6608BC95FB97F82FCD5EE037B528A04E2E560F728C16E458F81D13AB51058BCAC59F173AD4DBAF7F69330F74FC93348F5871FE6326,,
1,Linkja Project,9682E3257C59045F0AC9CA985690B5CD4008035342617C10184E46704ECB8836FE3133C05118DD1445AA6BADA369CB0971A266C68F9BACA764F1C4BF1715EDF1,,B232B576A942AF542520F127525585AAF0C65390D80DCDE9924D66E35704168E2BF30FC4FAB8F6E50EC4E000A465A1BF3BDC85292DB440805CDFE02AE3F7D38D,,07BEF311D7F1D9595965B87CFECBB9E4A494D9C87DF4D9D89B2F407079C937149A8EF01DAA344B26D41D555E141A36B5BFDF3B14E4EBFBA7AC0055FAA5D83005,,E22E77020699B730967F648EDC425992005F4C57E7FB8753FE8BB1436A6D4CCAFAC3B2D39AFCD17755124049C2AB10500AA751B772C6BC29B12E36402A25C459,,4AD1EA75E3B1EC2F93059D0C67B7E1519331B4FAFE82B0FE276D2B18459206DBFEEAC50362160AE5EC1CFA77AC10A5FC8A9551C1B74E9FD7DE945BB3C490E03B,,
1,Linkja Project,B8363C9906817C364023DBEAE7D3886C3B282973FF3168F7BCB20634FD18B86AECEFD89710B50CD58E42EA3F6D7D95F60D93D471323AF32AE3A9F52C700D386D,,CE436300654253D1AA54A1F57BA9F249653DF69EF613B33B3C9D3A26C92BC2BE8D1C423DDEB6804323F3FA71E4148E8FDB683703B21E06BF75C53167CFC8F2C4,,129A8ABC93C4CF9B22F882DA98A6EC94AA6965598DF5A65318A181BF56629989D9537EA1E82F799C9910309DA4A8FFD5F95012FED6B44709BBCDDBE05BF598BE,,A7FACF51CB8EB240DFD52BF55FB9969F643F7E306E82F172E77CD98E142EDC35A6167A3E38178CCC4AF302F7D08BDCB230232F37B101E4608D34663A561FA778,,0A8D29F0C1B3D338E13E82A0789B3B506C4FFF3BA8556BDB47B8472FE243275F7E86D15E60DA90AC91EEF9DE163A6F83D80C8C9D25B23F762DC675D6DC80547D,,
1,Linkja Project,D4CDB6562CD01DD089EE6C992F928DD132B5D9564DE2A2A2D853375280E909010758658D1F300A213D9829C34956D45DE5FE7339A04F3223D02570E4D8433FC6,,EAA1769DF903091088D34070F652EEF7E726F1AEF4AEEB57B4C39D3EB6D5164A71A84806A529B1218B0418B67E489874F7944A85442B77DE27428E2C88D6CD8E,,99CA1BC154FB10ECA2844CA8A3190D23CF235422C3064958C49F989EAAF70D97CEF0A51776ACB262F2FFBB959E8D34DFCE3721E23FB8B559D530F0087CC8DB49,,D82009D78D001D07351B1958A019E70A0C5FE3154EFBDE4DE4384392298260D673355AA4B6A921536DFAE8AD1441D7E37DBFBDB3AADB6147262592EED1B2B57B,,A747380126D7AD0BDE54B843DF5270D1FC86168A84A7D17B1264CA905570B367E49DFBA4796FE9E767B2D7A160702C91E27A8954C2811325722151D8AE0ABD02,,
1,Linkja Project,4BE29B38773489DB6E33499CE4E99B85CE4D4FFFEBC6C162883394C523C7C48D02C8CC36B501A3259E26670B1C580C83F48A2E304640FF5644045A6EFDE4AF1F,,4C68B7C177DC39764122527225048EEF5FCD4B18870C30CBDA4D3C2BA579FBFA8081F117959CBA5CB80F795EFE759F7115318876B131E4F22B9BA464FF5C6EB4,,887C53E9DB12034C4F0DEB20AD1CD70ECF80E278562F2F7CDCB9F563E1F79458EE70A895AB01716E03860374E85457FE4363AB6F187D29E0B7B758F5A3B3AEFC,,C63264F4BCBE56CEEE7E4B5ACF1B68A30C9DD6B56BD38C9290D187AA223B4B533A9F3AD006D43DE61F9CD0F77B4B5AD7D70E59BEE723F522C64E8D34472C36BE,,B2C01E64AC894AB5C6D90CFE080CDC02E7CB5B7766116733A39F40A633B511EC6A7B389FB1719A01D99FA932FE6331F4B9AB0E8E5F9A83037B76EA77BC60D2BE,,
1,Linkja Project,E1D3C5458391A78ADD018A3362247B59F2837475E9D10DBF490C3F2CF8D92C7EA29D31904189D0AF06E1817469D9C31F7BE2138202D354FDDC2EBEE9C6354955,,FA3C25917C6C5A23F846DF1A527E0FEDD8D8520DE04F1E326A48A93A6A0A7B3929D014EA91BC85309906978D920558AE15CA6A5660B4F2AC2F9A1E6D7AEFADFD,,C1F77A02ED8E564CAA037E4694DE098ADF68F1BCB38027C9B75CD86D1AF3DF2FCDAB065F81718ECB27D0D5CF3BEF9D78224FC5A4BFDED1F4A75720996B75B189,,3AAE8153FB5EB0B0C40DE5AB09BD00BE7DCB37D38D5FA3B663084FF488D688ED871F0CCDF7C9A21FDA8B008A820554B632E1F5FD6AA10056A81BDBA855045C08,,C0F7E328CC925AA16790E41FA70B6C4E452B231E671A1E19C1A7E640D4FFD19FB56E63C87F57004C269C30524797C8031FBA0A33C5F3D0A4CB56EA6F1DAC29A5,,
1,Linkja Project,CE713909A8AF8BACCABCC342F2BC4351361E0A61B7A691C13A62FB1C382F06328AF1FA596B203A47E0615CE86AC827B1F3B64D9BECB29A8DE28C7FEA4E7552A5,,0523A484A5EDB58780EC05168B8A63A3D9361077EDFF185E501641AA1468F4605C6AEF35E08D093160FE3BC19D8A02B40474FF857A67FD9D194883000D5B104A,,D9006E9362B285C1AE71CE7D078667785A831C8622DD248476EDD0565C2A1EA116277F447253ABF2D4660066E919F30CAFEE96EB29216F6A0CF28B64BAF1D7AB,,FC613D0059846DE2F500DBBB992222C6BA5D2E988E7AC1D22F23759BFE7B60DD4BE6482CBCE9EE44D076ACA6A27B333E45254C24DB42D8A567824D0D674A7007,,B57E061244EEB8FAEEDFDA583B6953F567559EFE820BD0416750F52BA83AF95C170DA9546DFD146709D4A3AADA510BBDAB449515DE818BBED956C14BD8D16B36,,
1,Linkja Project,D284CEB029A21F9F8C40C1275A95E1B4A8EBA6788EDF89BF088FA267123F9B9B57AFFDEC75AC27E6FFA7729565D2394BD4A95394E8770B1498BC4654F13FEC39,880EED8477AF1D4EF7590DA9FC33E83B885F808E2718625787640BDC905A085B2CAAE7CE31CD676CB03045ED731CDAEFC6E6BE3C87007B4CD735C86B3C96EDD7,1D121390963AB223A835EC3C6D8F728B38F0B29B9948CED4FD40F5A58A847EF5D6E5AA62B2CA38BDD897488A009E1CED3C0EBE999880B6F2D1C627D2A9363EEE,A6F13219B6D60D841ECB1A956035F86C745A3A6D3E8F14D75B8EEE8071A22C6AFFC57CD5DEEFAA94FCD8EEFFEB825DB718D7A14EDFB1C7D53C0EF5E97CC0B490,B91DAFBC66DA3346BBB09132636D2942A7B8BEC5FA0416B90642EC58A5C7D7BE14328C8AC4B86F2DFBB1FA1E14C4C99837F0AFD42FEBEBEC57789A5B2D4F3CB7,3BEDBD82814A7FE644FAE8BF064F8F27021AB2AA57E9FE4E5F59776214A3AFFF54E3D6F1BFD29B0C0AE30BD2C42B25973B10E9338FF32085C0980B08D989BC3D,9B708E4287A14FB586AA1570E24ADD86F558C47D8042A86F498872F0C51891CAC24E8536E2CAC1E7ECF86FB87896406689AD3A24105F1A3F2E331998BC36A017,E09140035E13A7451D2ABCA3E2D84473E7D1C1D791ABFEAF541F7AC58CF7340DA41F5019015421D0E5EA78764406CE319ABF5BCA12A6C2356F02A1652642139F,F668BEB55750852996629627DFEC3EDD5DB4593611404D1EA27580621B63466DBF5D9870E0063E24C2A71A4948381CF19788FA4BF419FD6CF2B340D32BBB71C6,351240FB53DB111A42E3B98F53A85604C39D5E85CEBE87D703379F69BBBDB273CB33358958FDF1B6331D783F3C3D8B125AB9BA4CC405F38E0A3420973E9E4166,0A5F91A123ACE12E2BCBEC8A18C58788EB3CF136B50692A05B7763C1AACF87ED90DA364B1AC0CAD09494D7A5F783C786ADC0972C6CF1C8689C2A54C186FD38E2
1,Linkja Project,3B360EA8873FEB059EACC9BC99D0ED05BB5F69F493B85709651CCA612E2F2F89B0CA8F42004A7141B419676CC1643F45B96D9D55F75671FE14E7440F71DF15A6,,64166DA76A8A900DF29836D3A97582D88B59D46A9AF1972E967F8E2A2C6DBCEDE7E616E4E459A5441D8712AB0257FD5831C7486513C3524C1F80AA76FB78E12A,,514330B3C430E3029BDD36C04FB91B0F126B2CBF0B49D6CF200F3E1AD72C5678F475940F1B4F6B81E2B41F5254DCE0E58653DFFA58CA9C77C1504105D232F423,,F37602BAA1782D0CE1D2935985D94878ED812A4E796A8DFF0D8482834C4EC83D81CA92B670D156A6CB7DA91F67A391597198A56AD412421ACB36D2C8AFC73A15,,E4A34379F319270BF59B40D9FE4D092AE50CBA9407C84D7CC6BBF1088337511E25A71EDBB81A7610D79FC45FAEDFDD835BC9C4222CFA3BE1D5E83509A3F3D2DA,,
1,Linkja Project,D94D6E5AD8804C65452D2C0D971C8BAF3B47396069DFD25F71D83A1E5BE28791B641DE6BACC8DFE1CB3B28FEDB7B3BD05C5359C82BEB0FAAC2ADD610275BD61A,,51B8069F9D1D53FFFAE76210C3C5FD8E33824FDE74E7DABBE9AE3CC11BE6EF47EDBD935D30B8B774EEB7FAE7DD6045ABF5C8497CF61C72BCD4FFE5107CC17D29,,A9CE787089EBA16D3A9410B8C4F450088C256878156D106077A04756A88ECE4D899804915CF3C06B92061B983DB4ACDD55F16B5A48C79AC61DABD6B106650AD6,,3DDF80E806B74950A14EAD07AC9E3D308E5462C9892E8DF011A19875F01657733759DD147C39C235DAEA98995FFB58A9D0087B52DD624D7D2817C4F9BCE72090,,2387057BA2C9FE029FC7043AFE24888BA0DE7EDF95D32658AC4854B0D4A25AD22D13801C2BDB2460723C20EA393059D034C89A89088BC037CBB1817E05023722,,
1,Linkja Project,00009D42FDA039689398335164196EEA88830ED63AFFFE58EC40AB4006283F467F76864E885D51EF0C37A58CBE503B1FC850AEAFC51D7EE76DA0E43A4E22A71F,,480669E1DADE601777CD1013507A0C478562EFD245A31A4BE593F8C839FE11B11C577091D3FD75F7EB2FEA39085D40C8C0589D10B4AD77C7EE543B6110138349,,739A7F891FD8FDAB7AAD9799E12ED9B15590D4A6B0BEA29F31C4F6DFCE381277887361C795F32FA0DD778D4CE9CE22A06E09B2AB2CCA36DD17FD33582A47F26B,,E8308C9FB94C397C954F3E013109EB9D9722E2C3A712E28CCF1AB134578032739A590C4C6545FAD3DA5E32AB567C9527F09082DF932CA187B15628526B98B2B9,,2C54856A8D9B264FF6E31E94C8276686DC9CD81D9111399ABD1CBA8AA6560233C8BC1D938112B39980E991936C103394A9F82B2CD82832239AACB90546D695F3,,
1,Linkja Project,CE230325C01C01E8535029E38177C9320FEDC3D3B5A21F9C9CDFD0E42E30515A2FC8CEC846458783C38277972D5F9B199BD569F64D0A8E79245C532581F73C90,,03DC483AACA5EFA74693C56BF0B4CAC49092A20ADC212C80D21AC89DB4B2987BBE65845746738A080D1A14B36783512404B81019FACE92492AE91BD391A24927,,A2984F43598AB1922469D1394B8E4CBA00BB13C4746A96CE48D6D11E03AABEE9210A4B4F5DA0ACBCF91AD3F38F0979D9E477F6131EF0D0D915436BAFE02F3058,,2A6520D278A40AD68743CEAD42B7E7B2DC94021CA64726D75BE87F9BAA7A603EA52E0E910561F43150559AF0FD68F6FBDF945C3256D8BA1E30989E6675D753BA,,A9C271801B9E4918C6941A5EB56F1015AF8B9727B8F68B9272DD6D042FD99F1034FE5A5968E4247E4B70286B3597CF10D4A0F69F3C988C47ED881093778A3B18,,
1,Linkja Project,2841334D446A89AB2CD5B6CA8DC95AF02138A88928D8CF9FCCA9C7C3F0834B1396A121888AC2E0DFA2982959C4B6C6858AB4E84A6DFD1422D39479C59E6D3338,,3335FF9C8D672BA2F02DF96CA3B5EFE03C847D59D1FEABCC5724CDE11030E19CEF9A284EF038E9E76042A2F49056DBE87343F02A2BE1A8C8AF802250F0B74C54,,88F8D2105A59E731A63B40E21E42EDC49F90A3C8D761ED1E3B49B770FFFDA335B283CEA880E974B775326CE62FD2E825291485ED47A9C8F912849267176B06D0,,9DD250E2651C1C51DE548BDD89B21FF3C01AF02FE3A73432AE9F28BC0B6C0C0B505F08BD9963681D02F5EF5E43F1DF9A628EF86C0F82FA9E7073429C920F7901,,27150C45F79AD3F8F6B1BFAD8DDC0B80E1CEF1B05247075D7BA6049E3E16D2ED93AA58464C3FDB96374876FC59214FC5E858BD376C1AFED6214134FC462379D4,,
1,Linkja Project,14CADBC4D00458D3279EB8DB0D4CC457ACE66D9160E176F12DBEFF676CA8724B433D907D0F622993DD10FC6E79B65EACA703A74B662290043A06A4594E706B09,,658252F002E432D4099606BE94B666B79BD636C1DC02FFA834AB31140AFE27FC9A0EB5D3F855EA25E0C39A12CB24F08D1B2D6D1C51237ADA940940EDC19F4B6C,,83468FF49E5BC1B297F7BA2E4F571EE6A69ACAE2710D4029EDBC07962A5CE3BF18AE2E458834B9443D0532B47DAC45AE2AC12D70062FC1C9590B820A0AAEDD52,,E80D362EC94E6400F8291E2AEC7D4B0EE830DCECDD89C7654566B7AEF008A470480C409E6EF8C1028EC548FC5740AF59731FECFD4515394941E05E11292677A5,,AA08FB9565B94C40ECDD7E9315BF4239D004752834B27175A91AFA91C3D00850CD5836262919230AE2DF46A07B6E8777F535C4162F2D230C82269D89CBAD133E,,
1,Linkja Project,CB5F73C32838493EAFB2C2523A19D6B249FF282B1342763FF7855934B2C99BB9DBD824A9C83AF61E6D207EEE3481F452C8456E82E0537536AFEC5AC3293DDF94,,56767D4FDDDFAF97907DE95487B44BEDA30902F538A0531966F1A1E4532510BC0D808F685501773D75A1AB5C2CEA058CD530AA2989628718F334BCC0EB71D7D4,,5C83EF38B367512F203F2FFE95E08084F52595BDAB883D53AAE8BE7C962B0B5E513EFEBB485169278E033E5DC23E85B6BCB26F0B3F6D1CA65319A0800EDFA306,,3ECBCB28261EAB2478D1769FFAC275215690E304DF7BD26C8C60BED9CAB14E5D2B731311A4620DC897922A06CE54A4FFB0AA0C207E9050AD2E46A6240470420F,,C738A6739C3976DF5CB9EC9D4992E9104A2E755FC25A4F0800C652FACFB013E4A3D861ED06CE675DB40FB6FDB0A56F38AD4B97CEAECA46488041D46470ABD4C9,,
1,Linkja Project,F9115AD5FDA7F97ED64A7A8D0786F7BD6A47FF8A07C477E06615A440A1C004BAE5BECEE9CFB8D626B2A9C07349F0259F85A74D9EBADDF0C960A5FD818C00AA48,6DFD84B26D39AEE355BFFE9C1153CD642E1CED62B7028B6646EEB7DF22AEF4636F4C41942998284AB8420EFF010FC9844C8281D6DDBBD3338A245F33FA7A8A85,23B55FE4F2749D1714F76E8AEB084D6080BE8E83E6F2C3A16ACBC552C950F0AB167CA29D1D327E9906F6F6DFD50B3B938D7891B5503BC01B0F4DF7FB7C3E5650,EAEFFDC34FE8012BF275AE83BBE9E64FD61DFC1FE508ED3887B86CDA5A0554776EA529E9CC6B8DF025CCECF45D523F9C761E9F952601F6B9B4CE7C40CE8E4369,6D786E5C4A6ABB3A08F32307E61F9F9D6B4796E1855AD3EB8D85363A18B9342BE20AD6C520113F1B959920602104813D202ECB095CB5968A6B3B677E1779A3F8,8ABBF109593452B9C4577BAC36FE90E3F8CCA2E1C02837A7898071DC3551E5412D841BA51D2F1AB52C9E8054CF80ECA42D38DB9E7A430C040F2659E83CC9E5AA,4B7BB451FC40A7A7F9A479362C6AB3442009DF30F706C79C4F6D20720071018243F64131ABC3E30840677B0D048C56830B9CD90AC1C35DBDC130C766C1AC768C,B2AA0014BC15A58C3E647A3DF1EBF491CA4856CC416B0646844A797278EDC72CA004AE5FCBC457E72598A98BB30A94DB4C0D237AA4FFC3FD1D05DC4A7C3899C1,4E71C431D8339CA3A8F66A3A8ACA7D0D4126060FB7103836CDEBB7A6DBC0B92468B47F2A82E8BFA8507623E8C2BA2D4503C124E36BCAA4EB827C647C23F46B2D,0D7E82313D30D07A599318FC2A3B376191A9F42D039301BA7BBD58E2C67D3CAA71453590B785A940F93F97947F83604E956E3CFED5FD1ABEF5DF0923B8F48C5B,6A76B3D7D2FA9A8DE0784ADDAE090B62FAF3E9671C70B4B89F6C5121563BA18FD4F26EC149B70FBA6344E1B3CBC8A3FBF86DE559C8179804EC4FB638BE5207B0
1,Linkja Project,7E918D95C8D0F067A1D161C508C752CAFD8C04FE4C91BABA89952C2F2A7924F18CC611D5585063A388D74F8289ED45FC2272AFB811F8A5FB06A663931B1FC096,,69116FDA3639928DD6DD98B2420DA935C9451E84D8DCF23409017D6E4CC5D99801CDF62979C89C0E08978EAC1CA26F49A15FA9ECDB01E44CDDC122A82973AE5A,,6F37EA6E888D702EAB7ABA68D1E0F7DBC6EBAAEC1E8E620D4EDC86917E085DFDCF7D0A773EF3E24D32B296B0D7478EF8986FF08DEEE4CE341D970DE12DE77433,,9FEE4ED7B08662A1C0A7805B4E76404D29F01508729482B11966585CB96BDE38C81C28DC78D0C82CB2AE852EE173730F912E825E2C7596AB7799E795B26BF9B7,,FE00C6EBB0B1B40555EEF5A2C7E4B6D07F573A70700AC4F6A4297C2347A70CBF8A1BA8E52EEC0F9644CCFD6F72EE3A5739F872A80B422C530ABAE00E1A5AE413,,
1,Linkja Project,3D6B1FDF9761DA73A4C24ABDAE19E424B341257DAE04E110046FA19426B63015D509D2E27C7B8CA8C5128D1101CE0F062E360EA9C0F8947EFF902264093EED46,,60D0251CD162DBCED254B491C554F95D7009D3E28426A863D3C555F6ABCDB3F879B6AD55E2DC406A5968F1C14E73A8A4D19E3ADF31C43E04F6CDDAB5224E7A2B,,28378973C52160DF677A969C291AABD7C22B6C07EB08079C39FD09B41EB302D1991F66825F9AC688C8F91D28CC10B57838501081653E2FF3627C40B564B68A40,,7F506134C021A9D5756C92A8554A16B7DE154FF3F21EA22683DBFED97487375C5CFFA9994A866A01D012A6594C1F3167108A1240374454B84DAD5FDDE757FC89,,D42AC7946BF9674B5955F2B78482597F097049BAFAAAA7727E240D8BB540761945F290A2146734B4A871E8DA507E5A07621DF15B533B9FA10FA59C71F4E7A1A6,,
1,Linkja Project,F13BC4A6DA8CD6F0CE8A86CA40609CEBE5991C5E41C961D1D8E41C48992CC75F5CB9E464CF9DA8C8746D1AFF2AB8C5E763A022EEA6F4856C13D1F464AA323F01,,B0E13173DDA1FA282996BEB960D9D1CC06BAE8DD1F44C8DCFA3AE47C972A566066BB03146F11A7F50F26F1AC883179CD8B0D3264A5449D3B8537948750375DB4,,E25340F20C0206D9127B7FCC1645E0724D56E0AA89B7FE7483BDB80B1DE934ABB3D799918655339C71C01324AF0BE0338C95F5622E64915667A09A5113A43488,,0671E14038F212942204E5F9FA17435AAC243037996D11C094517F06C7FD19B4650F610F09B7126B0F5FD87744AD7D477C997DB893F7747D801A923B9B5AC8D0,,BBFA83FDC66556D9EFDEC9312BDC3329840A14BB512460B144794151EA96F23147885115FBC4E27422A93F1C1456C3DCB068C9E078D4217F9FB690E1B4529CE9,,
1,Linkja Project,EEA9D9BF15DC7DC9C61A22C279950B20657FADEB7B0F6CE7F1CC84A325C9562E5BF47AE3B82DD6D4993F25A8899A9BB51206A07EE3F9B1000F698E5D0CA830B4,,9CD7DB110670CC53ECB71E0C9EF30A91B2D93DC484F96FD5DF2FC02120AE7C0B09CCE0D57346EE0D4ACAE6AE1A321947C0E3CFA196DA3912BDEFC40281F522BC,,F5BBC31DA78E9D7A4C3D2CBB5F93CFF21822A59D5CB0F3DA8524AA1F6C2B8E3A2AF0FB393315A6CE8E2A8E89EC075630797CCC89DC1FF161502394EB007F4807,,5E6206C7E7DAC51AA4787A912391CAE143AB25868A6CDE341D74CEF6F69B6AEB7DA108AB1B20F172BF3CF351E15C6A4412B6C9BE0DC72D0A8CDCB9A78F105851,,46E78FB2CDCC34DBD9D84CC0877C2CDD63727C9AA5AA6009561BB179825E7AD948CCFC1A57046930A925A0C4B00D95BD3FE2AA7CA7785E0DBD64401629E6D636,,
1,Linkja Project,1175A7A6F2473147ACE8049ABD3B6DFFF0CCEF612D28BFF88AEA890A2BD6B06E7FB094FDCF8CA2E43AFD20E84E0737A4FBD1562B708845DBC9A7E0EB6EC0BF5F,,205F340E5266491719D8C3F4900E030676E8F27FC697FD31DA54BD1781D099070CB56D0C7EF22803E5A9146E63D6EEE52AF1874E7E103600BEBED97696EE6ACB,,ABE8A4EEA63D3FECC2468986B7617E192F0C992C4A284B69E1449F48F0DF1DE8EB5E8803ABF36AD9D084A36EA67DADF5D13B1D0974EB36449E3897A6915523C0,,E55A93EF9523601339233D4AC76112E2BFF31EBA237ACD5C544D8A60BC6CB9A5043EB47D02CFC27DC123B517B1AD7E9C52235EB8955A745F733F415692C3D21D,,E500716168F372D70437A3E942A58E151A5A3D3A082B0B34698B437E2C879CFD063333F08EB319C0C7ABC39CBC46A50A779B086AE758D887FF204F9872C54541,,
1,Linkja Project,1B47946050AFCF88D4E7C876A4EEF6B82A4350A12AD2FE81F8CE213D29675277D1E42DD6C719EEA60657604E21DEF42BA0A683C0E32ECF2E7420BC8C3C2E67F9,,E84E4BCF2E9D9216B10868C715857893786B2C206E888544447A59969A0BC8426ADB9CF7B0ED7124F3EC92B991CF3E38C2045C5D4DFA11C17F32958B4D6006E0,,B2F6DCA9FA3954E9633CB817102507710582794D50135EBF8118A583970804AA6FA45380225CFC7ACA4E661D0B7789A885A9DA489A047D09ECFE28022F58615C,,4E15E3C3B2FF3BA441F9BD9786CA087111E65D1648B415206A5C536BA2B354CA07EA8E7E29303CBC234C4CD0BFBAFA7D9D493E0B4E2D9E94B10896D932B52775,,53FFA7CBEC179C0F962D1955F0402820E3FF57414FA044B7B09C9D7465A6952BF9195A60D8F92441C89FD652BAF4CCD2EAD4A480F868DA51A0F0C2AB0A66BE46,,
1,Linkja Project,8EB257ABC8C7061E37585B2863E6EB89DA106343EE4EBA49ABFC660326804639CBE2505CAF60207CA4C8DC3748E4A0F4910425ABF37F5ADC616B960EA137750C,,D8B803FC0797C3F81FE25100AEE756F1970A0C39E67C61B7A7284E124E0D924D96A7944C7BA2BFC76BD59F9B3F6997156FBAEDCB81CC814772E0C44448328617,,DF31B30BAEBD3F6C7634CCBBAA29E06EC628189E22C0526EE187F7B347EED3F760FBD30F3F072B0DCDCE6F1D286ECCEB9E8351E63306427DE92A9030E7A8B094,,608369F60FCE7F2C72CDD550B2336CB48B24F97330B4F83A21823FA614487AE8C160474583DBA50470A346A5E59AE887DFC9AF541FE44726A369915E06FC332E,,1DC660E1DB585E901B9C60F369675C08EFBAD62819DA8BBA77BF826642B60E93234E301C3CB45FE50F50396669601A29E32139620422B671C2368B2E554B2765,,
1,Linkja Project,513FADBD175D9E314B28F24404F3659B2C00CD768D96CAFA4FB6830F8851D780063EFCF046BDDC3EA3739AC7ABB3451911958D364F3C110DBD2A4006170EC68D,,F1A59C2592E35237D6697F7BBF9F7C3A8C93DED5378C897E2ED6AE0B65645144A87AB822974EAECDCFF36C1D3C9209A0B25E3FD3B38789B773CC1EB0A35F1E10,,1A33274FD036A2EF21853CB4C3CE8FA54EBCED6DC11824926D9D3FCD13FC51A1C6D06C71881C25BE6F13E4A116429DBABA3358E91845D27DE9442E8B8DB8469E,,0F35D4E0F2FB234D41C9DA876189BAB8DF8F42A9DC1B7297E5836C4A12213EDA9527D0B651C9F8EDE7EC2144DB99B94F0C8D30E26D3C823E1E5C18E35A29ACFA,,EB60A9F594831091E3EF76B4843209E0A0D3A6D724CAE02DFF7B533D03F48419E962269DD24F61B00B52D9A5D2A336F81191142714C64F0C841EE6F248F69E47,,
1,Linkja Project,CD5FC7471EB505E636C046E66B45DC7AE58930CD852BF1CBB9481983680EBC4B7F8E655EFEF7BD548A37133DC425C67EFE91231E1E3F112997ECE0B033028687,,29B4F58D3A39AC1E5D9F02550E7F2C66A39EFAB2B938BA0BE5AA62BFB905C513C80649E760604E13B6591D4F745FCFEE93320A716D773727BD4B6F3467BE1CFE,,B9748741EEB1BC224BFBC56501FA07AD8DEEB9F89649E8F0D10B489ACE91A497A41A81A270C2AFFAAAB337473F742CA97CFA027D1F8E8B61DD8F4FF45272DC46,,3C8061268553A82EAC12BAC856D83633013ACB692920F5E73AE4E42884ADEEC9445E84E1392269331401D3EB820FFF1096324C23EBF6635696AB93295682DA15,,F6E11AEC5E41C9FE64249E97BE1A4EC8391E884F71400D97A846F0C4DCF0715E7631DC9A3EE775485B1197B26FF693224AE7141F5BF05DE6E710920270F9AAB6,,
1,Linkja Project,A64062F052E92AD64E0CF8C60FADCFE36A7FCD8D90B2B354D71523F424989597C81D435052ADA817F60978386553803D19325890C23E5D76227FBF1E9D6D25C1,,089231943455A799C8881DC037039DDB826DF0A6761E34F220F18126134AD3C8707CE1E9D0E8C3EBDEA1E7BEC64AB487624639470132D9082F75F2F703E93EE1,,89AEDE5F2DE713F2B14E7E545F3F3A620F96EA27DF3991054621F518CFF375B4DB830706EEA59CCD4EF7DE13C28311BE6E70E4CCE192ED9AD4BA17BD7DCB62B3,,6BD6A0FECA7B9373B929BFF47242C73E5BA2AA88D4EDB7BB3ED289E4AE6A0F9CEE41911AC3FF24F3A0C85DBD195B52A2886C14A32FD295F2DC469159906A0EA0,,2269DAD0EDB934CCF0F3906B4B6822E15921C68BDECC5EA7C3299E9B4EFCCB497DE064732D251D1E0660A1F8071FB2D521242AA1C027A983792BBB51617C5A4B,,
1,Linkja Project,1ED4563545897025FF18024FDB420A27CB0AC1F96216F5376DC0C109A978AD55A455D4F0F3DF86DA0A05DC5E26A9AE85DA5FBD59F29F62E90C48DA26AA2753F0,,87A0C7C4F4C152A729F434415B0CA514971744CCBE2800015A29CDD4658C64272A7FD492FAABAEAAA74D2B2D8AEBF5A4726D9744AD20CE4231FE2D6D51EC18E9,,334CEC3F909EB6DB33009A11D081CFEC9B873704F4AAC62952EE3A41DA693B9D9C5D54B198E20F82D9CEDA6E1C74982DBBB5DDD8630A6A0FC5EA6819F3B51F2A,,C9BADB2C7E878CB1E172721B578F9F7947F90E3C7E2795C3752FD565D68F76CC170F75D50F41B433707CBC287A2BD055E59F875DD0313D94B417A56E3B2B1EBE,,2604C8EB58B35FBBF7A6E17C1270C328CA43092736BEA7A046496ACDBA01D0A51143B21A96468134FB9623C8B25747A73DA3679629A011D8D0BE2C0D06EE068A,,
1,Linkja Project,9840F55906D1E6029DE32C3C96D8729E27DB39BEFE18FF44F55840E4138FCB90B5FD8B145B96646442381D586BED77F76A374D2000668962D648D36E73E55177,,CFCC8DEB98E72B22FC468CF2540A4CB7CE9FA153DA8F12D7D5ECE1EAB180F1C6CF0795CCC84A42EEF20CA91D1F55539482C61D670466CCEB3F1118BA14ED72C6,,F3AD866B26D8C00C44FFB1F55A48A414035C6AB206FFCACC6DA946DE43CB095A2FAD8314A64FDB9106F6FC3E8D09114B880A2AACE318A266F4AD7167CC12B0EE,,20957E9BFF645CD74F3C35B261EF206BAAFD29FEDBB0126AAE326717AFFE95816F09AF61BAA0AAFA4954B54E720E4EA587D148B016F0496C7C026FB7BDE35171,,DC81F0B3BE68194FCB79DBDCA9CD7A888938B73B04B0A7576CAFB32D4A8C667D09ED7DB90742DF1FB8B6C96C37990FE473EBBF446A5B1DEF2D2129A79B3829F2,,
1,Linkja Project,CC2F03ACB7B51B873FB5BF2A04D3524037D6D852FBB233DF67E358A8318D6A1F722F4E3349346C4C91C50476EBEA758E0F41B4D4904EDE88EBB0CD2AE8A5EC0D,,A86D5739488A8F54C9E796147D1AF278B1937247DCBF44E171DDAE6CB58417D969C60952042113AF19CBE90CED44D2D6C6F35256DFB2DC2290D26A13ECBBAD87,,1057E81C3DB1637F54DCD5BB8A30C774C7D136D3D6EA9001AC49C4C19C85AE5AAA2A4BA1101E2AFE90A156ED90E57224ECAF9C5BECA2F0DE93914C2464968999,,EF9DACA1DCCA663A1B2EE7FFCB0E12BA45619612EE362E5FE8FE3CC06FE52A4520FBBE135EE49CD356E3DF64D743FCC2377FD68651F54E1F63012F602AD45C18,,68AD4017CE5B9ED7C073EAA4C70F9AEA86F91ABDA158CD3D343375B9C1B80326B4ACD50E495A6C0147E642CDD25344FC17E3FE766195D970A500E547ADB510E4,,
1,Linkja Project,B39A098B792DE9E81C04FCE6C53AF2B484EE18AC93A88314175DA5F6766BDD1523F828F28514C0AD7EB60CA7F0124B3802223CA93A298BA51E7504459D050751,,0D8D517691AE96A8D3A5D9E84487C3E95C185FCF77B2FD9C3D42C69208DE941BBEE2336476EBEFF6C8E7169A25F3557E031846EB5FFC81B5F53D79D4E15B63B5,,F7AF2D65A1AD9EF2DB74028C274B49F2E2031CD4457EDBCB285F2477962991D5809231443B7A80F9FE559B13A755D0AB1A47996B036A90048D156C4279281002,,740EC25844C1F8920B9552CF54EE3284594FD8087294FFCE1518687BAF7E787FAC708F89347A3F9CDB04A2A3B123BB6AEA6C727C870ECCDDBC71DF1898274E1E,,53162DA3C34A85DAA8E5D13D485D051EAEB4E50A65E4F014772DAFA964AB971090266885BAFBA67941BC1E0C09C1F68F9B3154CCDEF6CD4337ED065268544569,,
1,Linkja Project,CC7FD6CD66D8CA4A84FC5DA84BF861F4165C52E9245E09C132757FA78A1A7950444BCCAD84F3B1AD43A46D4E3E4911BBD46D1918CD95F761340120FCAE66DFE5,,22D04344703F9C12C89DC4B0079C23989DD37C4F22DE327ACFC98488DEF8EBCE6F158990E8114415A7829229D124631703125473683514CA7B131AFE208DD925,,1031F2D11F0685C2BACC69FC35FC5320A769BC276669AE3C42369831EA87B2736F74922084C6DA8095CB009568632423EAEF8558F286899FFD289360A9C8F66B,,4B7A3B7C7EAEA28985C18144F6FBABD104070EF842658DFD87D340B665678EBBF618B78C80792B1CE9C353CE5741B78A5129763E6B5DC17D14E156FB1F1A46D7,,E0A6E1189DF2ABB4DBB152E350D3DA37727128E3CE7F5DD39CEADF4C752155610CAFBA21ADB7796A61C805DC91FC45A0E1DE8B8957B9E7642C292E776D1B74B1,,
1,Linkja Project,5FF7D86341AF4AA42F0554A07DF07589228B090C1809B0B9BE943C180B23BBA205D13C5C2B514569720A3E7E6CE1E01A76733D180F96C05E87157B50D902AA91,,EAC6BEA3E616EE449D305383ED802CFC5272F282770DEEB1F7A40158D8941095E881CEA41BE80D81EB9AE803CBB73A8CB6E947367EAB55F3B92D7E0D30073605,,AFFFD32A15B8ADF5A95542F3474505983032DEA1F9A8BC92DDDBF4DC0701EA0B7A3CCD6BB4BF2AA641514F39AAFB1600462D0287E575EA799BAD9D0FFA3258D7,,AC7C98A10B59CEF08C942F273552FD72583C0F4E3987560FB34A1C452D6A8E30F836A3E219DEEAE40448C54D6EA5616D6AB6E2FCBBE6E461305225F9196C8685,,A30212881A2D53965EF9F6EED1E06056B4A2A759C48EFF27B21EA96265544F135140938EC9641EA45E659FAAA7122C45626718AE40D2071E2E04621CBD97AB53,,
1,Linkja Project,3FBCEB773763762232967753F6111B115AE160F62D20E108DB94F4C6A29E548E68A48D668542CB23BF2F0C278D7110A9C9064EC00BCA5ABCCA1C442D2008136D,,A8C909BA24B86B81CDC694269F891C8532E4D8E53CA7D09DCA8E3392ACB310D1DDA7F289DACD15A95C9386E783F2312DDCD19EA01073138D76A6BEAF108B469B,,6DD72FADCC84C1A4F934F059ED8F25549998C4D64033A2B6F60F70127576ED56FECDA024FB4DF9992E1D69E560BE97D377695A9AEADB2DD8284A33646EB48270,,C968F7F10CD35EB184FC1DF3EDD8C04DD3C5C4E4800A410AE1F44AA95F248220715E8790E25DC2749683FE69AB27D5E356E3BB62BB9026A1A475E8A0B3EA1C0F,,2296284AE56A96B438F9C0E14F39692BAC08F7FDD00C3D4BAED1345C059743DB13A4A7BFA490310AE4D1AC917029E8E2F0EFBAEBA63815B2CBB11F18B825F753,,
1,Linkja Project,204CD7977940A57A1E364583F6D83DA976B95789B55794D06CB7BBE83491F5C49AA08B1D28221C027172E665EC7215073FB4DE60E87206D224E766513854D4E1,EB3047E0B674E874A03089A8E0C4046BBC211756D53D23FC0F7EC3AA4056A5BEB8CC6EDE43099E0DA793A7A92C3E489CBEF9137E204E0BA11CDE7837D6996286,BB9ABBF8FA6EB2A07C4290111B2E8F61D7C31BB48FCE1293E021D80F2A5D2BBFC7DB4B45D66B41B8B203B486A451A3793788BB1944032B74DE0464A5655ADE3B,631B9A8CCFDCF1805C174BA36C37779279742DCA2F30DA0B9EBA2329B6C8DC6EB5A94495B350ADEC49EADA7D0E822EED8CFCAD1A5790023E41696D4A85971720,1BE2D551AF347E0D48385F1FD4F4F50EEFEB855B43D59EF7044AF422A22E0F7542C79AB3E977A21BAF61BC5953201A34D2B434479B73AC6F95A9DCC050F8CD95,4311BBB0E102F1B9A7723611CFAAABEB54797E3F47B7263BDA7106DF644EEE03ED12E575D15FB57EAF7AA08CF5E3169E4F577150B13D617034D35407F59D6D70,81AFE3E85EC1AF5854C7E1E02EAD8090DB3199F403A009308F9949BB539F3CA46DE973BE0734E90FF4E05FE18FB711D8C28E8CFA021011F0EB4D3E05E5DEC904,432D8D60013D567D9238CD237CAF8C64FA24144EC96B4D1EB79E18BB267AEB5F5648BAB75015FCFCA1934ECC7E7619D95DD06C36871E57804F1345BA4877F531,7641C16AAAF55E28EB240577E77351298F5A991C84B69BA291B97488651C7B84D23C22246078C7A4DEBFC60CBA27F97262F731DD63712971E3A2A2858D8707ED,0244F9826935098F33F15DE0A702407A03C8E19584B1F5544DA8F5D6EBE646D4BD360930E5597DE74DD840E54C7CBFE0BEB5EC121D2A89B53211D2617C542607,A0841D8C92332D599F1A2DE395AE7CA9BAB3C740FFFD72B74EECCC276FD6F986974B3C5CE614A52528AE60FED2F2245974BE6AE6D807F7BB660FB245049A6883
1,Linkja Project,8248D0A2C41BEE4AE3125A825C43A329831F6AD9C48AB576F1F51E50F021AA6644B8655DAF2ED5A67FB3C4ED9F0D4CDA14FDE34118AFCBAEF02FF4B5409A38E4,EDEF52F69F4E885E6823B034C41AF4EFD0BD737A7DCFA93ECCFF6FB10ECE3A362F4D99F1B931D86C6EE4CFEC9167B46CB0225D8775F22CD680C66F0C802F9939,04E060F17F996F07962100FBDEA2FFD4C9098D6396597BE04FA8DBD68CFA0174D6B0BECB1606A91F7BC238ABED983B84D930F59AD75E7633F7D32CDE2EFD6098,802F68619544EDA5D9C0D14FA75568020C95837CDAF78617FFF7538DDC94CE4E0A2BC870D217FD1A2230B9A808A723057D080E67C33DA81E3B4491A2FDBA4308,9F655776190B3BC9BF74219756B4D021472A2982D46A21033D535B32140F32AD1CAF9A84A8E7E6F9395E605811D9CE07FB8B1BCA0637EB0C66115A247378D40F,C56632DB0C1E0B7ACE8652F230FA293EABCFE800112B12AC6717B0BA86D8AFE97883730B83BA75635A0157E2D47AF5FD46BF763114AB16FAFF66A2315D847502,96C9B12629A1FBC9313D1FAC432E92AF79B5C4BDCB2A2BC6F0D32E3E7D109581F6AF034D23BF0FDA6E8B8B488A9CB9D1D83AEF591A2BE6C1301981EE53B1DD49,B5027AC04104B550CB2CF7E23C2D098CDF534780398180C1F520FE5149DA95E03C5DFC7053A11AE055CF7C6B3DCBEB696B8A95FE74048E75A0E45AF037B6C50F,0B16748AA02F5F75953E15411F944A9DFED9E669423BDB0E39E137721255C5CD906F43CDC142D7D483B254867C59DCDAB2319F8F24D320B847A24CB4BD45A832,EAEAF43667C513478CD52B8D60D14A24A43F1114B66C1C6DDCEC1745BCB1C558691F882B441E7223B6B547817C39931C87F59D195F6B789F6BD71497D75D7222,65CE20567BB1BEF538AF18EC333FC3E57C8130BD315E07644B3E4D61B6C0BE4E943DD0C708A22BA9379EAAD58C1AE135EC998BCBB56296C01D02505AC1E8F85D
1,Linkja Project,C3710D1EFFC7ED18FF41872E6961D4B3BB16B6D8D73CFB6531880C4D24FEA14DC9DE364F9FAA982A713A4FE7E8A45E61A15BC89900425D423B7D698DACE8C697,,F5BD5F9A44976CFA1BE85A1B5B34B301C994BEF5CC996A890496D247BC6C8C0946664D1E55F74016C0DF95A5F0828E98CF1352A830E1D1A0F1EDAAEE86AFDE4B,,CEA7DFE82FCB63BD1C5242504B4A8C2DC9ACA296A662CB5D391CA4EA19EB242DA7180DD40EB3389BA2216EA152A75DB987CC8F9D7C9084251A67C01CBA3BA80F,,EEEF63256DFD9BE3365599101AA8F1FA300E40DD85E19F252B33E2858034F5EC075F4530149423330CBBF60A940F33D26580D7C910AB7ACCFFBAE0B7804D0E73,,751408C937E59A90D2F17F306F64141411C31A47052489CF4A12D51384A9426E9A4B4935CEB91223F4C3339A43DBF5B5DF3E6F6C5038C3CDBDFFAA3F4DC09752,,
1,Linkja Project,7749D8C84611127B280D8C2E4736B8792FB88B51DB6F88F62ADC299E1B24F89376FEA4F3F66E546285E21CDA263A049FF9A3B640BB83EE67044B645482C48A91,,5EC7951C4CC1BABE1D98E1F9CA5C5351905EB0FAE72503B27A06585724BE092DAEA1B7B6FF5BD14297354DF3873CCE4C8BEF175F6E213918AF025BD5659B0AD8,,835F113385C24C3C82970092E26DFE902C65000029A325E0DE65EED940EEB31C1B95C7EC3A9AED0DE35AAD88A523466751944AFF937D1CD8FCAACD739DBB46F0,,A381960B6ECCFA3C6A16D583449B496195CFBB940B9C57BE399D61FC4944F1C0DCE5A5BB1FC24AE0D7CFA03FEAB37B7B22D356B7271AFA4616A4F1D479920F26,,4561269C3D5E25F843B9B77C3C810232F1F5765B4D10D7D48ED3F0C01E4A8BFF711454790B1B9B147BFC3BA752D9D188ECD7F1680ADD626AB3862010C4AC37D8,,
1,Linkja Project,44F3CFD0F5D3E574CFD7BB7E0AE65289196E440D2674D0C0653FC7021C0DEB3B0E793C2DE846AD70F52BBD98D2D86F00DA6490254653EB904B8E4B8E24861420,B33A22ABB94514A69BE45C34C69E902021E4567FC26251D0E3279ACE7427ECD5D0B9DE8A079951EFDBD901804600624F57556A4F53B99294ED2149FD0F69C5E4,9D946A06242845AE9A37DCE21953F070283F1B23A940C020D556F5DA41A8C925E0F4AE1759A18E4923C76A539B2668CA11FE144FC8C95545014FC320492E6E1C,9F422780F1BECE45F8DB24E9DC67FFD06D4976197DDB34CD2DE40D8AFEA2C6B495F44E57B36E0D99230B761EA979AFAC4CCC9A3E4A3B0C2D2EEBFD156457BA97,80BC5E642945CA16B92CC9827E01CE4452CEE7BA9EA0CDE88A4FDB599CC2A2CE5B898E490ABF16CF3F9165ACC8E6A294B4EA1EF5DD2860F46BF436FD0D8B75D5,FBB1390C22C12C624FCE6B20B8DB3E52FDA8E93DCD7690102350B77E360A5FDB49FD1CAE54CC01AF0783146F7C324B6291F1F10A16443D43030B468725F8C633,526FA31A339B555AFA9B1E2687DBB16F7E5CAA19525BC85F82A7733CA53153B2F0ACB1F639EB7E8264D883289A53E5916B254A810333C8CFDE9E243E5943F1AA,E0C5125E51552B02D09801EF501E18ACC98CE1ED0F6D189C43156825EEF96ABCD3B89B1BCC19B8139969870A86C7E6B7DDABA9DC0DCEB991856AE1FF8680D75C,909ED39EE0DD415AF44FC0C81B4E39170B3A9D886FA4226822B7C440C51A4B2BACFAA52A1C5607EBDD42548ECDEF94D80EDCF660AFC155A326D0CF77A38BBD73,BFF81F49FE865C502A29A2D12040FB439EB6DBCACB0CF635CFB9D9BB7F4DB133E1B68B7A698BB7C11BE272314A10DFC2B97D8717BC0C884FF779292B59B62357,E83638A9D7645782201780E77995259739E7BFF005033D1AFBE343AA88D9E80D286C02E4D2716291C59A89C7EDC3645BD9C91C38575516C30E5E94E8CDBD73E9
1,Linkja Project,210C251A41DC6B4FCF4902A41E47BE11F857DE2DD690A3AFB7FEBCCF05AE217DB94810F6152AEC5724B616F8736379622726E8DB26145E4C3B30E291D5E152F2,,CCA3E3920BC4813D58AF3EF6AEC4B303BA3D93137D32AC0E8F098D6ECA211F74D5B8B24425957AB41745C08BC6A86AAB078281A56AA9D8449D243AA423E9763A,,B3CC5C6112E27F3F6C6CE456C6DDA5FA5394A8B5B80F88AE571277D9D07E844EF2D4DA90AE888BB3F827419781430819270E2E9840889AA5DC91E0CA7CE6EDB9,,7EAE4C6D054E90824E8A8DC7792C88584DC707CD3C44DB2795055EF6CCCCAC3CCED516880297B8967D4C1EA0474A0EB2E1BB61AB7FB70EBFC5E6EC0A6104C028,,7B6064D0AA5419144573358623E2E840AC0E9BCF7D0BC0591EA3B67B90D199EE7FA24497F125EFF0C8A53FF06FFBACA7D16BBC029E820C0023B6E4FA0FE02E48,,
1,Linkja Project,58313E4A771061F9819883A58DFB34AD2B08F6B83A24BF2780A6E260CB266B595139D9561DC2481714919BCA6EE804E3CBCD2038957FD2921D0E1E827D2E8251,,99F66D027A34756CCB06D8AEFD5230C188701A1CA5B981AC639DE0AF44E238A37FDA7A9130828310A247EB31114F9039A70E1187D66407D7C5C09752AAD94B2A,,3E071844B167C154435ECE98037F1910E5F3F3E52E8B28771418E902B378A663AE48C154F51FAC786BE3D2F903544992CF55E80813AD7EA644967CFBE55F4CF9,,3415B71B977E40E6C471FA13DC1908D99012418F348DEF10F306F638927AE0658D61D72D2A4DD610238114E2386171F18D6763830E8EDE5F56E36FF8B70E2A1E,,35CF751C37599244876EB8695D60176762E7EF7456072E6C0C0F39E069319C841E8372E5BAF320E0BF9172051B3CE95FE37F1E8DC6D6A8A832B40D03CB79F62A,,
1,Linkja Project,3B262A8F002EBD83ED8A0F5B2BCC2F5B95E29ADB4BA54376C0D17825E4F86CFFFE05580BBBFF4EA12DDE4D7B2F591D9727636F4F6074469454CD938ECF3840B3,,576333ADE8E9FC108A7182FC1C9747397C0989B742CF91869434AE6787AF8192AB47F135B99A358F46CB0908CFE8BEF3BAC197EE3E87D12293C5B8B1F6D6268C,,FA77B4293D662CE62A3C27D3E2DD12CBCDC0997801ACE8A5161C27ADBFE84D086D1CE95F08333BCD39066BCAE0BC22008271E0A1439D310D154E349CC12506EB,,2F1A44F4EAE7977B05B62A9CA7FF2717FB034AABBF4D994F36C81530B346BC9964E337AD63216534EC934D63F374885E3E76195EA1C74577BFBEF622F3341247,,6D468725146ABBE46E024D69DB00DC3EB35C77E7742CF28EDFCA48AC37EAB6E87FB127B0ED00D5FFA3DE5736271E5CCFAFF15A20AB24A209D2877CFF133205B6,,
1,Linkja Project,D92C798717CBE9712A290A4A2D0A23BD3DFAAEBAB327511BFCF1927DA9DAEB3D5FE4C62B4BAFC4FCA31F9CADD83BD34ACE869DF02051EBF94B9B6E14F0198E60,,E5785B80096EB2FBC7F94D8252928A7E7E305D402A9E1AABCDBA4AF8D2625FDB51A4B0F6187E70AD4674A0A0D59228620B4FC8A68F28E58245C0F7EDCBBA27ED,,5E1ADA9C75DA9D107FE8B186D513ADD291B77404443D2BD7636438B21CCAB7392247709FCDDD03AA7E1943A02943CAC90FD22916E450CCF749956FB854948B1D,,CEB0F1B817A818F41947FBF8C436BAF96A1A5718F3523F10C1A7B83C8B7C68E96AFCCE4C774A85B35338726CF41B97C174C795100D53EE9B150914C67BF3B50C,,447B9FBE7C1E061DFA3517B9E21933564C981DFA49C271B800DBAE2B351882FF3C2D3F7EDDC38FE04583B1A98A2F1EADD2408262296B78A55F5C4765BE8F2FF3,,
1,Linkja Project,EBC781F6B66CDAAFB09920376E7699B9ED3FB91B0EAC4774399B1764BC61B8C94AF999B7A416F8EFFB45FF286BBAEFF733B2FADC45590A090C8A45FE15ACEFA5,,2F7BCF2BEE5504BE3C7C2C3B3139C36C50BB5F2B670DA4D1B1F7D1C1F7211B542640D4BDAC83B724B16B77F01654E7D622BE25AC8990E737A43C2EEBA6DE3B9D,,CFFB6FCB64CDF635F725F53D404F0FA48D9303BEAF8B4F1D8CD24E8C392172F020FBF4E23620C8D246063BDA420EDA82AE9236483C1C5B160C1FDF86AB062B8A,,1B289F598B1E0AA8937072979732E778201FF33752CCB3304AF392F7B30007B998060645F5108529C470FBD8A599E1EA5FD9A7B2D4220D74BCE724EB3ED15F9A,,D433B78BB5AC2329B94D6E9C1D6D2041EB8AB200AE860EDE97DB18B98908FA2261746316645F0C407DE5DEE712D27D411B05BDA94C4358A3C62B385566FAC6F5,,
1,Linkja Project,F9EFC426967D3D4E68A80FA6F6D13F26DABC7F2D9FBEF67D3E5252424424FC8FE4BC1EE8CB5EE3341FBB9CB287201E1EBC5738ACEEA60E337D47719FD7514E91,,2FB9BCDBCBC57B6F57399F062DC1EDF9437CECDC186F36D0F215C697F9E8D66B16C794DE36C03F15F523EF13C21E64CE06625655E9B8AC2BE1FF99EA3E026F07,,C05E77AAD32DD6D0A7E977D4A9D03BF04660EEE24BC5EB4B0FA616B1B9E24CB331C2C26DDFA71A39A8A112A5B13DAC7D0C5FE605A40CFA2C2FEFD97DB97FD9D0,,A14E1EE433CE6E205FFF2BC28EB1E8CAEAC95D7BF22C34CE63259A05087CD35C710CAFA203B752FE756FF505B10AED1618755CDFF5227EBA2D50CED17D6D5B41,,406A21F1EA6669E9726DEE8DC4DFDECD54E737C83A1B70EBE61EDCBF67B82165DFE8DABF0C5AE2B23A4C3B59CF0A746893F0FDA876EDF5D139B9DD66AE451B35,,
1,Linkja Project,2C82FB5CAD21682299C21C6C6EBBF7F8892389BA6BA538702DBA4DCEE707FED7CD33B2B9CD1AADE7F7399B10321F4B2EECBC738F719238F243BE7F66870B8D1A,,C4D086C2DC274AEAE1BC3873A6A86D482BD27E4F54F05805954FA8AFE904F8275CFD290310BF78CEE76770E746C07081459E4A0A5D7177A96ADC2796B911D401,,B22E7B942F47FB1B59BA92672BEF5B6204028C39E7342C40374B5D990890206FF13973DA6741D9AAD1D935ED96E3BAEFB19531F2EA39AC7B7FABA32A9FA9D8D7,,B36A03C5C25AAA8205342497441F97235558242942EFDB17F660C691986B5F2A53B7C4EBE9F0574AC0502C22D137504560ED0A5DDED7E6E1F2E2818AB701A07A,,B96CB71C30E1766B459EAE1051C397AFB0603EBF5DC452F57D272586C1DE6712B86B102906E74369077DF03BE8A02CA55867688C38D2ADCFC0A5FF19DD80318C,,
1,Linkja Project,5182CC3BF0D5F9E0793D579BBB26D5394B7C549E5D4090D65C981E55930B297278AEA5236F2E80A0296BC477656B3B9630D9DA556CC2812425C555CB15D63045,,E48EDE35C5337194AFF2764BD33E88EC65832723BDE38421DC1FCB925BA0A5B895FA95BC72186BBFC4CB44B09CDC81CC8740960A8A72BE38AF31177C22B9DCDA,,12532331CE8BA11868048D5337E1CED2C0A592F3983D7B3F586050D81DF8A39C3EC70F4B51B856A31524F513C321898A7C21A9752928BB78831BE5B6C0299721,,457391BED6E34BB18F6D45B09A920394F8B5F2643DEBCE27979A2A71C1E95EE91D7FC640C642ADB6030158931055E3CE7925D250AC76C13E3E209E689A331573,,F73334B8B6C39A0EBCD440DD5C73527DB2AB3FD5C94E0BC766B1F36C1206D2CC904E66E597FAF99C8116946945170FA93DAE599B010DAF0AA7E1FEED4FFBEC1C,,
1,Linkja Project,D55F9CCFBD48CBAC16B76E38B96464F4AD90B6CCD08D063A189EBF9ACA5157D3BFF9105401634021145E5A31E5F7F385C5B0961F0B8667EF356C6633F9BED0BC,,1B2F01BF39121FD58D15DA890D5CBAE2F2154CFDF27EB2010E6DD3DE2B853E29BC712D468030F70B22AA784D8343E890A849B30F9FCC9A410C3AD96179266C7A,,4A3AD8DF2896C9DD63A0531B5DDF8D091AB6D1058601FD090E324F9DE5947756ED635048DEF5B81CE4341B4CA1858DC7021C5E13801C6D4BF957B67A3E12C58F,,0C8C444504A28C0F56B1E59CB5E031336F65201C2C7B3995C3A272C8398AA93507B840AA7BD82236580942A9B0AC65B6E8B35009D647EDD8F876DFFDE6F69D16,,08853B275488D74489437C6B944D231D980346B39B22BC8CB46965C0CDA252636A9E71EBBA760D7759FF3B2C2E5E7378176847D8440C9983A940B7FF68F4C93A,,
1,Linkja Project,0E7AF068D85C0D699002A696B18869302F2D07F6909A4B228F9CC39DAD0DA1450A25684921BF58EE32B0308480C323478B8B7FB145782AFD68467F040D9A24D1,2EC9FD245565EB2F98F84A98AFCE948A3DEFD8755558CD682126AF628F25E97E611415EF9CF2C881EF27DEDAE9F1FE652AED2CDF3DB0F9BD662B35D2F881CB43,1DB9372A3407BB5B5D90B0AD0CA420C9F887A3248E17E121407714CAC2AF1846280E913154C08B128400DDB9E932BA17DE7479A8DF00D4CD1AE326D8A1B30F54,A8E88EF62B6BC420CA678EE01D13486F8EB07A23B9A77FC6E6CF37EC4601D5A7426C9D6189053E9A9F188D7AA73E6BAEDD38F1AB74D8A989A4BCC8981CBB82D6,DACDB942A2DE65B0EC3E4E8497BA7B5B4590E0AD6900FC74869818FB8A87041FF55E82E3A614379274CF4480BA304832D1A5A8FB59518BFC380DF987E4AF38D9,CA831DA768F9FC0ACE004671F60431F7EA5E7F9133B5EEFBB49CB9AF6125D31840383840B59221DEAF861369215103343F96201E5107AD216601B908F896B90B,7AA8AAEC53BD480F408D08092DACB610BB2BC7B50974EF437AE2F5B7B81ABDBE1E4B2D2647A910DA1C1C7BF79AFD1FBA25280D4060EFB325757559462AFC6D6C,32185410EED23EE34C34982486CA65DA3D46F81EF02F94E1C2692AE0CB7650680798212C571AB83D7FF1DAEACA69A28D1BC4D17863CC3C2F6133028E0E98714D,55DD1D8FF13B4B0B4E0E76214F3DD679BD0CC5338731C4AAB65ECA1BBC5557A7CE6A617CF41DE9A5C3C6830447F3BDC2A58265145DE77B30FEA0EE643F399007,D9F4316079EEE6CD10CB5919F409BE346A1CDF6110CA42E1039C511799CC2932ECE92BD4FAB21A8E0D0101DAB6E8B765446B6203E552E065251B398CE664E42C,BC43818DC99651641DC79430CAD3A22A4B652E9360AFBB05D1E59EFFBE29A0774CFDC5188D4367F7A08164B4BE52E128030021D723AE928A5D9C317379181625
1,Linkja Project,B5F8222F743D8FC76E0A18DA6EA69A83023972E59D8C44B3314616F5A6299464C5D518E80F37CE95D8203C963487A2E2F1F05D60193831E14AF20F6E6D4881DE,,5EE9CD9150F9641AB6D4CC0F11468B8BE841527DB34672B287312FBF93BD5E7613C8E574A1214DB7ECC14DF1FDB2609328DE5F469475F98792DCF58790BB14FC,,56DD96D7897920834266041939DF6B9E66E5719FFA39605F41A08DDC4A96A64F07A7532313B79F2F39F5F478A7593223C0A270228A0292A2621C5FA2C71C50C5,,124BE694C7E4C271551F49388B8031A2E0EAC329D8B9D4ACC87B763FAE1BF67E26378727E4E19022517F5203A72A296948E49520B9911A3582AAD7A7138BEF50,,E5B291838570F229E254B4621498B68DA55EF04C35EB9F9E37347246562B9056B9BC85EE0BF750953233F1049BD3860F6C27BC4B142FD10EBD1466EA615AF3EA,,
1,Linkja Project,5A35807AB696940526DF84DC90534F78A61417AB5549A39B49E07488C725A0B7A695AC9C1E6E4EDF7ED3ABD1E041D46974DB8B961BB1A94FDCE44F622E0A674A,,378B552DA141B4768B37BFDD0AC4E8B7FA95F8FA023C5BF5D54DA83F74C695E17F587AE1B4010B81741A94C832B77D7ECA8C2226DAD07246FFF19E52E45192DF,,DC7A858ABABEED4A70B269FD7211FBE225306D3CAD30AF55591BD078D086CF761A8EB3E9BD0E83980054348775F70859626FEB17CFB1923923C732803AE8E224,,B1CB7573D30691A6ADE0123E7AF59A57E8493C11B2617AC7D899F6E342FF985EAC2450425485D1507786D9EE87C08F56310530BE3549FAB8CB32BA30EDC95702,,E04C50AA23FF43BD35424E3FE6761E52F64C9E4C7667C42CB6E747E60D4F1B739D9B3222884C8F1614D29A5299B3EEB977A108709445AE0FA9E0D51946C4F0AC,,
1,Linkja Project,FEDBD6DBF0F5D7D8572467C314564EAE2D81A1E9F2F6E8C85DC29CADF77298C5B09407BB01187E94231329A248C6EA4616DD89E7223BF184195A61A88694FD7A,F102F50BE7A015E0F826D07D512B4624A011714FB3726C0233672D897E8F4C3B5631E935A97CE1AFCDE5E5D442B8FA5E03575B60748B8E9F3208D5F648919967,01A73BCC3A01E51D54745A9A23283DD795E2A7518877569D1DC7E31588F20A428AD74C76CE1E9E02FBD2AAAD2A7329ACD98F62CE56E0477713F92DED8202340F,14414550DAA084540EB8ECFDFE8B5ECEA53763A937894144ECB4046D68F011DF5E25233C22F523EC8B749D6AAF398B908ABA2D319C1100971EF687D7E61502D4,E88043AC4510FEED68EB40515107DC1100B554D10945B2FF00D448E006A394C78BB90DE464CC2E9100E74397B21CC8D67F4B0F0C612B6861BB9AA78AB6A3ABAD,34CEC710127F674E3AEC47362D767852111285DA93143BC3959F6419EBCB88E8132D9106212B3A8657E18BCBDE08D56D3C7F3EA5F838F583702AFD9F33EECFD2,F85F48A08A03297F3C5DA768FEF49735A30689BB12880664C1E660FE90F00E14797E879166575D38F33D8277778A7CBC636BE56A5ACA5A1B8B102A25730FA7C0,1D92BF669EF65B0EEF4D737D55480F89D32745FC4E2A47C4EFD518998BB9B78A76A2E82CDD0D54925BAE03E0C4E7ACD7CABD102CFC11463F237CBD1059DA9452,79DFD0E55FE76616149D59E4B89D02F1304C2D1B21D530539857D6B58DFEB6F8EB2B7F1AE0AD8266ADD82F5F8E40DCFCEAF5F92D55171027C855BA28AA811AEA,D74D0EC41A4E45AE033C253FEF6F898B01188686C1889490CE83AAB15D3CB862F8C942797C993DCEC91ABC7D787498B704A14231B938A915F9C9AB99177F8E0C,578EFB297E4E02F5E91F52367400A2FC403EB330492BB9AEBBBC660CB6AE3BB67F6DAF0DA8F90DAB19CBED5B86C86E8CAA0CAB0003233BE9D39002625BDC771B
1,Linkja Project,050791007A7D6B244FA7E3025BBFEEA730406A7F70C0DAC765E6A827223157568A59C8F12E3A3C4294ABF7B97ED47C15F1E84F91419402684270E83B916CE911,,92AE5649C60C7B206564588C2A850B66D27AEED7AB7C80676FD7126CB50AB0FAC9B6AFCD85901665E44CAAA320AA5CDB8425EAC321F327A7BC3628B1A4E51A3E,,DDCFCE73EC510D4EA35734FFDCE598355A74533F75903938C692A121E047E892A205CC69834B0E005092FA6A227295306C7760154A4F2AE32313EC4AA6F5EB68,,D6CB8C58771B7C749D5FAAA42EBA08668A3AB806424F9F3355C2B8B011B7372D1EEFC6A14E636F61507D176B66E6E3F336C4457CB4A1AB7110F319A9F7F5C47C,,EB280D3D7E47C1C0AA27BB791D64E9862A7773F50CE93605A83DD6762A29242401017648CE478A9B97DC92FA7E654AD91C0071CE43F173A7A63948A3600B13C8,,
1,Linkja Project,D2B00094B73DD9DA22FE836A51097DB73B388BF0F2A0AE86BF308B2EDD109E83A465A8A0E35868CB73BD0C20654075BEC53A19DB244FCC5BC6829D74A2AB949F,,E00F1270CF7A8575198C14C51FE8ADC4B3E6C9FC3947CB03AD0F0AE820F0D4F1C99D8753566B51C92F9262DC3E322FB2AE91F212BBF38FE1A7906E950F16C05F,,17F20549D47866728D3A5C760D59D98155A3939BE3E5F2A2ED7DEE8628AEC14F10A21973094DA39294492D23875FA90F32521B434B827C0FEF8D88DEF172D814,,EE070CC15D8A22570338A5D66A759BCC7CB82B6933AC1189C940023F932FEA0E3E56587A557F2960BB20551A1173CBE14420CA7655836FB9C7574502EB3F1D9E,,5A3F337424D84EB609760F18A01436DD2F2F3072FE4F35849E21B5788FF69CB4C3B81AD7A36D2B02F9288FA11F95C045AAA3C18BB657C9088BF16CF00B4AF4CD,,
1,Linkja Project,8A4B789244AE8420F8D720F8609A6CE16CFB14DD061B4276DF4429C12EA09104DCFC0A9B60A6F78C5AA20AE1508BF794306FE38BD5876FC3D62C697EECCBB1B3,,C214D36942FFB3FFA4F2E7F46B539E54ECC4FAF2E69A70B8896C7E9212BDF222E9FF93B386B1709186FE897511A4C48188F56397F9DA80BB468E230F0E485605,,3CB8FD344B5A7C87EAFEA8A18A48E2AED79EE273446BA4290D2A8FCFD1A5208650505E5318D9357F9CE433EF4D77B12A403DFC8094EE0A4E70D2E972A92037F5,,565880138A4401411F7BA5A84FF6F45CA719A36849EF442FC215FF9D748AC9B2A55CAAC121B696F21CE8DE88C1DCE6B77C833C74E7E4638C37DEF500EB37D2C9,,74618C0FE389CA0BBD05F8045EF5571868BFB20E7F9C9A7472904DF99390A4D0596482461550A249D1280712AA7B53E35C7B298CADFB2DAAC813E60FF8195300,,
1,Linkja Project,081D4A306BA03FB86822AC66A35AD12EBDE556BBA21C6B32518E60A42FFDB4576124ECDFBB3FB73AB8FFAB5ACAF86BDB331BFB2AB72BEFAC7171E8FA58A49C3C,07E5D13A013AD2E8B4008E664DC50FDF32EC84C2DF22EE1C06D1B118254CED2942F658A7FCBF8DCB4609BC66CBA9C83AFB0516E762F06C35898124952D23D183,6AFD69A7F35284DF13FD1E55202FBAC7B45B8878CCB7028FAF7BE9535644A3D9A4042D35EE87FD91873B79F25BBB4D4DB46A5FC1C2283BFFF032DFB9DC990074,C965A8E1E037A04EB877964DEBDF8FEAB1FEFF606A926751DA7A4D24AADCCDC54450419D49E4C2BE5BCE22C7E17ACBF4E34E693D3F8C66DF9EE18C1BD79A0ECC,82C157B6CAFB1FFBE1E06D711EA0B892697689D7C27295D11223F49A89B727983E2ACF3EA6A98D97BAB8E342D4C67D1BD2B49DFA619B90CEB42C5C9AAE456B9C,4C2C5C15FE84A62ECF9D4BD8AC0F5A1AB187FDCEF5CD65ED1F8A31D6A7E4E282C0F3EA6A04A296835CEC958850F0D1535745134901F7F02A7BF0A96F36C6B3E6,C19D948C53CE17E01AA82828A15EF3B622614D1658944C2BA85970F8A97C1AC21722D2ACA3CC47BA149503A430AEACE06413D646DE259AC58149131914953455,7C7D3B9387F3B2789757CB7B9C2719C1C8A19010AA8F424786AC96FD970E3C46796B3A472DB82C4E8BBFEEA40F6BD6A779A427062FD411300E85C02185112B02,881F9964DF52085922EB3CAB40A99C19B7D87149C1FAE342489A4BA9D42066BD2F4C6629562905019A08F0BA312DF7D2482EA6392608F3A4011E32ABA2DF304B,172C30708DC1599E53F4D086C8608A39DA77255B38AF9C45168574EEF11696964D427AB81E955471AA2A842935931ADBC59220087BACA40B202EB1FA584756B3,EB982709F6D5F45793FE59B0D23C857C50CF27A307388CA1F7D7B2A804DD8F7B6E840A545A5481AAE7D25562241AC870E71A77A2FB565A856C11F1F929F36CCA
1,Linkja Project,E0A83C8CBF4313F55C81212D9DD449D048916781CF9F504022DC126EDE361F5F3B1B2B390CF5A7BA5571C1CD08B1334769BF7BBC7683B839F7CBFA0FCB72CA45,,F73DF39A2F0240608F2C81E249EA68DE2D46D74C90520243BC88E5EA89A7CA70FDEFCCF599CED99765D4557A96EC1A523391B705C57D38BA6FC98742D9AA95CC,,EEC4FD1F84C39862F5251FD23815FDEE1DF43B033F038B6C81DEA43C43A9363954A64483169203612ED9038EA9A69CAF482FD44ACEF45D8E8FBC98885AA0BFE2,,C7758B97232F2F54416F06145040F75A5D2602C443B647C1CFE3D8958A50DA2D05B44D163902ECCBF8E9854CCBB392712B3716C0E07AD6590101BD85CFAAC2FC,,B034046697275288F8F6F316B01810647F64C4C1FDFC83CD322532B52FC7F50274AA583B4ECE55A8F8B7AA5CF836DC3EB917ACD7565768E5A18B3BD9AFA22490,,
1,Linkja Project,EFA7FC062D2AEFA117C3367483F6DAC28F095E5DA00DBF66B9D56DD970BCB6C06052B15520B6C16A6556DE6F350146A05AF2435B1F873D88F20F9139F9F080BE,,3D605FEE03612F28C164DE1A665B20A2AB2F30876D83320B413F54B4D154D98300E284656A7D7A90970EF1EB088062AE80D3B6EE7919CA5BA31FB7A2B379C6F3,,712262F7A730FE8FE6ADB2A2235C5CD3BC16DC60F6922C7F31B5847197D9F0F850777CB6218E2C81267C66484EDF7D913814FBAAD4D9DD9FBCE5DDADA9127F33,,C0856373CE0492A07414FB098BFB208138CF1C79DCC9BCF7525048496660999899A7A08B543BEBF641356E9BB35BC18663E20EDCD085AD6576B034766F3F77B9,,43A116498B6218BA66109A5E8BB1F565119CA3A658B6E4A7536BD738688D511B58BCD278824FB2667EF860E6770EAD986122E412E73060C170226735C0A81D46,,
1,Linkja Project,59E125562961F2745BADA411857484AAAB375B0C1C05DC90FF4954BDFA354258F00A115A5F7E86EF3345FD8F9DD487B017021C8F688D9722889BDBF36263AB1F,,336157E5638C9FE448E8CCACC595CBFC4B71DCEAF1EC34EFB40162045A54797EEB4442CF63682583D6DB7156FFA43B5D799202B72CA232FD0394842A55FCA14D,,F213EEE8E1CEA242C8DE49DC51C8CCCF1AFADB4A2FECD965A3712619A776EA98DBEA65151F883ABEB7DA62C7069A69F2010716FDB6DB29D3F9648DBEC9520654,,184B81FF49543B39796AD60748F0E9732D5723B3FAA00FC2FBAD7D7753425BA0091940F3F374BC31FEA1D0D3BE3B53341E4514E6100FE1A424C6BD80BE54C688,,59C46108E57AA87B9CBB68592EE25CD0F7D3A71CAEAE5AF8216734407B258F02114103C611C023A0D85230F6796A828B7D8B6722F4AA3B808047F9919C2A75D2,,
1,Linkja Project,5BBD3D435F0B90BE9BB1052BEB83F4E22E557E2CF43A44899AA578ED01F4ECDD5BE63E9937E238B2B22D2CFCD7431E01EA71ADD20309E0F488525BB75E4060AC,,93A360506B7ED9CC5727AF38372E77F43A19721E5970BDA3137129B916878ABCDF1232FEB7C7443944405D9A71006D396F0985820EA9188DEE1674087AA4E497,,7C9473853979D967DD31F3036082C6542AEA3DBC92A3FD10F098863E6B12FFE90FFD16824E8F2A5E03D789B63D4FC0E2EFF5B182DB04D501CD57F0F662357691,,D79BD1C52D324ABAC77D21A810133CBC8810EC187370DC3EE283CBE87688DA2FAC87F0DBED77FF64F2E42F79369EC7A3787CFAF3754E697D6F0ABE0BBB732E06,,6D7B1331B7B4523AD79311AC90ACB2E21ACF233B25E60BFB5E20B569223000E8C0918E05F21DB3B4CC4F23159057EF2AFCC1C9493FF64E2A975BA815C3707490,,
1,Linkja Project,FA1D426C05A979980D214ACE610CDE575D8E4926085185A5DA512583CC9EF34CE300306B8F04981AFB6E8F11701D6B067AD81476D66DB9EC781995864BE6F541,,D1E019B1C792154D3203BC694926458B6A714D0FCE83B87C2DCC4617E988652141231EFBEB69CAF6C29D452B3D45E3A4332F2D4D7D285F5D2DC174632EA8A84B,,951E0F10CAD864D3C0A478249BF1F45343D91564522518532CC8FBF0E03BFD26CB03C2A582652ED0ABCB915592A1723A5BF06C0841EAE25A468F7AEBFB8EABA5,,401D9E3C2B08ECA8C3E9EC2E0C6C4BC32BA1B9844B5328E185E35ADF57FCB9A2167B6EE68C7DE3B0EC3213D4D4866DAE586758D8589709BA1A569FF563B7F738,,8C9CDFA6CE7F47D5795775602A56DE708C5D268F51BAE753A6E5DF5A69851BEC2611C853CDBC0BF8A2A9AEEF6FB47EFF017DCCBE7C179092CD4FF39BF7ABD73E,,
1,Linkja Project,C2C1B4674FE71C07A728A3E8AB505107D634A0678A1A694B4218856A75297C74862183ADFB214B75BB26E26A4EF189ADE2F6C1EF9E79A0EC46DE63F8D8BC4912,,8D619B8810AB308E8377DE9B04B6D8437EACCD6038B5A5FBED58206E649D4A8A422E39E9BD8C9405032B17A203A77C842809649BEE9314D04C829CFB7DB92BA6,,19537D12274E28B16C423546FF269C1C2BE9FC33C7FDC6317F320DFA67BDC12E001EE0ECE63B46B6C91F446C986293FA9ABEA77D75957C358CB6AE7CA45B6E48,,07539A6F4A9761DC4AC6CE82662CA6B753BEF104873D086B495FE0B39F73FDD466CAA52549084CA9DE911538E5AA814FA0E6DE36CA10539DD52DE217E6082BA0,,5F2EFBE94F48D87BC5533A15DFAC8F6CD183F4D23E138D777A3555FC773B976A3919852E0A8610EB1AECC173A64EE174B1A0995418D4736C255C39500C3EEADE,,
1,Linkja Project,0B2363EB201EC96FF749406EC13436AC8832502755DDA1E8D19B50D16BA76F44D7C8B20270BC975B2372516E2803933625A20B0A8BEE65B55B1E4CDF8637F5C2,DD6BD8186FD5C534A24227576E52A81D6259E0D4CD535EBA0793C49B0EAFA0CCF9B9A393A0DC19F62AF1A925ACA81EFE606A0714458C8B39EA040FD5631F1841,3D12B87D45315FDC0FA39126E40BB888620E73F37D968394EE911497825BD5A7AAF0B3829D6DBBA6738DAD30FD722197ADC41E03BB984E2BD78B14DAADC4A9C1,207AE0E145F429C637B65E1401583C85648C60D288EE3D1C29C676A2EC5C59E48BA1CE2C496C2CADD154AA2230364A469D59B130971106FDF5ADF72690494BC0,464DB5154FF179356AE2CAED20CD9FE3C42884538FFBF977118FA66E030743FAA7D7B60C143DB2E5FED8028268E2619F69346088C2B9A65E13AE7BF6F0A50C39,40C3098B964FD9504043D81638FD62BE9FD4DEFA59ACB8FEB621A4434DAAF0744B6FFC98D5C1FFF523F945159CF35EB25ACC8DF53A37DFE25F58A0D67BEC6142,F519EA4C654D10F34AE8915D30B5C32F5791660F227916121FF84AEA06F45053734738F8A705B932F123F3C53072E193EBE8E1DC96A934B8ABF8D5375DE04F2E,8D5CE7CC1DF72B25970416FE6681B0626CF9872A1628E75AFA0269B4C40BE8582C98F80730CC313DC05D886BCE71AAD7903F328AEC65AF60EEB9927992E5788F,CDF9A95B58B6A105D7B922E7BECBA57390E8DACB012D32E3F1E0F7EE2064B5A8301B3D5CC0513020765DF0C3F78C26F0304D8F473EBC9A8B257EC4BECAD92602,AA6CF58515C41908794350B79CD1AC19A568806F71B9AC49029FFC69D4861B77A7158CF6C70EFDCAF433F8ED732F0A248B7FC0CE4E5ACAC6F2DA0944F86EA285,EABB3B81720076C4F717ACA72AEEFEB66C9F6903FE0814732AE647CB4B4B9B4857AD28FD1518A8FEF606786DA04A53F6FE19D53C76794DC83345295C57F11448
1,Linkja Project,D6AB0307CE59140DE3B1118144672AC2B714CC14CAB28DE3A16E30E814AEDA18D66C19BF6F448A09DAB734184E523B3C3E1AD7F717B8ED6328982F47FF8B6639,,ADCE68E52F2989259A90CFDCBA16D84CD5262B5266ACB6BDAB7AE75CDC85C34001F7ED2A717162290A30535F9756C3338E6245225D718B0192FCAF5D2E5E2C23,,4B50F0E9CD762EE2ED6B4C157E42220C8D663CD414B6DE58DBFE817F091A26ED929FB80544DC11470C5D495A4B9F37F6DA9FE58FED322FA0387E1512CD8A9084,,AB507D1428E9B52450EA28E98D9619F0495B879870750F80C11CCB17CB96CBF36033BFADCB336F38E036F9230FB897317C62C4512F6765CFCFB30FAD8A8A6085,,7ECE556295D8C7E7986F75E1B5BF1AA1B70AC077A0C3D0D16FC34543AA965356124252D3F5370D882AF376E322807DB768CD0AF2E18DD3E19B768F9588075810,,
1,Linkja Project,4AECD2057C9430A423AFF2B92B65E3F03E9EA82384BE012AFBB4FA90F9CB73D989962E2E9AB4CB950181D03767E93F0CF72D6AC22D8283FCC4C1A03975F8B696,,57CC5377477589FF23855C395706DF526D09DD05912D42F9BB237EEF336F7231EA9577AFCBCFFFA66233405F958A10CA241830CDC65C123932955E7FCDF8C39D,,360E783CDD7680EBDA847AEBB756B11700B98690A96CAA8AB5695AB6AC2C410F5EE48CDFACBFC74D8D509DEFE481F235A88570DBAF0825A8AA8B1676669CCD67,,39BB3974D344D08785653EC9553BB7EA524365ABF4CFCC2A8D002BD33044268818E383C7E36AFE9652586DC6A5A0C5590DBDC431B82DBAF6832331AA328F4EE1,,E5006A2511F4BE3A94B4BEAA671FC836437C69365F8DB7C4DE81F441476EECA0C459FFD2B5DF89C96E7165215D188F131B1A2728B427E932550821EF966AB7FA,,
1,Linkja Project,84DBF0A797F97598BBDE2BB20F57F1502F194DEC1E1B77C11E2BB45220DE48AD3D31B1699D8E268F1698C017B584015193D811154C5068F486D2757942D1AE58,AEDED30CCEE937B2E8D25EED062F1FCA54DB987DE02115ADCDB4BB3DD3E8BC5410378A845F7F1EF42DAEE69B782AFAB1F3D8BFABAA912E1450C3BF55D7E7D6A3,E5917288380EBCF4F88B6565CE563D4D2FEA9FFF30B6FCEAB47CA948EC8C8412DF54AB6FB13AD8DF57F7325B8D56DD8B1B0396B25C236062CEA6880C5EAA6CD6,5FA056904DD67F2B074CBDD10BBE9CE92122B45A68129CFDDE4A030580CBBC725E499274B48FF37A0E537107745CBE077ED73582B9FEA2437E88AB1A3DD23DD6,A966D6D61845AD653A79A55AEC1E585C8B4AF44C67B6A176AC3A97886929876B0A3010A9E3AD78C7EBF048BE1D66F537F02A7609528D7F74F841B66F6CB8F3A3,0A62452FC0D28EB69EF37A9938AC6E10845A8D1FAB1520607AA6E7AAC9CF0215882CB5A83B4066C0480C5006A7C9B67EEE5A7511C9DA04C93660553F26408A56,DABC18F8934126D426F7325D8932407C6D1891B6E6787C2FD41522839046AA6BC01EB1D0A497222A708DF3EF0D24B613A2A02D15F24DC03C660B88593266B344,4F795BE9099B4661952B77C842C8558B95732EA24703BB3C54047DE3E87B419A3134AFBAC6714B799350E0A4B337F4F7D213C07FC69F14611D602D475C586640,BA46D84ED74EA9EA19282E8599CBDE116D66F276CB6C36D7C23300FF24F44566D08E87C9C9632EB8A2DAEDE53D080DA829416E2DDC4ACC72D935DB1DB9C61DDD,57F106C1BA5A522C13DA117B0915A54635FFC4C1631F47F02C348110EE4E07620A7B40AE11F44CB005C62AAED20C4C6A7077CC5EAA6390E2765953B69305F0BD,AA91A65F039C6E1B8958D2881B676AB49D666EC5D0BDD99AD4D8A0AA1D43C82169E12F38C0C16C3BA0AC584822AD763627A41B949911E92E15A5A34D14CAAD73
1,Linkja Project,68F26E61D85AED5659844731CC2646EEA02B9074EA25FCFFC915D43D880BAB24B1CBB0E7A16287460D94316B2134995795003518433C1642A77E46700D6ED2FE,,5D9A3ACE9F51FC168328E0AD5A49B71A6332F1F5E6A108BF76B2CD70C21005F3280862A3FCFBB190758C1531ED5DB1AA62F1056E97B3372C30D1E80145237EBA,,1BA63315D5663906B9D4699A30832384B5C993DFFA5266D8B8D508EDB4E0CAF4755C182D48DC5C78A7E2C32F273237E54D657029947D42B7938A5676D96A72D3,,42B882290D20DCD96DD963DFD0D0155383BC702E5BA8A7719ACB841FFF9D3404F347F7F27E8E693046AC4A8C2BE6C035AEFD1FDC6EB16D562D86815E4603CDFB,,7FD8F912CA3A14B43057FBC7F30C548A6BE256CE7DF102A7498E3A648819518809F8AECF2F199501D49AFBA1C9EAB0CD81B28D528C70B8462B08FF1F7D4E0065,,
1,Linkja Project,4F04ED40F0A51AC1FD58F5E68F551C9A2361E2DB65B6832E297441DEE482E2ADF1FAD6972C7FDE0AB7CC9393BD7CCC46F344AD768C5AC8174ABDB49607CE9922,0CE631503E101A333B66D2D33059DF8347EFEADCE2FFE3E993482BA9104F298372191709DADC2183A777684D06395DD9B0C56A596330E16133A9ADA647FAE284,B38D518A7D0D327F87C8EBD047CF6726C7C676C34863420B4A3EFCC332ED72DE540EEC7C5C5E3D5DAED3083FA0F8FCF5B8E6116819060552006A9D684E241FCC,897F06D299EC1875E20A32E55B2767F4B0CFBA7EC9C7628E03C2339F277D4D1A8B0048B52F2F91E30EDB181B5A94F6BE2F52665E7D012A01F43102E566A46885,6A50E24C5CFF51989C656E2C089327F075C184BBDBFC5CCD5FB95338912927BA9D2E4BE7F979E1CDB2C7A44E45D2A70F6579CE919247C643900AB05E09B8109A,DDA6A19406DD17FF60D268680F3967BE900DE2B22E03F40D5A4778547E7A0275CEC1D701A75B973A3CD8DA546BA4E914CCA2942CD40459C7C88D6ACC8D6758CB,3BE07F62454D25C0BC0CC1DC3A65BD704AC8377CF3A78E7D0B8EBEFD2FB101105D59F476C0F8F746714437C77EEDEEFF9CFC11A50A1E1458303E3221F97116D2,D6974E2B004B6401105DA7B6EA032D19A88F281F092E9C7BEBB16C15E2466B0931AE5624649D5D64FC806CDE3A77A424C16EB3F507D445E3FAF42ED2731E7F23,873B4FA887651F9D8B15660A190255B0D9BADE8188751CF9C8E008B0E54CBAABE2BCDE289C6E1A728158A3D92C950703B2BB56F5FF4128A4E252017F68EF9F48,2A7F7CE2C7E130EEB8159EAB92F1CFABF7270773403FC605D569B692C83D9DFEF8D31523F70DF309C4F9DE14159E5E4CCB445A565753CD685E6323DA1DF9BE67,C45B706E46E954A86165029C507F4AAB13026E9A5626D4E5B9D8448E9E2A18CD7D65785902B8220290B20D751595C134DBE1327E684B5B0613DAD24155BCE2BB
1,Linkja Project,D41EA854F888B27DF52C734A4E2C4972846BD353B58D96D9A857F825C28883EE7520F555E089903B654EABA14DE87BC703CA093C938C869ED95FE359A03022B4,,75227A8E1AD46B29D8C47F7FAE55767E93106D79DB93E9706832602D3BB389BB654B96C41BE6395BDD39BAE6CA4654B9B5FB159358C5EB089143DA1EC00F2B00,,32CC6B768FB352E5DA37BC326FFCFCC0F249D26B075A65F802BFEC601A6CA2E2B6B9E86AD23463A1D642A45044DE4CBA3468FC50C08DCFA49CDB51FD1C0225DE,,93E888C766D94E3F68A9EAEA87B67A20491F95B5C5D77C8FC915262AD1F83A23DDD94B69600A86BEC329585B0D383BA554819CD5AC1AD2EE4AD83484E1F51926,,4CC38CC6E0A6B16CE3520CE38EE6F3AFE05148A32527A99BB1C9762A837C47F2C2BBD427F77C4F761C49F85048D39A76E988C4C2CCFFF8E412992472A3C7414E,,
1,Linkja Project,63EA3929E2E1FCD26DE4F36EB65A27C884BFDAD5297971925E9E4D69B067C829E2C435F5BB6759C80FE5B002BC3DDFA1625E6585D9B205AA198C73BC7BD63BDF,CD93F5CDD5307CFFBEBD3BC14F48899591F7BF08403BFF66FEC39B9D40E892D51BBDA2FF27193395F04730E5ACC8349AB40BE9F35D298FC0B6D9B79777D984B5,C0AEA46F9775E7271BB955D1B0F0BAE84AB6068EF0097FC2E5834689817E04573030E7EB6F1AC4D3A73884F70C2B78A028957F771AF47C0C18D0993264AD06E2,54D3C31070724C0F6B4660AD4E38A41EBF5B21D061F5BAAA022BB254ED86D9D84E025F8A72442E4EB834B776F840F370B119C1818B3AEBA3C72ADC34472C45AB,AFD461B38E4691EA78A47AEC62646AFE34A30E0042DA60EC7310CB315FF6594991CDACE5409DF9B93BCC0CF53EAE8641AB66CD156F8CAB8BE48557EC21A5EE84,CDAD3CEB4C395535C00F7A5ECD65C902023204E8E54F2F97B98EB9ED00605AE57317ABF0B7FCD99EE3FDA2815EF8B00C9EF1D3256CEB01DF54EB29917E94B477,CFB7AD82160E8884E9381E4206DF9BEF8587EF829C5CEFB0A8C2DCD8C0FCEFC0D2989E124BB201ED41A802AF7D4563F88A6129A40161CE751F9606A4209E0CD1,3270B4205094B6115F2D31A275A82BCA67CDB0597DF05A304BA3DAF2C74DCC68F11187FE4A4A6644854CF49486A7DB0A9D8DC211BED555A622567C81EA7A91AF,40E6A7D8068D1087C893F09779E8DC90F12B831AFA27BBC33F535743572AB9976CEC50F413538175D832C461559EE42C9B7B86CDB57E01304F7F4BDB07640F9D,0520782F005F2DC63B945B300E162854CB484604C51CFD6D2DD69686D6E7355DA6385F148B197ADDC7C573B7AF1072CC2861275BDE0F6B0F2D6CC05FF6600A4E,DF23EA2EC7D61A1366D3CA236DFDB910D8F888FDB979D7963656A8344ED021E0E94B077EA09E0A3E6BA49AE410D2655DE594E29EC04642A660E91B01FD540D22
1,Linkja Project,DBC453FEF92AECA9382F505028F8FF8320E95334BA94A10DA4C95E79B2319463C19E26FC94D42B113B88212CBEF53563308C69F13FBA5DF9311200DD30366ED3,,EF9989F29978E562CAC042CE0566A6CE6FD550A857DE13CC2206E9187AFD465895626AE2B8BD1C7C4484FCD41C5EB3958B70663CEC644F12445E0A7DB9A44380,,D3DB5DF28296CA605A9BC3B79E28B960409EC3B553B1D5FE75BB2D52ACD183F17A4C47020F5BA75CFC6FE20C5907B8BD51EB50DF61BBB36AB0B0D5749E6FDC7A,,F780EADA91C4275EF1BCA6ECD2BAF313A24EF76539F2D09296606051C5B5512E7AE043A6663CD4941660EFF620AC6FBB7D6EA6A0AB62C12586B1813770F69EA4,,3C6294BE46895F8BC0858BC65FC01E683C5322C5B549598E8CE9D584A90E875A72A84E93E946A8B6ACBA0A767EFBF234FF88BACD653D4F49A5B34DC54534DAB3,,
1,Linkja Project,083CF2D64290EB3CA0F425E9659F8CB672F59FDB5C259329E628CED574C4A6E9B620B9D9C89EA41D502D04C8838F26BF38F0DD7D95A52AD516F2B458B7F676E7,,F2736423F196F81A26AA278BCDF6233D45A0EC34E18DDA8B44DB63C06A2FC07568DB644F1DC1BE68D2321D4E8FE6DA7E4E92A913D51D86BB5DEB25DA5295CEBC,,133DAE6D392EC5292825A1BEB5E2359314CA8315813C2F5EE89F794245F4176C3CE52BC1F439C2F2D33AC5B8F44D90E92BBF9580D484B87B54D22C586C251CB6,,F1ADBCF1B5AC579160EB025C96932229CCE50590B0120C68EF5362A74812E14FFD972DD708A77370AB4BDD6BA85D8FCC997C361BE16A25629CFCF68B3DAD74A1,,0348852B43CD29D6C32FB96777EC65EE3B666261210C612DB9FC2369BECA18B88F99FD4F703B4754060C22B04404C76E4F8B8485BA6F91821A4A2D18F20D454A,,
1,Linkja Project,23EC0EA6AFB88BF39D8FBC016C7FA95F35523DC12EEE254D1F8F4567516738C60D4B9BD63440719AD9A90EE2DB7E4EA650E918869856E0E1A274AFAE9AA4F32E,,691FC167BEE1D654F4037879288E1C5DD8896D03ED61533BAB692386AC39863D3AD81577F231BC02D129F125451A8A516B2F87CBD6E180CA45D5E7D38A20D763,,13AEA83185BC19445BFFA86FA87CFFB30D54CEA5A2E70B9DE8BA4FC3F4396577E99864266701B8935727D51C9656710317959803B0BD15245EB2EEB492FD76F3,,B858393C6EBD4B6FA89C1D3C98A1ABA531FBD985E11D458CEB08228F476D80F49C1131540439133BA3C5C673D511BD403739E4B74D5206CC584544BB2659087E,,05D3B22E65F028B4CD1F6C622AD6E68278E3FD1451EAFEC0C83153F478279665D94363B07A0BFA10BF69FE8A3FB3AB321B0DC339CBE4E384E025225D15B48BC4,,
1,Linkja Project,22DEC1B8CEDA80E93963E551979393DE1EBFA5BD30BAFC3A6AD5FADA3559153A0B3071C2297B5A050456C7BC1A2FA3D168766E23FFD67F982644D98CA2BD34AE,,B821B776649CEDDCB8E7C033988805CC0D28B740B4AF1EB8FE721CB2F521B28DA67771C2F240CAE147C75032C8E1F70BC385734F9CBD1C518C5B8D858AB85704,,0AE001BAC48B6C6060D78D4D83D33A4FD9DD3DF98AF4E7BA08E10B31EC324D4B59D6B693A0CA8C3AE95973AB1D5A35E83C1D004BFB241A30926A89F283A7A03A,,142D3F768E5A81605BC02B44689C44569EE05569F74AE96345C27E96FBB56F73048937FB5EDBE54160B56310590C042AC39F34F11319032E1CF142486E2609B4,,107D5F0C538331FDE510A4B5564B084F7DCD01AF11CA6B0466948DC8AF7AA9AFED037AEC6FEE9EACE38BD51E401BFAE2BEBDBE75AC9833943DEB47AF9751FD6F,,
1,Linkja Project,1BB53D1B49075207933467BFCB360358C04CDA7918380A3DE96C40E474F9765A54EA0662D58644838E23E5743C2DC0D4A2AC7D28524AB255A9F4B3C2473D7251,,01D3EBE82B283499405C8EABE1578589CE7656722C2C71FE2C18D737A9890B522CC1EFA24FF011167FA16D195B7DFFD3B0030B40F7A1D46DF6CE51620BBEA5F6,,B8C1F2BF1B0FCF13184ADEF19FE9E31ABB71C68DFAD653BCA2D5229EF90F33AA3D5473E469FF9BBD6E1A709F4DA0B07554E18231A4F5CBFDA6BE439B5D43773E,,A813B0ECDADF24CF75F44344FB622F352B276BFC1F6B42E59753826B02FCEB4B21F0C75AD1622A0BA9F88E798833A60E6546647B3F236E0E8E849377E3E5A1E0,,66F6C35172AEB922202E7E389AC6FBD360FF52F057AD0F0125D5228096E153740BB1A2A56BE3114C9037D033F3652359964DB77C49DAA58277866320D08AA655,,
1,Linkja Project,B3D8B7BB5CFF78FE6BEB4C255C624C5953B3B3F24167405E5BD8934A5C131A264A1E8868B12C0F350BC6C45E664E0549B2AADF1912539BF6E5C4D7E5AAC0011F,,80FC329DAE31F4D64EAF2C1A774A80D3EBCC1BE46B03FEE0B11011046225843017C218AEE86681DDB861695FD7C92A14567DF258BE0AF1B6C763F7F8305A276E,,432FAD82DF03A5CE26D07B8345187809BBFEB8D25F89807340EB092E6CD64BD483B00F6038458147BFC03FE81AF19C75F0E2018D8814436235AF58A0F6E46298,,8278B130424C20722622996DC7499D6CFB9AC2EB4423161741D24A7211D818BA7CBC22E6382EC808495675866A238B058FCA99CC8F10BCC02FEAAFD7A45260A2,,D4746A550C4835791F1DBF457E164567562AA928DDB7B3D34E63B6369148C9BAAE831FC2D7892AB115EB89C27B514E5A3E7E11EA0A3A32775BAF60B17C078B2B,,
1,Linkja Project,FE864EDC3EA5A4E1C1C9DCF7D46CC2381F698D13B2D869D4303CDDB0A24BFFC6A156C9034FB3845B382A4466F1E7D33E9291325986E132863CFC8EF2FF27A10D,93FD4C7EEDAE4FC607D7CBECAED636C0FCDD508DB27464035699605FFA8BF22ADF6265C564434B689B0F0AB9CE0C716D42072794AE357B4B156C0D762D61115C,D0684BABA0369EDB8804A393C7AFB39BBAFF61C1A7CEDF40EE45E122917F77E86002415E20DA8FB0CED1878B5E2B488FCCBEF6EA26F3EE47E0C27DE5ECF3FDA4,5756018801508A676B583C8C6D296EB62A8303685CA69AE606EEAA41035AB4928D606DE4BA50B0F6F1DEEBE23A8030C3FBDFBD30F72C4B528BE486CD98B2D0ED,F0D18D83CB1F23FF1EA44463C6903ABC74D7ACA524A41073468C7B6C5990924B36AA10CE93EE14CBE6B9780465717EA17906CEAB63A777DD3FAE40CFDE58AFE9,67E3AB8AEA82FBD246C21BA6319C729A661B4E04835C59C3653D5CCA453D21559014670FA5F83293FE8E4A77C80E028F7AFB407CFF9D2D079921F3C38F2B0857,3627ED95D793CF04E5A40336B276E5E2B7D2328A25C1BC939CC1E466962654571EFCF9393117FE0017760A7A137FAAAA888B542BCBD5BF11660DF63F25989B2A,52FA7CA76E4C7047D0F1D2A88AA55B8A11FBF18CEC6BE0874980C266EB35B5A6680C988F9E9B1FD8C14F124A03F23C4335087CE57B1D1828B3182F240D5382E4,3BDDDDFA69DE9CF0964DC4F5C364A9B5BFC5A15CBE0649F30176E362245614798141A07E806A60136287FE79763D57643A2CB0E5DADC3F3EFFFB35825D8C3FE8,3CC029A117D8B0DB1A6E69090D685FA385EFF9858DA87714FB6F0A320339BBB8B85F643E0ADAB72280B813D9CEEB27875D9265BE35CB12AD5E87F29EDD59C3E5,EAE13E9EC3FC622E00BB6E8920A787D1A60AAE259EB009605F7F9256E94FF858F9362D428EBF7E3256F3202F47E559D0B93B7038278786CFDF3A9FC8FAEF6BA1
1,Linkja Project,D10E5E359FB652FB6C920FA9CFE877678654FCF97651EEDE8746655DC2425ACBA20FFD0AD94310A4EA288E1C0D6FC3C6BDA583452E55C5252F5F007CD76A8630,,3566BB0AA28E42EDC51635180A9B90F58CBC7AD21F30BB64A15EA1F79B48B02ED9DD718659E75D646BC4563990AAB6F8799D3EAB93E29E73A7AEF28B2B3193BC,,323CC863E2B4966BC54F791B48AD76A6E7422E86CEDA3485B97E47777FDFC722A3C43F74E9F6801D8F186950B7D4CD38F1BB0C3682A8483E9A6F31DAFE588703,,548A3F18F4C98E5B3D133BC538E3F92DF8EDCCEB341D14DBDD5EF333112C5A332BF0546376B5CFBD36B6A5987EFF744A94676634B7493E2CA6A141C288AE098E,,53182451211914803AD35C4FD6E1DDE08E410F387556BEAF6E901C7ABFEC452E7E4C4B7448E0BA10074F82B5D7CF61B278B13FAE20833E7283F4E79F038ABDA5,,
1,Linkja Project,41C56C7B290F9C2D7EB6F1DE2988392CF7CA65A82F33C5739B4D40578147E9CB8A1AE51815A860B92F7CB8EF04E7D8D0CB739284DE419A900C1D53E6233B82DC,,ADE7F8904BF37B053876DBAC39ABD624590C9DF22DEFDE2890C799B8957FB045096A6D8F226D65993D2580F1F6C6ED84D482492235799BE867A2475BEC2D237A,,216A8ACAF3A84CDB6341965E9C4F9A613F73232503AAC71E87EF1B7B3A3E319A9801EA79919E1FB712C3F782A0142845DD1BF3F6ADB8AD1CA3522B30A49D377B,,7E6928C2158DF4D2EFC8ECC1C1DDAE16F4173020CDD015CAA48B8156B330C3F95AD8AA6DB5830168BD1EC8DC8FD7C340CF8E4D5BA13E8354C763239F15AEDB57,,D91E2CA16EAFDA11B5588B22F3E7E3FF12415D60FEA4417F0A817E1F5E8223E264CFC08623365DDF02EE4FE0746FA0399CE57E147D1F29CD2687A2EBAFFA1410,,
1,Linkja Project,DD57CB6F5B9A2BFD82E857E381312451327793F511C36867D29724F033854C0944354A2725AF63722B0EE0CE75FB786558C03EFDB0BD485C22305CFC810AE647,,3A2F1A7BE60970D2344F8D5C8FB27EE958F95665F0C48DE55DD7CE3F96B9AE685CB4FDB0615A672CF9F04F398F9F04FA538C7A0B8805401966E4F75050CA1D7D,,A081DE0AF3AB782999B19397FAF765A755D6E2C7399F569ABB96D6526B9C280AF807E9674EA6394F37CBEA3E816802DADCC71376553CC2DA28D1E8385CE8AC5A,,C3DD10F6B22F057F5365DED5526D15AF924071D1FB11D86640C85261DFC99E6F4B25775EECBEBEE15553CEC323FE7D3F01C5B21FE7F8640F863B057BAC01AA7F,,C198F7C02D3D7435C78E2412A20FFD59C8BAA95C888B180397AD1789A2DCFEA33B927225741525B5842FC58890D34FE10D60570492C975235F121563BE02C48C,,
1,Linkja Project,44B974F6EB0001871220E4E605497A5D8E134884C3DB42F0B16EABDBC55D5494D94572908C9D94A6B16991CAC818F83AD5A36BE389C61AFCF0A1E8B8888A3BA2,FE5F96702004AB0F17541A49E215885C96BEBCDCF1B8B93862E6FB34F19DBA6BE8ED2B87C385F07F6F3A13C3A6899B73FB4EB12E7BC87F7C77FA95F1445CC4AF,69E3420EB4408F3BD3CB5C7897B11EFCAA20CA2DDC9757681DAEAEA0FEB56B4050D6AFE4855FCFE9592770DBED610E4A73BE2768F2F0F29D30CDE09517FE3166,7D193CEE276B01142D952F8F526BEC10794C6E4BE47BE9DAC4179D1E60F781031AD5D28EA6954C2336C278E5FD678D86D9C9932F42E59866A46227ED70AAAD24,8445E0C102E7CC7F6F9E6C4450838FE4D51106CC8B3B3931298BFD1C29F2FB46414A8F831FFEBE95CFC66CF22CE40023E9D098580B7E57A55BCF72B7E842F0C8,242535180E3E9D4787ED6A49306136DD225B11E77CB5E54D4C606E421C94EDB914AFA1FCF4E46749564A137CCA3DF015AC9559D08AE06C00168A8C41FD5FFA5F,FDEBD0C88ACB99EFFA5FF1CABC27053EDB653B1795AD098717417DEA344D28903BD546FF4A99C9487FB7042460DB6F2985C28214A398A16B35E3A3AABD69562B,E9FEBFCC5AF6D64533B38DA265EC4D0A1CB0887F1B7733579EE828BB2D2EE0D3198DCC02E8D6B4029A69F2092274D8E7A632181B1BDCD071A73CB9AC36CA45CD,DA1291969689610CE37889569E4EEEB38BB0A4D7E6A6C48D05347CE30B5F47D51C9078DDA6772684342292C3D911B3AC25D753D07F9F84906AB8B91633D52EBC,8CB2BD09C0438ABF8404EDCC70CDD2F66DE46B832CBE1640CD1742889EE5CAE1F0CA6B69928AD3AFE1C62336630F805397EE52E15501DEB72C28AEF5410DD0CF,015BB57C5C2FF02FF7355D43511380A8FFDE355573482505CB352562B4030A5A32394D20FE32466AB38DA8CC647FEDCCACB659D0622923EC00D903CA77345978
1,Linkja Project,777FE4AF462023E7F5CC88860E9F685C9083F3ADA275106B3D3A1F942405FF1A4DBA8CD832A48FA6A4C636BA5234EC9B252A2FA5400485D202B7CE4CC2D5BAA6,,BCB3A3252FD4A0963E909A6BAD52311202A18B90665EC7DC54DD1F09E04337A1EC9E857C797992C62FEDAAE7727AE8D5505C109931BDBDA9F1A3EC0722F1B925,,7CB16CDD65E9E88F98A5C1440793562CCA5A5F20325FAFD3152C190F6CE0B1F4D3747E3BE808A2786612D2AEA264981BEE0A3577C2010C9BA33747EFEB33B23D,,7345FEBFF5328B8BCA2CD6F24B892C4E42EC71BB0E5BD7A2A04D35876E769F6EF6D7ECDBC8B7B73A764B5EC40BC576B4E75BF8B81CC9EB2F5603B009F7A45B8B,,9502790CFBA284B20D4674C730D2001074E0F46339A40E7339D1ED1FFB5B544E60308AB414954BC4AD8F0452FD8FEE6180FDEC93F7B7B2FAD010EAB7DA7A97C6,,
1,Linkja Project,791A0AD723749FF8490D599065F920930EFD89A1B7797CBD8927D9E0B0478F5C43BEECAE623F9A73A2C600E45F7A730EA48D84023ADA6FD2AA328A864BAEE9D7,,7D96EF4A5ED43820D2A4B10E673D0B4288C297893E8C53A1CB132DF2D37E81A1BBB72920C89A4E4C767727C5729CCD88DBC8D15F384A8372B11E943ADC0CB7AC,,F212A53D921C5C0DA8D41C6916CA0EDA31F370A1A62EDC60B3B2F5906A7B782B53B3733FE80C4125871C8EA00E3502DFB229264B3D25217E44FDA7F386242DEA,,AB4D7306E2642116503069BA1AA1E6BCF74D4250537CC24FD2B0B9E99BC399DE83B0D3D15D9E770BBE3E8B2CEA65D91103CD31262DC11F0643FD51DEC54B3BD2,,0F07EADAADCEF2492CFBC16DE52CF256425E2F18B935E8B8C001211A385F838300D35BCACEF6E85959FA9E7B4C65E758BB4A20B86EFAAA6B186898F5622012BA,,
1,Linkja Project,026843D7632359D6D76CBE0B41783E38BD5DA9C7091AD8EE6A498818280C57742A1526D8492A95E8E9F99BF0AB03ABA891E21406518465EA3EC0AEB728244A3E,,F8B34093E3761EFE5C3F326459CBB8D91C8D1B1B7D4C4596F9A9D7DBFBA7AA4EAEB57F4C6B5ED009FF42D188C1BBBA405AE45AD8D13FFB0DA2D8EE776261F54C,,466152F2CDCA8277043ADA96DEA278EDBCFA427F6E62636E87E8C48229AA31ADB12FAC4641AEC7D32D7349C93ABBC99418CA26B1CE4E25AC99EB922CFCBFB4CE,,46589FE67B924930270EB86200BAD9F38D71A4BFF6596B4A9345680A05EFB9D6087DF1BD1C401EB359A194E5D46705F4C8B7876D530959DC41FC8C54F724A90C,,470971B407DE57652B2B748DA38941B73294137DB81AC4E53F0E11FFCB4E5778613C4E901DA7D500E5C15CC488357BA285346191A116292901327DC58B332FDD,,
1,Linkja Project,07915D9E352B8482534D5DA6976ED0C9A6E63C6EB5F596DE49B86764745E2E466F990FCC21E3E788A182773D11F7A24F856FC886AF043873181E2489C4F839CD,,3FDA333379D6C472EB49A24C4303744AD6E7A0A28B825F9933934DFC8C5527923B72418BBCA08D4928E2DAA48888DE77549BED59B0B454658D9382444DD3EFE1,,3375C95BAE5AC4E3984BCEE5626418D61F01671F285D49D7F6F7E7BC203595C4C1437DEE341CE62B0F9B644A956BC97C9F20C2C888C8CA25CE001396D162B5D8,,C89128A76313529B160851D18966E43FAE79DC83928BE67CE190A6672015AF0560D56EBC541729AB2A05B7684E357EF6B1C769CB0CC2AF4E6F1A80CBABFEACF0,,A9E4531518F1637F68916CF942AFD283C6D30B43A12536ABCF9EC7A7D071234713C8685186FD054CBA098BBA6B4C495A1701C870B7B9BF2DB0AE28F06A007853,,
1,Linkja Project,8B628B47DEDA5E7626CFBADDA2D41798270C06773C60BA001CF93F3C3F90469B16A6E974568F5D6ED6EBB05F32119F36ADAC8141D6ED7898D923FEC164CB33B4,5EC5E92968969DC41D0A0C6560394FA80EBE61C6FB16F945A7E2CDB0B0AA645D59CA09E81F618981D3A1BEA54EF50A21A8ABD82DB753A5E25227380EA17577F0,15560A16FB6A39FFC14AE81AB2DA00557E0B0C75F52DD048391F23F6A17B8619BE850F86DE8A4F37D727A753F84C4DEAA68228763D2E8B72CB3D97E8D515E1ED,7E23B1885C14B0FE89E72B1EA4640A8A4698A927BAC4491A5D91CE029BACAC1FF1A61EE06F0830A9B440E96213A45ED269CE069D03F62505F9690D93CDFC4718,257BF8B35A24AAECD1A8DE1C1C9837EE644987DB55126C18D29727AE98EB004D4B07CFC80279D3B841C9789BBA95780D279509424C412DC3108B6153A6CFF80E,8873DC57CC78F81B63EB8D49CF6D127B126DF18B6358F49B03EFDEAD44B93D45906468F6C2714FC66E1734705511B20A35C498C79C1858BA81CEA2FD54406A6B,831AD01A711FA0FF26429ED16F5D4064A9F834C8C83742A67A275DC8E6EA994953C54CC098013629959771EBB43177F0154B02D0D514B86903503C17E7CC0ED5,4CB7B9A3A87BDA98441B7F2BC006931F7DE7A362C095422BE6B054EBE723BE172AE96BF5170A359C813E320F21187E17B6BC916A1447EAAE1F67469183014BCF,523E72351BB654927438BA60D52C74C1C9AE8DF3D3BB40884651A8F2308A2888D1A42096531AD8331FC0B1D6F71FEB667EEA94F69A8EA751BC7AECE93BC775B2,14AE5900E9C7DB02F030EA17265EDE4DEA3FBB9A402BE1109D8FE8994C027DA5BCA90E3963D93DCCBAD95BFEC7EA1F1F261530EB131601A93A6EC4A847DE31E9,F3962510A38C4DF2C7CFA5332BA53C682217585EDAA3BCF639BEC7A3573CB68A8F49B6AC3A1C73B7FD0068340FF9D85ECFA5AB538C47202478C3885B89E7859A
1,Linkja Project,2381902E24ABC175315FFB62490FF9416694874C442AD64A5FC0A5C81F495E5D7CEBF54949C8725C9753630557E2E5479280301A18A55742E351EBEB5A82B84B,5A7B8F68661FBEEBCAD34901A25ACBB6E9C608C0AF82DD4C4943C1F295B483BDD1BB5E67E8872A13303E7266BDA43F334A23EA3DA64838083A06372D4D61902C,990B2E1AB099CA30AE7663EB63D118BDE5333BD439642D96A594B488946E0ABA4D972DBFA518F64F250583559B6DACD1777076EC233E4BA5ECE70E8CC5EF1921,4D62F9EA1C9C0276411149AAB3C10484899A6F31DA88A6654A4A4E23BE0D184D641FC28CDE8B47F646EE17460A0AFF3FFED423565B123C53D909A28F2BC53CD9,B23F5112885927EFE26D66404D3C67FA024D4280FA84D2328ED5807A5ADA2F451169EF50962106ED5403B11887FD94D613CD0B74CC91E0C7F97AAB8675AEE5D4,9B1582382CA49A41D420B3179721CB50A5F2461367A5DB6CE687FD766D5D5B93A77860382ACBBA78F961295F719D821707B5C2DE9AF793B6F65BAA892CB365EB,B9752F0D8393800A029FA7F2B6D44B8F8B3B0922ACCD6E0BBB7CDF8E766BA66C27406EB2520163E879785E185C3DDC3F1B47082F649577D362F928B710212729,15C6174D724736B30C60C5E505F3D19FC650B0DFD460AFBB792911CCB471F6BD75100402C7687B75C734C5E07B408238DBD2EB0E2FF100C85FDFB152ACF748E5,13BC0E5D6767B7042C828BB49790FA1882CC1C544500842FE975E30A116C0E664218AD5BE8A4F4104E76684082071307AB1EF8F2E75EEF89A6A2CFEC0768147E,5EF4AF5C159A03F8DB886E0B4E2A8ECAE8447E4C33C80DE4CB628AD2E7154194CCE4606CB9CF354FBAA6504D48C0247B9BE82F9FC48E979BBE899D45D4D96A29,84353F78347FE8BE8A4302B1965D0483B323355577D0C681BAEAFE52DEA7382F2D5A72B230BEA5A891591624D3421C2929E1981ED993A4F6010941DDF67F2299
1,Linkja Project,0756D5ACC3562F7650F1ED9A8021E1BE064ED79A8185B31E83FD7BF633A9BDA4556341101189CFCDBE8A7657C652034E6EAA1AEDB3082C10506B5E5B544602F1,79E5A5EE360BB53C1090ADA5D53ECCD9D048856AF37396367A9078D5AAB9F2A4D892711C0AE35F961E0193E2FA4FA9B2EBCDF5D76ADAFC0D2545F3166B539252,24D761704D2A67EEF9B2AB2469DB97BFF8A75398449FC1FA438AB0BB09EB507839506928DD052F6585F3E8E13E251F6F1A54441309340C31F1D8B0BD2ABB28ED,61D3E438126CEB725A843C498A30F1533CDE309BD6ADDEA2E9B3A49D7FE45BD6AA7FDC2D66A2E89F0D7471000374CF48DA57B10DF48D91B9E890C6548D68923A,C672AD2974C94F005145CD9C4783590206A036882D2004FB1980799AD87CE3863560DABAF55D25CBD132F28DC6CD2B94F96F9D989869FE7A31DE0D39AD700EB9,4E7E12210DE6656954755E776457BF078512E3273EDC9B635DC9A9195C7E085FC3B3948FBFBF560B93E9129EBD69DCBCEC9BB84A285A31E51B1347B4966E1F2F,1860231991865F69508514AC10EB75FAC740E8CC933BBE4316A265B06290ABF3F8CFC3613B444EE1D641B1CBD93D4D5E9E861C3B367351158509246464F6DA87,D5C1151FDF320BC993D64474EEBAFA9C07EB4C3F8040DD7977EC238AB4608CE1C8DD3535B28507D68ED3B2DFD2ABACA1365AD92823EF248F2F5EB241566CAB9F,93194C1CBD2233402EC7B46D24B88202877ADF0460D9419EBEE064AD199441EED0EC4352A3ACBE2CDE5F88D4A7D3728AE5E21A481DDC1329756CB1D9A0E1E665,0A8AFFDBCEA48E64DA4BBAEC669245D8C77994A1A8C71A2876D5C72991FB6AF9509B5E2A40ED4CDD016F486AE5A8F8A832A50930C95948CF04BDE6CE563BBA31,59CD586DB969DD72926710061F71444E8881CDA133C577D19FF97AFBA10BEB49B122EA27F786732C8611F7BB9D5B4FA9356E993244AB22DA82D3935193617A8F
1,Linkja Project,902F15F9BEA69FB158CF35CFBB9553F09EBC382B486A367BA2E46DEC41DC8AAF4866730849A441ED7ADCD21F659B393AED6D6B81CB8045799991A7AE8D86AD32,,354C82DD9C21CBC499305BEBA450CA2A9E958A171A7C590D6F644F61F291E6F0CC9F9D4DF6E0C689934EFD573D1C925C4A5268DBB19323930DA405C0DCA661CC,,48243178EEC5E65152FCA7840B7D7CB704441E0DB7DED071A317F8E5D48FB668F90A3144F8571DD147B8054E6F184D949A9E13F7074C6BC219243BFC15320F3A,,6EE067FB55551F87C4118F076F6758925B32390BF3C8BCCF8A24DD59FF849339F98BA990AFB250C152AFE7D94C46E93D76A53628CB4678963087072EF3D560D3,,2F8091B26F593AB351D77CA2D5192CD7C1D591F205634C4F3B3644DCC9D8AFB2F46ED872873E453599B81D8AD53AC59020425535007ADAC01B63623831D25C4A,,
1,Linkja Project,0066D1F994D401106E713DB9943F11E453541723EC4CD2D2443D735FD18E75B7B56B422EBD8C0544529F8A3BEF2359B35BF4A7223FDE80AB147CB37451C5AC11,,A752FC6D08020242A216D03D3C245DFE4FF4EC222D77D01CDF61E59A8E840F2D448985305101442724D49A1C6B4FA74A1E42AA9E457D03135DE0B9C1C14EA1B9,,F9EB479B2984253C74D37B9E0FE17ABC615A513D2DC47D4DBFD4BE2214785BB997997B3F2E29DFF55F0B5C9449CA0B07E302C710075F78F3A0DD994F1F90E221,,4A58B7DBED5738F0FC6DE6B4ABC5562D5CF34AAED3D5C69178771D32EE5388A8C0F80B0EFF7837FA75649BEFEDFAF1448D6C28240A0B636DF32FCEC8DCE9C545,,FB4808970F6B7A74B0FA42A668415A6A9D56E3BF1E171AA776C5443CC8AD3FD8D12E16768FF66F22F43E11AD327BC2AA5E66A32874091C847309376D07AFC581,,
1,Linkja Project,26E761DDCF2A9175DFE6E0954596E00E60140E9EA356841A5B1E9288E3E1331963560537D3BC76AD31E1272BEA5783A6850E644A8DB42E8F10D7F155E7D61C6B,9E8AFACA90B383E1556AA6DB14B443EBD7354511463DCCFB3535135B20BD7328C5D7FFDF7D97056A42D6E8E521AC9057CE1F9FC0994BD5022656F763BF670D11,C50DF7D2336F1F3B39A8F49CD1752DE331438F38922A19F4542D9790CEEFE7E3EFE7307DD443362D9A7BD900DEA6D3047F24C4118A8EC6B3372907078D37E5E7,0F4D9C83DB2417CF5D9531B2BC3AE6CFA754D24482D6ABF43F9C616B9696CB6C484EEA666B671F89A936742E29782AD79A22F3752673B9D2095F395235ABA415,7601F1A8B72CB8A256362CE6B6F53DA4CE4141C16C696F7B4BF95C7F999CDAA24777DF6721758BFBF1867060EAEBBB178727DE4095FF393E22A8B3D3CAB39555,8E534975DE22002D14938A035EE45164B86AF98C572B58C63241547426D40D81200986BCFFDB465B6371C2316B21BB59EDF37965778D363BAC0185BD34072BDA,4244245561C17BA74E88490968319CE2A8242DF225D6D5DDF8CFF44C5B02A93172496CABC88B0C0F59A20C0229BCE3502A2B0AB32588B6F34EDD52A7881B77DC,022937B9D0B93C8982DD4850327B25CFEBB6C5B8A36FEC16469C2CCDBF3D5FA4EF7ACDF65A1727493901ABA19F7E47DC6FE198B390395A2589CC5A0741827687,C9E24A8446EC3CAB6F8C7B289C47FF7F780863A918E5C5655606A3A43E904E3D2C55510AFDBEB50DA47B857B851E01A195ABE84CEC4502C0184F7CBEF222C5EC,5DDE803E02CE4754924B53E6082DBF7C0071D8FA1DBFEC9AE0C302D526C4DD234C2D3C7B1B0CB6CF97F662A855E5E59373E7016A5233CB4F7FD5AA648C18D977,9672EC77290911FFC0D3F22B6DF842298283367B4D81371A31F9EB5EAF0C0CEBAE2248CE0F888ACC23544E091DD943FE238EB60954F2E3FA6A8B0666296D4730
1,Linkja Project,7649C260D7247B6403D1730996447C8ECEBECA1E0460E944D0802C8AE6423F4FDE5B6C2188108CB47E2592F754E8C5469A583F7BACC82FE17CD75AA312E2F811,,53562340B8085E99D64556FFE3CABFE81E5C7BE946ED2010E64131C3622AEDBD3AC1CAC21502608E818CF22DA260C0F25393BABAC11C9B05CAB3CBC5FA0EF1C6,,C248D55A2E021BE4B0EB5F7AC8CA8C156321246D402FB7124EBCB8D4A5DD612FA91DF25CD6A6C01BE0B1AF8D74DD6B701289354C8DB66E10D47A29F71DF2DA53,,38D2D62BA415D8BB61C8EEF339BCCC39CB4F2CDBF94D81AA51555743E54C01C33D6F0F7BA49A4ABA1A96CB9438E61832942BED86B6751B6190DB2C222F56326B,,C26E3C30CE757FA5E4DC62955CED12711421D11C3FDB7F64BD20A830DDE27E49AF88C9A2AD01E6F6C627AFEC543A010C8C4F45572927209DB2A14AB973DB06F3,,
1,Linkja Project,4274EF0044CB8C0EE48D599198A4DF90CFB8F3E8599C9FB30816DDC39320C23CFE422420C360FB90C3DFC9542D33EBB43B291C85C2263324FE71046BA49603B5,,A3BC50AA5FCF1D32C8323AD594418D477355BB11228E6C60EC437D82E8427925EF65991C3048B096F0CDE049A1463C9C339BEC69F2164EC96A5DA605E1914823,,0D379E509274334D6417E070AA1529F57C75793CE4A6510801F41AD028E8A021382E408AF02777CA036364E107D9F77FF371303C28E8400F9B31E11972DD300A,,46DDB2FF4CA6E92F30ACB33018B4CA95ADB3F1229027D63362EE5663568D43C5BF40B9A43BEC2C9777BD6D1758E7C07DF5BDAA16851A5C855088E6493F578D5E,,C49210468ED2BA16E57D6BD5C739515552272D1AFCA7F79B00D6FEC21EA5EA921AA03F06DAA474D1599C7AD731B9FA04AB5953119802E2146E400B6A58D328B7,,
1,Linkja Project,152636AD5A87338CF3C9470E8FCBAD44DA39DBADEA91F41FBB15171D425D3DD844AF13C3A14DB610131D49CE002A555B4F628C78686164A74FE0B528BEB75492,C5616F44C798639463F643CAD3712EDD89F664426B19BA490B89F83ABDBB644F4613F14770257653628335774317CDCBB50549ADB1EDED0D3959E93B7633B735,FA5EAF44B0B7782C59E7FC75AF4E653202F3473451913CA75F9553923D5AD89CB03E1585F95E5A90BD5EFCA7D7537755B57572765E21A73C315C6B069491DD45,0D836968956C70000A03F91F1262915FC4FE26F3D1532C47A5F0DF9FE5DE682842C3EDF2B5DC0AC69160E2265045D2ABA3846B1BFA09DCF6CBFFD2274AA3DD43,D85C40139A0E28F0BD216FBA779F30B196B0DCFB7BFBDA89F7C8CE2C89ABFE4D2EEAA0C928592C464683984063EA5FD71DB6491FE652F8ADF6E1923170943231,43E4DC097427B261BCE5169CA06B0573457875EB584719C0843FD5468D89BFAD0EB47BDF015ADCC93587251341D2470D7DF487415DC17814503A1D670D9D0320,E6C2AB73B95D20DA516B2B8121781732F29FBBD47DEE182869E80085E6430DFDF05660F3F34CA8CA002E708C24A7545F0D65D6C31E8CDE6F8C34B4D967B8E650,5FBE2609CA3EC80BF93AE099494D7E14CE8C2ECBC4CB4AA00CC933E4D172A8101F52AE0A6491F4E222E010490C93E640106E5D0D290C06C518504E1E5D53FE32,4389A5F1643D701D6E2656E555F3259A4D5FA37EE4B30D294B6D452FAD2ACD211B633B13502D7C9756290D00F7251C3690E3C0623038B959D54C48111AFFE9B0,91E4260A6541EAC8462DF6914B06756023B3E825C92BAB6E33F83EAF3C213B4CB2856A68FACD3811DA2BDB0650B9CE5345C53176A71B1950B132E7A8B6F395EF,71BF004A818F815E4758CD2F53504F1A23DDF4689190DA31EA7D42A2624ACF95D6951A2C2743BC657A6025511DC7FD001307075E8622D1403CD6E044CCE94238
1,Linkja Project,A3B2FEC34885501829804030259AAE64330E90C20389ABED0C95A1E76278F1CF44E1B4CAD950D5EF80E5D1A70CB64DFFC4B4D00D66F8CF7640A1A81967CB2126,9A4E87022442E44A43863B78BE34F21FA2B9AF4214D538B62BEAED4A2915E7E9FFC8EDEADD90AE22B2215AED83E9C76327926876469645D9B7D9B3FF98B5CAAA,F1E55F623FCEAB3CEC7446FFBB5A4814BC78726A9736A9459F71B98D50309414215008EE5E042A5EE91F64C70B50AA61354D6EF28CCC8C1AFBF542B752090E53,3E888A74D43EFD488DCB6D26C287D676423CE47BF5F78DF16713CBEB102813C7E1119D41FE13A623DBCBDF019586CB91F19E6A90B351998D2258061BEE643606,BCFC1BE6FDDE69BF0971C364502B094982CAFDBD188BEB12A40490858F63EB97927366425A1BA5D4C0635EA746939D72DF8A5E7FCBBFFB42DD637A3EC38A31F5,BCC03232C1C1A92469A2D0EC85A95F4086D8CC8ABC5A738A1F0D24F56361460E205B952721412B3583077C6A1C57DC4C18C91DFE7B9278DA44AEDCD871C6DD1A,BAA17E5F5B63BC8CBF4BE0B99D263BC4CC744F2DC2E07B7AF9A310AD791BB1FE59E53F076F59B87862C66EA47274D6BF2515E9A63A0C33BAC2F67DFA513973C5,8AB6716DACFF3BA4EEB42EF17FC0C51D3C102517EA9A399E13DA8EDC1C8FC0EB1772EFC16C53322BF2A10191135C3C6D64C85784C98E58957C9A2738A03B1645,CEDE1F0DE4163BD1FEAAFC21B489143D310396339BDD14FFA34EC1BAE0250726264994CC4EC3E625B336A5393063F99A5D2D1F1C115667E3D84B1A475F5750BA,B5A8BEACAEA8CD1C405A5208153B0256AD83EAD987F74C35EB7606CA4E6907EF4BB4F9753F6DC3B5D4AED8D1B5B4C82410231C5F4307EBDD38B11844F75B6B88,3B6D41E8E84C8D5806C7B8DAA2B18699D34C70194C685FAC260F0F13082EBB7CB1F9B5438DF3EEC6489717842F7183AC32D59218F90D88ABDD8AF9DE792BAE3C
1,Linkja Project,A3AE4FD9349DCE287A5E254DF9FF9D6A8B4C12440F68C2206AF917CB2C07CFA059B72A3483527C8265E38E28D84E7D1776F25BA21AD1930E0EA73299326606A1,,66462803A9A768C963A32A3547562DBABAB0FBF661C9D5A40978B46372A501E1BE7358B5F2434F0F60EE9B9B2973F2FF8C87C0DF82350B7F5E1370BD2D6E9358,,C101ACEAB6D6692943C15F6C6F95E4BC6B4BF036DD671E06E22CE7A630AFC3ECA2F4A9EA93BB52969FAFA43F82089B918ADAAF2F49884658616580D61AB8AC0B,,7BF134FEA33BA2BAB427514BA2C7485FBD32033DE5A691C1255AC809029FFF919546749E8CD73E43685E9D4D33642D0EDFF56FCAE3C52B86F04EE95757D16B3D,,60ECD8678FE9522A64FC722781FDE35A3273A95A9A13631D7BDB82D8B3B8E27FA714F27ECCFB6364D0A409134D321FC0D32C455AE1539D471E032F91EB82265D,,
1,Linkja Project,149DCA916F24B5179C8AA060674CCA46F5E5339E20E42A3B0C054A5E5183FCBABA48BCF371513193B3698E6012E2C93CBF50E45207D9AB0F1EE7B9C2D924C0C7,5E2C5721BB64926B9B1B2148DC16976BF65EFDA505D6CD02E1F021111D9FD13DA103DC161AC140AC0F8CC183F2AEF96ED1398335A76147BDE103D29A53F9AD63,59C891E9B57F06A2CBF59C323F5C7360BC9CA1A2EC58DF9F7368B4BDED3695107C47B9198473212DA551D164BDDFD6FBAC9ACD57F00AEFBFB6361ED4D946189F,8A7F0E24B18F45DD80BE4F75BCF175ADF310EF95327EA22105C287D1D7F70DFD59778998B71D46C38AC5A621EBE94027D222931BB9105907C80DB92F2D7D76C9,CF8DC83B82B36DE26E17BDAA32494A11C21C6F2F5CA1F1016D9E78010C9FFC95E4B0248E478A2A93E31382EF8968C5C85AAA9CE6BFAC48D37AC5E288C931EAFD,0130124D651E98C9FE815FED783A2F4CEEEE888F660C45689D0A592EFB41CD3AB3B8280B25C99AAB3DE440639A046FFC2FD2ADCCEC95E0229AC333503A6D0A95,D00FBF3C0122675D0F47C48518F86D04808176A4F4C47AEBA5C5B62D31AC7A679DD2100EB6151FBFFB25EDAE32B27DB8554643ED34EEB18A5CF9ACAF6576322B,F5A93E0613E755782D1AAFD6F01AA2EFDA39E8FF5E415DB678E162049F986B505BA4EB47A4D2CF884BFE65B251F0E62B18D14CEF0C1389C6C4984010716BE45F,CE3CC4883B7B28E9DB8912FF8E476C4EFF42D596AC0A821C5CDC579368CBD6AD7C0D9145ECC764FB82A04773FD47D98BB996A8F916FD7467935EC528D24D41A5,64AA333F638F3226D2FA30D9803553E74DB4D606B6428D2927826E43F3604EABA6D203BD940EB23DAFADD2E2F435688201813A8737830901245B9D13FDFF72FE,89C267779A93ACCB79F12424586FF7411E75DE27E17251650B89F5276FA5626E82A12DD7B25DD3D01F407E016192BF7C33C232F68D4B82902F61F8AE26609849
1,Linkja Project,79F7BB7D23660ED521A09C284698F1E46BB44D8F2CA874225DFE6E4BEE638BF0C4CF0D613FF15AA3C8ED644235027B9B9DE4541407C00D89FB3DB0F962AF38D4,,0CD0BA4FCC2778B8F82079651CA7356AAD8655C10CBC497E9FD1A9071352F8A3696DBA8419BE5E76E696FC949476D891B42C8E6776C917B699D5992E5E3D17D1,,F448459A31691337C85BFD5DF2B5074B69DC134C63472FFD8815244F3FA31B1DE1D3B3D4B4311E328F07450B543636F709A41EC1C18D6BF0E70FCD4DAAC583DD,,EE98F04127DD944F50E6FBDD4708944D7102591BFAF72466700AB473B6123D5596D6DC9C864A2E96F37C457BE7F000607AF04AF8552E1582243E3657B2E12CEE,,BFCB33A077F1E85062461A76D29DEEFEC9598B0F08D3F70578BAB0419CC6B4ED527BE6CBDECBCCC0E4B92CECEFF434A877EF25623A001C404E0CD65488881D36,,
1,Linkja Project,24115B5DA870D382DEE71DF4D14E52F71EF368477CE63CE6459028DBB508186946B8ABD8510EFDD51AAEE972668EECD031DEF8DBBC0E71E1AB8046B4AC5A52DE,,CE066329BE2A68F76A9582A9B2303F04E9B4492C26E31A2EBA66997ED8DD4B59B4224CF93CAD25BCACF2980D05F4DC9135E8698F08901B27F59730C7ADD55600,,F6D8E5D877EC9EB060379D7BA5903E3C40DC24771B997B788C332777C7766D4520E7CFC061887081461DE9D48E4BFE5877B7C909CB4552A46FAB0AFD3EC6E35C,,ACB89EDA9345300505DE2540E4DA33FF58019E72EA7EA792006FAB0E656FD5A6762AD15291610CAE2662F7ADB2C9E3928FC117A06D999CED9F490B0A043A00CF,,0BB3021F96015804F8C91BA69685F26C4693981063285D2745E0F3330BE4339D0814DB80B6A541640A78AA71319E511D591EFB96BD5129831448349965759BCD,,
1,Linkja Project,AC05394E000280555E7E4F1097FB15CF95902CC216366AB34D8B17497039729FF64043AB0A74C45CAF11004F15E817A16E0639AE807290F8FAC6581F74FF3A4D,,0B91D540AE307C4018D8289A6A978BF769E80E910471A832D554A1CFAD26BDE0C6BD1B80568FE701EB007403CC5145E5E2BCA842511F27E346C687E660379AF5,,CFDF224D5665A09176A66A154F34D11F5ADC4292E8A2287A8DBF795A3F160F2F05FA52D5739936EAF7B1C2A6055036B481400B1CF071E3AA83F135AC86AB20EE,,A80DF7BD965001765A37CD9B4EF58A075B3E6080DDA13B7E0E5817DCC0910C1F6B5FC4FD2E0CCD58E790B91359E65F456E10FC919DA6E7BB81B8D7B81969ABC3,,C6E53CA89096A77133DB67C83561E09EEA37D81E9E636E062ECF01BDCA7D0FDA2864CBB2B743F24FF76C06AB047153ECCA6506BAD4EF65C785C7F022C3A1C7F2,,
1,Linkja Project,37B4E7EE4CC8C4384FA9C92927C358966ED8659BE7DC04D66A27C92348C7CAFE8C3893310B6C08548413A98D6E1A9FC77B7DBCB805366E76168A528941405F75,,0DE75E4F2880E75F2A658B42D6D79CE6A8A5D4D7BB80320C47FA9A92AFACA494D3502D8D6A5E402543113C41582328377CD254E7994C32891A13CD775E4B5B2B,,33FD1669C21F3968EA5032291C1FDE215AE696C7A1DE69B2848F3523941E5E93979E6E1635F2555FA576FC7F1BE28EE9B6466C5C3818A62A6A0D511FB53988CB,,3B80CAB1688FCB942F10A45634CADED317B76C70756C2E99A4D895D4FEBF999D87226B318E544FB98AC106274CE0B8DC88F5753F8CEC858FB91CF5C1F659CAFB,,7BF8A1C82AAE70DD3F01D05C48E857ABB35B7F483E2E5F4F5EE0D56D6F79DD8BB4EB7E67B8336C9BD4CD6D992D00744FB76F46E4ECBF9C62EAB39868EDF1BE0C,,
1,Linkja Project,6C679963E78261BDF42D3E7DA24E03998516C688DFA68F54F179B0C26BACC56316B73B550DDF019E2EE569B6952FEFB87590CFF7A7D8D7AB33F4CB2BA57F4A9B,,FBE62B9CA42922156D5D9FB44C7C103F122118A6C2A6A8814B89707736B58BB81F1E143B6AFB5D9666E2AF2061DB62448DA6B801576EF79359CF30C1BCB1F5AC,,ACFC78138B5B1A544ACB308CA3790BDB5EDC756BF4D3BE03DE07A0655709238E53FA840E47F14B083BECA2F4134700DE5CB88FA2F941018C255BCAF4E26CDA96,,0FB97CED11F8907E124AB736DF0A566EE2A72973F77A70C156FE9382993E77C3C543DC4B01D2A3DD1437FE1E234E82C53E04B3B3DEF86AC1FE9348E2DD7FF090,,28A9AA4879C9919F14F5DE36195E6C71065BAB9E310B19554EA6C4A39C695B7A7ADE1F8376C8ACA8D0F8A3D436AA58DB328462999AAD886877A173C15884164D,,
1,Linkja Project,A1DC28959EFB03FE1D707B5D713A87830A14C0F7A14E312582219477BC480E4C445F890B9FF83E48AC87F24FEAA267C6F8345379F6E6B3469F9AC3F33B278345,D9CB5C2A9D5AD7B8C2145DD5DB94A77BD40EBA776748C925E362BFA4F6FB09D0A04277AF622303758575D9187AEF2CDF1F54AE1CBF785D8F75EA89F4754C8A8B,F316A9FBC0E24C545E1C4C68151D9D80C8A1423F06117E29F9287C09F77ADBDCE5CE881444762E12ECBE5BA011974AD660E55BB342DBAD53C5FD448FC79FFAAA,CD6140C066BFA72DB2143B02426A1FF176DC6385DB2228CDD8632C3959BAC53EFA6466A8D276B1C4033C38210BB25D02BDD403FC9A18A3DBE60F2427F4FC5A83,DEE7FAA222B703FAE34B9DFF456A2B5F8C5F6B363FB044883AE5D83A569EC1E1434956432C319BBDA074F54D080F07000D0F7E2A4165EF1CD69FE1D283A51439,84E0A6652C5FF221CCE609422C289274CF48D5057814D98EAD45CDAB9264F6470CFDBE2ACFBEAB9477E81D68E87C309936ED6EF8C2A4693F9D8135605F73C777,772F72A63F5432F9FCEC2160EA422D02280F599EAC0BC2CFC3574B7E960C45E300F3B25998884A189B0CC29091AD803CABF5FC085FA2A8579D7CBF03A052714B,373A192A3E1F9CEDE72EABC1948370496881413840DA09E713D4F5A74DEC22D89E90D6C1169E6FBCE1BB991ED7C695F7EC58460FEFCA9ACEFF948108255C2D7E,52A3334F75A0097FD5030DC68788B054D28465E9CE05C75CB1C636A062EC9DEA9022D117B8E173F6F45DD5D6D2F05BAFFE0EDDA86FEF6E459204CCF092410EC5,3BC50DD5DF74763F57D2D279B48E519BF7766D04490FC9446D91635B511EBF36F6954061E16BA4F914927891B48CFA548495483411B406F3152624BDBB906F31,0FBA31485BE4D383CA71E171E4CC5F0AD89EAEE3B81C54F1DAE11D13DE324C2490C1922E8E3A1D2388A44CD5C0F0FECB9D762FA9C99DDBF33041298D4614C123
1,Linkja Project,CEC0CA9F8561B2AA1399EE61E6E157F6EA796B3F888D276970C0938824F413AC90388E96D097807897C3F62E622F60E4626034BD9AA0E013FC4DB34E5C883E38,,B2494EED11F3B73D6CF690C3466D020BBC6957F81489741C11A80A963791D39EC194E3E17D8282886D33339FA0CE4742F411B422E7CC03EE34B98738043792C2,,8602F310206938F6CFF7B8D3BDACAE32217F50107C49F6A6E5DB6C854AF17CBA490B3271117EFEDD777E9EA249920FF7EF0ED4827253D6CFAA1050C317082BE6,,7F897B0972D6E19E596C109A7377C24D22E286116098DF529D1F320423A71F385DDD12FE5FBE0EBDB10EA0718C4842393A6032BC1DBB3184282E15B0C37CA07B,,E5435B4C64A38054E493F8B1CDAE004340C92B1F20915ED91EBF51F5383DF6C341C4B71C9DBA27DF2CD75C3EA5CA788BBD9C5F0610021DC5F911BAD2951A6CA8,,
1,Linkja Project,D6CC1B68212F370A1DA79B9337E38997360F7E23E26DB0ED15DA54DDFA1D4EE8E6431BD37DBBC6B553D0094F9ECC062DB32AEC67C060E37C7B6564AA19B2DC6A,,9FA814F341F58AE78B14EC792F586E5F3780E2E4607BE00C0BB9EDA05E254678D9E1FF0A48BA660491E0D34F8EB90F82B5C3D4B1F539EEE2DD25036EE7D0ACE8,,5B7361A046839D43DD5B8B22B9CE6F07716CBAED9EE2271FCD99F844E268D188715EB9CA1B5DC46721D7AD9425D069C367B55EDCE0129C16837AE5033893BD91,,7C2C8EBC55804771B50D8458FDEF457606015F1178A054967C12671EE5BBE0BCF87287CBD29293A5A7898E25EA12A89B2459E4B8F42CAC01EEDED205AFA6DB64,,228220F3296B10C0F130F1E1DA43458A505FE45E942758601F6E90A820FBCBE70C3F91C59E78EE4F2AD537F4E3A1A4A31BB3DD1A437D1C330E1CB9D34FEA5E14,,
1,Linkja Project,9AE805CE6B98F9203CB9FBE809F6AEDD9BB47BAF82B8ABFBECA89CDC0ADEFDF1944C49C0E53C1DDE4D293427348DF64CE3C8698454AE29CC0F8095B02E45CDC1,,74C5BE212B2CC6723B201D505082ED30EA1DC4F5D181DD229C1C0B0662FA8607A78871858EC81F953B6B6A6BA273821FCEE9E40EC875FF8E90B693AABA58983E,,DD97201E845ADE52B9559B719F57554120C8A1C8D18B038688AE6C488C4BE599DD87B06FC17A3AD4F1171FE4213FE2809AF58463B51DA0F17D57663099DF613C,,54331B56BB1A0A16DC98F94F97975BA3DB6CC819C4D2932241D6308D4466BA7899CB498884D6E90B826EAD66A0F1F3302BFD2CBBC141EC858E3ECEAC3258B3B1,,4800461FCC381314A7ACD540605451C00EACF9355612FDE8E5231FE839136D68596D7639E59883D816A350FF635CBD42DAAAA06C733339DA528BB8CA9B1B29AB,,
1,Linkja Project,7BA56D22B92E6B4BC8E52047BF54FBDB0DF0981AC993D6C77072E2488C2AA9C0AD03092043EBB366521D39184DF21DC3116DBD898E4E1CDC886729F4CFFF9CCE,21A74DFA2EA36203C4FEDC947C5E68E9B65EC64DD96BB14F37A1B479D8A0F98A9B39FE1630FBDE6956F033EFDECD154596AD1EE7205F9EB5B6BF84256BC25120,ACC58ED05A3176C58D241D46448BB3A09030C11F2DF31A3DD5A2F13CB66C3F68C3E7519DE93C40255A0147B098B5BBB7AECD8C72F7BAB05BCB2D9593A174573E,34E6D6756718507D4D2DB564003B86F036B868EA34B811CCA48FA0B52C030C394E59230FC647DA8DE57D722DAC3F63777428E2CCF6E51783B757559B0FDD8014,45A2F2AEB8F06C019E60BA0AAAADAFD4460475C6444CE270FAD6370DEDA951B1C16A1E8C2EA7256D594986551581E58DED65DA58C6ABAC06BDBB629A3088D3EE,47C0F6644E4B2949C9B39038E65D92C507BB3B3A55A8DA049D7267DB1156A85C4DB7ED13102AEA282ADA59D093E8C5E7680CC7E131EC8927DE17B4228A02B515,D3DC327889CD00D27072A566CC90EA936B5AD67C91DBBB783B355C6261885F4120921AF2EE1FBAF5620FB1DA7F5A77656250F30EBC576A3CCA8BA416F77DB1F3,1C5151122C715440A95564CF7CB4F5AF37DA898BC1E8BC4A908F9F0CC8EAA54CF7042D4A44858E8C4FEC14475E929D9D2640BB8FC69B0C042C0BF93696614C54,CA049777B649C31A0AE3FF00939306B422AFD1EEE98FD44147BEB9F82A7216B4CA7D544231B278833E1C9CD59919A02213A73F5329D74521C55D66ED9383FA91,856D10EFE7EC495670EB16B1B3B363D97567F53E684C7BE2B30107EAA7FF54FC7EDCD3B323CFAD3D2E155B736429D6088C3546D09F5C68C3130B2191D985E915,E72BDD2DC6938C68E3AA2C99E4B60FE592FFE2503CB021DE4C8A4B8EEE63B8E6B3D64C2A6C739F7C68E3AE8C05A90487AF5D530BC452A5DEEA8CF61C015EA3B6
1,Linkja Project,2F8F01D0FC13AF0C9C39BE7DA76DBCACC7286B1E54D6D0E0B5C04CF653F91FC6B6F93EF2AA6E64F67F4A2064EC6593A829A533E27E872417429920372FFBCE90,,1A96EFCF271F3B0D48D1C6C18EA32C50D02519BBFB5A5CE07D3350E0B5D9B00BAD17E53B4E7AD54F6A98E32FF83F7AC22C085051203522392004743A3174A582,,7917CE60D0CEC061C8B8561977FFA10D973AF31845CF61B636B8211C38849FAC222A03BB5F648946D47B0D9E56AEDC08F791641C2728F6CB5C560E05CA319D87,,1B77C62B77385EF5111ACFD76719C2EA5A72207E2E45B479ECDDD3747740DE3B5483A7744F15EDA8D7E29A1439725C2EFC635093A68DFD330C5B6ABBDF933538,,253FDDAA62D3D5B9199F4EC983D58D64FB1DADF40AC32EBD67F91D42D4441EB3E19E389F28CD2434C4DC464FC572299292EDDF2EA90698F45A28E2B3CB791D5D,,
1,Linkja Project,389F42F7826E14A9B9D90EDA5AA404C1865A6EE961F4D187AF39BFAD79DE49B1E0475C60AA45F98A580511B773FA9B9B30C0537B2911791D6487F438D498F1D9,753CCFAE00791CBEB6350C1568CECB3BDC698BDAAEA6D9390A4B62CD92059B4DC23B4A699ECD9124A423B8D22E8CF5A86B96B795BAF5D152B6A2609A74AD0E16,508F5A98B7E9FC7C2200CC4B0AD66239802237FDBD62139C6D1602EA4E030E7B6D39314CD799D24082EEC3C91E65EDEE2A1E2BF19F7A7C5F2D9EF9414D85A28E,7AE0E9014473CD13DE3D5A1C6DB3174E6F890846FB51BE380A20139CD0415F706DAB7B5EF41C0D2F9987759584A6C0FD9E0B0A6614A73969552209A0085D5CBA,4C82AE4B75EBEA5854BB338E71683D983EEF42F85AE4DAA7F04A6ACA4B63CB7DC9F645AEEFEF3202330B5446E26257B6E0534FC3FA0524FF45B921BDFC7A32AB,423B7E759251C1729E2042DBDD9403A7B664575607370487ED7C27A9B84CBC836881B8E7BA2BF4BAE34A3FD95B2DF42C95BE0AAFBA94B57C081D78F4B14F053A,D7310543CC6BDD9550604414FB4B36BC64786006A60271F578D76FEF501F88D7225659B1C5E163536F34988E96F4F0BD15F6BF7A3828A30E7D7602F9DA552722,0EA2A98B5DB2FC748C0A6CDD04516120D9C91590037B298B2771E2FD019B45B56BE073BA9D58F52E32FD4BF83AD57B751AB5851C918CFDABF8A8865E72E0121D,7EE998C89F20CD9ADB33913BFEBB1E8006F946A4FB1A605BA6099C8CA21E627BDEBAFE6987F4EB1BA3755611B3EC74F0B77990D3B5489FC45767AAE4E72760A0,8721CA16053E636014B593405343EF1607E580230B0A96F75759FFB3EA75FEEAB2EA7E2C5404980C3580413F702EBC0684E9D289E7997D24F2FDAE6AF974B8F8,575E72A80DE6EA727A925897CDD12C6FA260907E75058FB807685C07A0A9695D6C41430CDB2E76A1A7A750387E035AEB17FC19F9A246C1D24A8C281409A9F1BB
1,Linkja Project,B7D4722E92B13B72E91C50471B107B7D055F4507276C34A546E22F0AB416D3ED4DB5D6519664C52ADFF22D817C0EA9929C4E77DB82F8CF8A237D6AFF1644FA5A,,1DC51E4CFBC0761335E5F4E79BFFF78D47B13E3A351B72B546063E4715E58A7CA3AE128D5D5008BD3E7C4D72CFBC2700F288EDDE119AC53E17ABBAE997D8CFDC,,36F9231E76BB0F4568D08E4986AE4D578E487FED8947F3CCFD35CEA3532CC98B75D194798E6BAC9AF316B5BE3120C424A2701BECEF23E1EE57BC1F50DB821921,,999A5EEBBD9F3B56901CF4F8F8F8B09122FB70EE245F5FF8833B21A626E5951CA3AF6921994E3C2207A5BB4760591EAB9EF3A4106463AFEB0B7E17E791C188BC,,6194DB94D5C87F72DC04DF70DF34CDA3798C0FEDB6F3DBC28DA535566AD8BB011EA7EEDE39D35E42EFC328ACD65EC0780C8FA38EE91DD19AF1FDBCA2C7DBC8DC,,
1,Linkja Project,AC743AF5946D0A146DE59BCFCF45AC229E80C92F557A48198F20FE4729193515781A23399BD5F51BBF1836DD9568470C2147A2FF11C377565604976E47394660,,64140526682042251777C517F55978A2AD7D60EEF0992DF503E2D5E7EB31B884A5E898F238013F66D013F668788BAC1C253EA45A3DA269DD6CEDAFAA52AA4E79,,DB63EC636D9CCD902894612079B6FD44BB8503CB07C1BF09E04BE44A037B3B5F0707836D503E9F1CAB050B3CE58862A4D7905D621413483AB38FBDC6893494F4,,F304C142CC6C4258AA4E0C27F21227E8D15B8EE83360D738051634687258C788D499DF26A77943F8AFC4398779BB085B437A030B65C194F8F54171192B660EAD,,CEA74DC5A68EECDB08E15700931BA9DAD397CD0A0699807C0FF52D70D2CC4413A59CA03805BF04329B3D7A4B2BFBA8D991EFC5DDC03A2A8E52C5E7397C77C552,,
1,Linkja Project,135892F3FC17FBB9D74B67C91483CAD71DF3690CA8D2DA05C7158599E56194B1D5FC1A5AF2C78F1054E529CF81EBDB32AC3A5D3D252498BE7B43E79561B03AC5,,4B3498D987A6D6C648FDC51A2B22BD98681312B0EFD832E3C9319282A771415A6C848132C6C3BDA80B8B02E3C5F4665D3225CAE2FD33A3EBF496080F745FDF99,,5C55BA9261C5EDE35B437885591076B4A7C348237D6BC20B151E282CF39921E30F9C83AC0667CD55282BDFB6E064DAF90082910F8F6F2C367C26C5D976C0A239,,CA37C85EF308C4E872C36A4C11D640473A650C5449D760414F71D32164E591D51D0CCEACF0AD792E3EF8D99095569899D02395C1A3B59C25D46BEA20F6352811,,945DE87CF1014395B59099F44B9AA748A0FADA24D12B3E86FBEFCB9DEF78106FD93BB2CFBFF2643134A466FE4AB3BA17740BF73F50A4B13FE108C97AEF6A9FAE,,
1,Linkja Project,71235E6FF2B6F2711FFE35D3C4AA1EA9794E86EF9B1E3D33A5E0794CE2FA344331B0A2E29C4854A67C0517F4A0CA2C40F00D079C21144A53D69AD6B6205CC011,016814676DED756FB0E35C67B8B1FB6CAD0759A4BCE59E483ED8AAF54D2793581CFAAE7812B598DEDAEBEEA634AE84AC71724D18E7980BBA62BEA598F7C760D8,1376FDC98AEC53A97F190D30D1413DC52DBB8E7506CBF2D22E26266E88C4C40846800FE9C54A7A6364EB310DAC8C283D85A0C36A0F6B975A31228DDA2939D543,2E7745D050995EB982C34CB8BF7E02F80CD48615BCA9A73C63700CBA794C292158696093EF7423EE9448BD6BAB7B15EE8787C906E40293E78384F2052FA5A1E6,B89638560F767CA43BA807577C6B44C2D426E971834C663660E7461499C14BEB9535605849645583919DF5197540229F5966AFA86A96DA0FD5DE520B1D936AD6,BE7223EA4465E5117C4E776F064D1537571866FA2177C2A9667E36F1BA816966B2149D833FC499E93065D87B435FF5AE5BB64937EBA41528E608EF180805539C,61052ECB16896F654FD67D9D621BFF78C82D7C1ED5FA0D9F4CF64479F4420887E22607901A6A98BBCD2C462CA74DA1721F87BFE8C70D9A2003B04945939514A6,2DA9C3635FF5E1440F667179C812993115AD99FFB11DFC99BF32ED877B092556B26AA1938DDE1AB8EF756C6B6F1106250610D3C577E7EF1C38B7ED6FD298DD11,8B0C278908453685432DF233A987F17026C0048CB1D5DC21396F641C6FBB8E01E1013C56123421BBF7E7F4E12C7561B97CCE76ECAE6C4879226DE1337D02F85D,11959CD479AAD03D1355C9EB6E776EC021052980DED70F5F4554793F9A8C28C71CE71E2F83C370F53B822E513D66DC583459F7D24D2CCDD6B344D23E0B9461F0,B8A80D3454D8F54DF95E1D05425B5BBE91F90E1494FB3E94B7E5C3DABD27685E7D09A8FA05CE47D4ACF0446174135549CFE69CBB79F27C3B229EF9D8C9C4E5DD
1,Linkja Project,470A371FCBED80258F05FC8822C612D1947AB14B7355A0E08E8033881302980E3C763CB13506E8C08C4A8BFDF4F914ED4EE4CC28D526A6C3DF3F6DD6689F4002,,114BEB054DE1A1639A0E6ACD7935A9BB3751B0A0C39C88E24002D13B24424377CF72A0AB2096D3C07134137AD62E9F002065B56026B525BC9DB9E2B57C95CA4F,,68133DDFBD3040F50595424038CB41B72828D602FA0548632B9319C62AD761BED85098C1D4B05008AD5C8294A55D116A6841CF96E96A4E6CED16AAC70F507E24,,984E098710BEBCF4799C0B0A2757BD71BAD5AACD605DE8284D33A5639DD81FA0E4489D5D015D6FC41F037771FDC2C5C7F8A5D7A32636764150F5548FD6B72E66,,45FE81A71FE56A04E3C0A0BDEF46022EC5314278BBFC81C3BB8E350F024C1D9D7114A544CFE4432CFC57EB1AF83F7DC45EECCE88F16B42DB30E13B0A02B646D4,,
1,Linkja Project,EE3096C21FE6AE0E933940F6521C62190B0F44A9BCE900958B61ABC3606D5A0259E90C9DA1DC564ED7A20FC3C311C069EE24567AC044C8295E9B548641E8FE52,5B49135F88BC450BE3434F9D86E1F274A7F62CF86E9A160D1875C9C8A35213C2308FBDE15C7C53632D8CA55B12AB61772FE500AF49B31E489FC1761081B39E9C,4EF3D917B0E1089851906A5C261AE114007EA0CC8D5852CE820090631F2DAAA30E449F028CE26FAA91F0522AC821C05871F44A63718F8586DEB26A2B88CCECDB,58C2B7923E2F1A2367309CF81952352830C7A807B8D58B11BBC6F7E4F4ABEFBAE26713820F1502F0D34DEB80F4BCEB15265935439FEF33B4F8284C753DF9F9DF,811A33FC8B44F02FABE97BACF70B1C63A6843C8B6322B90F4414F569F81E734AD8A679D8325B338CEC8652BB81945A69452670115BF75C8A3C7BD7CCA8BC5AF2,290397F1922A37E9DE7E09744FD6B9AB3EB3EE46BBBB88281C08363B083124BBF04CAF247822A8B726F2B4CAF4F97A87DD34A2E518E749E4659856EF14CF29BE,E2D4431AF72D60775ED4EA1DD12560E216BEB9D26D6D1DEA337D490E21650993D5749DF419CA978BF8904D68D0E14A7413801DA5D57AC3D251D40F0B37BC9C12,E08EC69C1082D3D4C7ABC2AAB8DE42A1280BA13DB7E31E44F81749E85CB2E1ACC1AC839852A4F57DDAD2FF62EB656496A58B3552540B30E7103BBCE68A6604CA,9DEF62F5F3F07F58B5BAA0FF71C0BCB3C7E54896A713538DFAADC2F6944BDA5A77143190137393311D0B3A0A97A730241F47280B314C57AC56BFAEB28CDD9850,80F4A707F466E956D4CF851641F785BF8D2243AE4D11ADC17CF130CDA735342BED3E22CDB11DF9FDFC7142B12EBEB02F58494D50954BF04A041BBA86E2B3348A,2D45FFC067523D4D141C7E41386E7357ABB2AFB35D7EFF2738D032E337E93C52072E6A7F9E94E5CCA20691F547FA4816B026B108C65587E8B3FE7A08C0949C7C
1,Linkja Project,C0A4AA4229ECB79F8DF0261416D38CB8E32F2E23EE882DBDEDE1F93F1C775EB0FB352AC63D594247B2707C0B56D6887841728883CBEB520574A0DAFB2BCE9671,,1DB89A31782D04E1D945E8F2A49A1BE700A6332C5B99FD8E33073AC3E86049EEBAD83D101074EE4A76A2ACE4E68BBBDA0C984A1036F78AA403541E7D473ED840,,99BEBF0559ABAA1655D23E7C47EC80567B14E85C0655B3296C82E87EBFDE67D514F317EBE69D76A25D309B5274F11BD70A97B180E6968607575A1540E94422CE,,8188A46603738D693B6CB952D52231612D05EBCF642B4FBC6BD7CDF642FDCAF48A4080893FA4310668A3801A77AE8ED25373AF3CBA49999DCA484FE28ADC44F2,,D984291ACF15E20B08D15BEAB1F00BF7F14A6BE816FDA04B12360FF12D9A8FC9B247290019C9DACB95B5CB117FE91C47AC1E7C624F39E4167A99AA7C1BB19E43,,
1,Linkja Project,9DEC8DD68C4A232FB9D24716098F7F10E22AE0619A3256E4B0D7B3B972D354A2CC7DF42A6FCFE8A2B819517576B1CDA20C21A2ACC067A9ADC16B6DA3A7D8D327,02F6513B2DC65D71CF9AE9248A1AEC1E91970EB9B95F0D279D49DB8CF1CF73DC3AED74F012CC5A2624EBED48510BCDE0A6A697E9E666219BE8416FE935C99BE8,6B7D357DCDE900D7DAF3C7060A386BFA4BEC969FA955AD972B0A143BF551164399E065763D6C1264C944DFE71C73595EE032C2EC32E170BD2072A3C6284B9916,ACEDF0D336163D2E3533F9C6661EA3B706662492D26200BB82883D82B4662574BB0AF4B20E717390B569B92B5CAE762727D2E841B621D587309EDDF0E8542A81,C444F02275ADCC4CD9D46B16E76C04880AD69DAD700541B4E29D8EBC02A4EE3CA3E80D0AF75675AC8889C07CEE614C883E2D99442222BF0FDC39D6AE90397D23,1F62291B2DC41AD49863E186C50327BCE711A511D210E0764A95D62952108231D4092AC8591F2260E7D3B10CC8F6F9F906667904E13D089059491D8AC2955389,07C6E68D792B0547F2103D19F162232F5DDA61615CE39F7F7777726D0398EFAC18ED03FAD40FED107104DB564502CE2043B71DFEF86C8B9467AE433C38A68A95,D3094BFD52F34271CB377671F311752E0BC5B1306144DC7B98FC3481E43AE15E4D8372F13F6B1B4F2B518935C43803FC08CF3FA0566AA11EB23E6AB7954F79B2,936CF6853B1E2BDFDAE6337315F216BBA6DACC06843228D5CC6BEB17D4CFD5F3A5905463F478F235BE00237CDF37816ECFCCA3D91403CD463492BA97027D8684,25F4A04A2D967671D2D8AA0541BD59359354CB9BBE62EEF1A02286484893D2EFD5E1048F4F1C1CAA05876872AD1AD755087C405595A900AD50D3CBB5A7B0CDC1,716672AB4C057E7C62B8BA8B64C0AE64A8CA51FD3B65D10A3765E60CAFDA8742B8025B952B4E67C1DDC6213EB527C0A0FA9E19FE5B4791016FD9BD5134825E6C
1,Linkja Project,B0E902A97A69373195520D2F839CD263386426504ED950266073AF7E1D547F287D34E8B3785C67325E46EF9921DDC97E3C2855BB5C4F846DFB86A8A4B5F27970,,1482424D2A05D4A6CF3D7A44494A2B315D4FFC556709FFAF2B62E3B6411AD2B051750245B8B34813976A285012213BD4F0BDB90939C9F45E027EF7F588461238,,E6B95E546C0B7A6F127DCE238791A0CD706955B2DD4D8330574E828C95B1059970DE668453354045E5C8636B4F2682E55572B56145F2B083D2D35369B9F561C1,,5B6A79CA917340C531039EA6E2CE5C996EDD8BFD3827B85490659CCED6C319E8A07C4FD393ADC277DE3C0F75CE51384CB2987E89D4DB0DAF3BAEB44D220A7946,,7CA9D17C65657165C2FDFC51BC2742265409715773311223E74667B165195B1B4EE2C0FF906526BD58285CABF18F67233CB452E8228ED4C424A7830C94CDE8BC,,
1,Linkja Project,82F6561F8BF6D4372C173224B03D10718DF554E76CA08D71870CE0ED2AE6E84DA42EA2CD5B32B99ECEC4DC0F43E255CC2324C2AD913C3C193E95ED5EC625910C,,BABFB56920F18694949A4A3FC23C0DE0525ABA7520A42E7F9059722BC4C68E9C37FA708414E96295FAF5F403E7244518321E73B4C79416C13B2A3CD486DCBC4A,,C3DF4481687D81D6C0DF1E49C2DD9F8315B6FA021C3722A3378D50F7E68CF9A2F9622C924FB4BB635B50DD3D11DFDB0C94EBEC0EE295925AFCE731552BB9A991,,D446EF189CECEEB2C6D6FCE6AF5EA76557A91821F1E72C9270E9D9E17FDED3EB62D1E18BA5667EC84BC3AF67E75522547E312165598A5F3408DE59A4B61D0C49,,4EC2AE397D231F40526259C9D62C34154619F0CDC223723ABD94D93CD63267DC54F38BB9C36E28494417B75E1947AD262710B1C50DADEAF2CD05BF0425BE848A,,
1,Linkja Project,D4F2C70779ACF6A01C9724E5B43C0F9E25BD39D3CAEBD2BFA9A46BB3B8FD47D0ADDFABE0E9C320E0FDDC49DC6E3B63809798C5F304F780756D6FA8322EE23FD2,,21CA464E69A4EE72520ABE36F1063E8C6D47FCE7B8A85CC37C605F6EB16538699D3A8B84E02FD8F3E2FC3D525E0ABE4686FA10A26930591262F6C937DC632CCD,,17180E2CA4B4C23A4D43127252FA4232038F669995ECBDFC69A2CDFD1A32C1A16341C01BB7FE9524401D99698F9781D6184E3D31914436493AD1E966D8BBA4E9,,89BFFF4BB6E36A430ACB8A8507CD783DF8C386F9AC693A600E28F42F615792573A451C90031CCFB3F3EA643564F2971290222E07ED624936F71A834BB7818C8A,,766BF72CD9587C0A95B6B22893762EECFEDF8305833EFB32FE67472AE32C992C281BFFAA7AD12A21646D299BA0657995F055B7995989CD97A1493FE68E722667,,
1,Linkja Project,68A603971E767C3DF0C818611D120E61DE586262200E7611A970C77AA1ACD43CC0D1E847F3B7C8B24F2F431527831F74DEE77846F071AF28D649672E985F52E9,,47CDF8BB31FE4EFB6675A9E4EE5AD426E6361A43BFEC0814625B9656D422D282F4D45393F52C1929CDA05530C10038D2E8D18F226CD4CCE810CDF3DAC3AF60D6,,1C4E0036A6F380843E9A360C62DCDD97562630A7200D177B16B4EB07A92532E2C1E04A9B2E202438900838C925943AC86F798D19E5B227650489F726EC0A3954,,AAF87E4D14CBCBFABD216623BBF18C3A1D65880B395CFA18BF9D84DC3D67F927182D7943C14EB48A6786AD71D57140919F148B901D482F65DE2AE4DD708CD8C1,,E9D88EA805F77F8E11B0DC03CB8357C796C7AF898E490CC420C63359D42B7E02867463DBC487A9F3247AA1F5AE6B0A5A0A34464242FEA550240E625878CDE8F8,,
1,Linkja Project,535CFF2F94CDC475A8655E420DE1AC8E7E76CCEEEF57A20CD0846A20770A45890226DA658A13486FFAFEBF1107DBD5B4078413BDE537ED384ACA0B19952AF276,,1A636CA2081266EFFF31EC3EF7264AC683EEAC4397DD5748665F738504BB5E6FB0A023EE1CE7BC9DDCFDDA08B5997AB49048EE144035DA5BAF501AEEB5995795,,A6EDA240EE7F91270D7018A422AEF03295411D88BAADB7F81432E7099070EA02706A03B325205646DDEFF48F046F2BE535D26B85B3BFD44BAB72E67062183951,,3660DB7B80F682AA2A0220B2E1C02E6D65BC28A471AF5EF83B62D1D0E728AAF0E97F312231AE184B58B7421BCB05C8BE1A2980022DD87937347363D7D6D4C47F,,116EA57B6A6FDDFDDC64B1AA3BEBB864FFF997A238E8DF778E8D66546205435AFBBC652004BD5E6ABD6278323581087EDAD07A794C086526CDA6FC15B18812E1,,
1,Linkja Project,55A800D5F728B474D00A04C7C32775EE6F81F13BCA6C8BF6B69EDDE316073DE673D49A6ACFBADF0117A4A26C181EEE3A52D9DBDEF777902599CF798CB6618F3F,,A7E2C9BA26C9D3A2D441CB0FA1EE3A59A598B07665E2AE15FC258300E3C3ACA48A62DEBC9D53B156BD37E70EE60D659464F33E3549D2A3D8848CC75ADE033E17,,25F6D179E232235A9EBCAD2BCCF7918F0DE54348751153CAD82A03725F95BE4C82AC7432404A4FBFBEB2B40A3665F352A61E4297E600E8A726EA4CC39966BB3B,,3C37438097F8AC5EF4A75C64DF219CD5742279A4610970E41CF0D5C04B7CBD33ED7FCCB3E185D785811F788A2B94774D662DCD906FEC7858F9FEE92C6E62DFC5,,262C7B9D23137F32CB401B8A1F4C21710839E7D118ADC1F1A28724596CA9D9AC81493BECEEED7E68265BDFF2C3040AC4D34319A5AA68662ABFE05284C79258F8,,
1,Linkja Project,FA56F3387D175DABBC6C9E96D9B4A795BA349E502DB9DB9C282F862C00BF6156464757F7D199B2C549B31017F25785566E81E70B923779E6D1EDED81B08AA105,,0B5B533F5D24159A4FABDADDD7BDD8C524C2727AE1F03DF25BCC0AAB7D9100ED72EFD794F5501E58D7C1FC792C336EFB6DAA74198ABC473051F4A99CFC3A43F3,,93FAC190283AD4008EDA4BB2A064C0F8EE551398B2AA8953498C21EC008764CCDAF61F90EB7268A3B58457564F2E32ED7C71FD98DBC685C8AD0FE831001DE9E8,,66865AD5C70C49D5AEB5BA2EA3703B278FF04A17112BC48BEA281397597C787B7EF4B72F3AD006E1E28C8E7C2B58C58FBB642F93FB9F2222E06DB3F39CB4F891,,D85651904985AC07746B4CC4B26A8021E2E0AF027D76A76F309FCCB376ED98227B40EA01E97FC6864415FCA6817D1B706C78953086010F78D5C0D54A4CB7B0C3,,
1,Linkja Project,7010F8D364CC561AA325036273CD8F2C5F943B13123B93855733D785A607FC07757B3987698B9796623EE1AB8D667AE7B7039EEB47AD107AF179FEB6F120A5BB,,CDF5339F7322C5321AB91B6F45DAAC0A459E94B7FF96B9ABF9BFAF84DCCAEC5C75126F4827B3C38D209FAC255FF47E5C20F2701E49FB65B896318A1385BE6242,,E8C265A6BF3E72F60BA549A859413FD60815B5E121E5874B7AABF996DC8DA0042A0A0488F9B978B089ADC762C6EDEAAACFB34C60BDC0818581B2DC5EC3305328,,57E0FA58D37BC0655F5F40D7B42B3840EB1B64FCCC61A68530BE0CFD781C0D0DE0C3D6502886FAC3749D5B890BC5923F432D9C4B7A6F0B7C7928A6EA09EB74B1,,296A8F1DF1F982694AEFBA23E0E6774FBBEB238C68104A7C9D82199F82964BFD369D1C60358B63719F89D7C253495EFDF6253A97670478F0224F83E10B98ECDD,,
1,Linkja Project,2C242C419FA327EC6EE7E5DD1096966CC46B9FB5B7FEA6D8141697C5DE8B6A40DB2CE4E463B16794ED68DE7D07C2BBAE9B291C240C53F7D60903813E10D41CAD,,9292DEC58C124E2E7BBBA5BD6F03344ED5E17B61FB621A0EB7061BBFD0746F215E9E46CE5A4988F70F7EFE340863C8CF1FAB06E8AE21B17D2BC69057E2FD5577,,1D3128765078C43E9035015DB26F54247F4B73B1820A8F29770499E9B7AE2284CBBF4B6C9A362E4BE6ACF545799C9A9BE7EAF36B3559CFB1478E1B3363688A46,,AC1A598A030CBFFCFD26D862F037D478C9A35F9ECF9C9E4D01897D60C488E8B56838E8712A2931575798C40E1DED60EE9D4813E2D776E99E90462A6A23718E5F,,209A5A0975839BF05CD519203D38DD180DAADD66E1C01B67698ABFCFE685D55C135D54785E9EDFAA133A25C912366B27DDB5D062B7D29B39DF465BDD4A5AEFF4,,
1,Linkja Project,87312BA7065B7F88523B6F1E879A282DF784DB00B8C4A2122265061BA78198476F582CF5AD62368F7A8E17F07C91F057F0877ABE73161E72AF3E93A495390AD3,,51E9E631B5E7404002EFF79681CEECAB6FA7DC6E858EB1E0A8AC1F5BAD0F1368FE8F980DE2DC263DEAEBC049C65D60E3D6FF2B68EC1C1F239934D74949DFCB02,,FCC687B84111E8E812222298C8E5D5A0F62792347EE64BA6690801E4F8206089E7FDD938A26CC5DB6959A6B26E97CB00FEC0EB57D0C944681335113590BDBCE4,,093013B94FCAE97F741021DC56222B138BBBD9EA5D384FECA067A92A7DBC83BBE7698689157A87070F2BC905BBC7A89389934E6A89521106D064810F15004AEE,,4D8DD6F1B3B1A8BCF442DE229D03B4C91B6BAAF3C0F44CF779156CAF83D72C501D3BF506E7456FA39E7E502BBDAA9E7B1925A973ADB06F6B7E0A7BB9532CA932,,
1,Linkja Project,A7A40D5CD5275D355AE93617A9E457A25E10B7D6B3E60E8CC27F97A08F5E73E496DBAC15EA5FEB77B1EB0C8FA12ABF87693BA67966997EB043B3F665966A8013,,79930767485AEFF6FE8A6030CC74D01ECA30A7CA9B6EC73DCB8F0E500AA0D2FA1F039B5F5B3D454D7020BC94E55009FC992BEE824C16E9EF91EA1E20A2286603,,E67EE6F052CA970E85768E476DD8D061D39C37C3DB85CBC858C66E8E9F701105D5DB1BE0A6A2A02B0BD6C935070DBBC83B097562C5FC38E23A4D69E005474E9F,,474FAF1C8571EE1E96A0D11B283338A9DEA6811FF6A3BFAB86032A2D701A5D02DA28C6099A6A4C97D725A6F7D86F9E14CD6D2DF2614B154C943B4A832064BA10,,2DBEEDF88050AEC1EDA4F3C61D55E32A7BECBDBD28382DF9C6F07966552ED8FE278F6B514A9897CBA6C8BAE4ADE164D9B871A8D77A6FFC71F8C4951A60A89E6A,,
1,Linkja Project,913585D243BA5787F8586611D34194FB3DD6AE304AD7D92F791B493F6BEEDB98A29E78A091484BDC5EF3C4860E48315853A02D912DBCB9EE4A635F9AFB5767D2,,D13A1D069C30177EAC21B13C4D62FA56EB0B77DAC688D46B43A4FEB45D3DB60A2A98E5D8A6FB86DBCF72CB5BD837153307D473213AD0C61D754B0205B6163F7B,,5ED596E7442FE2D7F37AE91DEEC12205C175DFD3C4A3415585C5D86CF7B05AF7A3E7ED366779C32BA19210BD08A0BAE768B90300CCC4F55C8A26AB64FFD025AA,,658D22754E1A482ADBD5F3D97CD2AD13416AA23CE48EFC23AC4326236CA2AFA137E960624F486FAF416C9BBC4CC6C38E7FE20A387E8D3DA272BABE25C361F909,,867076C583D8FD1186EC37EE0CA187F2503189F6451DE7C9C70A4D376BF212C3399490F4902CEDA1A1A5A60C19E23D4FD58F85A67FD25AC6CFFCA1E50D1A031C,,
1,Linkja Project,DC44ED7CDBE9EEE52BC9AC08894DE963075F0C7B97326A2DDEDE8AAE685BD236D826575301266BE198E55FB58AFDB534C337EACA2477E12D7771C3E290242BFD,DD266F49F0DE814A4E59F6F703879F589161BC1E649CF8B84A170F27B3F4A3948E4641CA3ACBB1621E0330EED2B98C68D329A377A55DFB584A709CBC6EEF8A0C,16D21D3A459E79D9350D8983D1B782D95E9746965C8752124550FBC4B36601D2B07571F716DE8A4E3105C7E9EA019029E5BC364A61D706FA38956C6E68415F59,0FFC5AAB524B0B586C94696C5A5EE8F26822F99831E4CE1F2E4A75DBDC7A3B54E311B04B716FA3225700B31E84A1406628869472204562735EA03E33437399A4,E289120E0FC7DE5D764AC5A0E69B2E02DCCC71D6ABD1F7862F3FECBAD51BF96A4FB4E740D7CC2E9E5F1ADCE94F4CD15AE06BD04B205B979D4A9D5458DCE24FDB,E7EC73D8BA621BFFEDE306D06AF59D3FBDB0C868A1D8FEE1179A6609E93C286330BEEB133DE387910F8413AD54A1C1C3406D5D4F7C5E07AE3640A81E13A6F290,8C99A1750A54E40D65F0CBEEE7013D9288BC28D8A5E9E1A96E2CC7212122601EE3177FAFD3DC4D1FE375B40735E16FAA5C466506CB146AD9D4C0923DD82B2CAB,1AA3E8DEB1C3E8EA52B1021C0F94BBD076D77913CE7757F987B8BB5D3F47C5D6D3A29F5A31249720874F1985F74B2DF2F962A8DD94D890F017B8A1F3FC20C39A,90213A3B6303CBDD5109C1DD03BA37ADBA18A48476613DAAE9D25490E01DBF00449A00D0B6A4A7AE913FCB041AD9BC5E9483677871F2D4E139961DDA9306143A,0BEE396052794B3BA76FB43FBF86799D9AB7FF01CA323D192EB484B599D192996457A142CBBE67D075B6794F46EB0840B6711CCDA46F4654CA3E8A1B73182192,BC94BE297AB09327C9F87BAAD11F9ADF6C895ADD569A08F17182BD7031FF774E10E729DCA698AF0E066CCD62F1B953A1E80F743640CCC0268CEEF00B78922FC6
1,Linkja Project,50E369840D1CF2A8BB7AD6D0183FB753F03B9735CC9D3745CD5FDFB5421E49CC6504ADF38B647927C8556EBB269DBE52FDC011561BC1F6294CF9F12D5B46C779,,8822E1831705716EC4B4B5AD7B0DA8D47B7E3F247472ABBB4CE2F4FB94BFC374C436F216C468702D580715C975C60823BBB2CD0B1B7641AACA7F1C2A36BE7CB3,,5A8EEC83BD2F1A63E837B74E28251E86DC0498C1CBB6A34BFBA6326F224941427227B23F520A97431C88C6E9C8E1A093C11C26E10CFBE1FDEC73390F4E335D2D,,5AB9CD2C054E9AFF4DC2999FBC71B1E5099ACED61164652740B95F06C579BFAE44547EA1747CCA22213AF92C6B44750949216E2A82FE401DF93E566D8D09DF6E,,D3535968E2BE612A6DDAA2816ACCFFCF2DE911969B458A853D2D78D65B8B0A8E73F4CB8E58148E6D89041DCC139774BA7A3889303E9A32CCE074B6C4D054CCA1,,
1,Linkja Project,4329BA99C6523E4E84038A7D74E1D2A254E0E68C44F32C0443AC8BB1C24AF6D27E8443EB67654644F3E385B376F485B530E94A7168EDF37FF9EFC059D6CA9FD5,,660323A5F562150C911D2FE128CD12A76892B401DC44AFA3D56765BBA0B8C0594CFF9F5C62CEEE1D59B3C1DFB3B3A31C9B01A1066472AB79CCBC72ECA8177BE2,,FE96CC801BC2890C6A55B12DFB38C727BFA7488410C708EF5638216CB543A4FE163166FC620A6DD0C39C668483CF0866DB933E3660A8FA7A377E10D3C8773EA0,,DE6CAEC3D685F3146B0B010761D4AF85156E56A45489AD578FAD186532F51DE698D2A8905C4149C4E5293B65049044C60B16A729AAD0665933DCE405F3E14762,,04DBA4DE4284367AF71EDEB23EFE575550B6CA3991426B97E2AE8A1756BC034FAA90CAE3E08DD37B0F3D1318CE2A70F02A9DB909B6D46A73E92BE9B781ABBAA7,,
1,Linkja Project,7E38C230187A00A461164F457206C10C7629D2FD302500089FE1E9BA1ACD7C740908A42486BA78EFF31F8BCF05ADC60E2538E659F1EAE0B3610733B52D60CFC8,BD9E95BF16E704D44B1425CDF61E86309BF3E53E3F0BDC26F2585A3BF0E91A7B179D231E4AC541F3865D1E859D3EF3CE1EBF4E9076F2D5B982C4D5D9AD3A79A2,B40CA2BAF99E7BA5C4A3734BB18466A5269E0F1D7662A404051A7BD7AAB93CAD549F8727E28A5D502A4A3F07AACD83E25E262954C7ED96A4B434459E43425D9D,10A1B3638E73308626C14A4C21045FA79EE3E86B522D21853009C1BD0353731BEE0B9E6FAE6B2B7990BA703CB100CE8C7BDE169368D238974EEAD3EC2E48957E,1A3FBE9A73573B978A5340425FB2E629CDECA7569120B52EC50B1347B45653B27803733D206C1352829CECAF77F9B6BFA6CCBC673B10B44EF3EAF8A0834231EC,16FFA5C7AF9F0916C81E156EB3286ADA732917B830D886809092E0DEC73B94ED92AEF0A8F1BDFC9D60B44E2E157AEF4679AA637A1260DE08B1F54A565210074C,16F5DB86617BB8FECA643137CC5B0C0D6022BBC428EA71F629FFA1F25BBB139F043719E8BEF59AF12057AEA9B7FEBCF2787B58B84895ED9AB44308EB71B7399B,5EAF2609DD7E6283FE94F9719461502B0A4B72A7638A494C98D9105058A0580615C8F62C1CA0D3E6BBB25C31138C1521E8E670BEC9E74B65751F4D3A52479680,755A701F5875A33898B38B9B809F64A1F5FB206757A841711702204049A92A922225EB3E363E602F2A39A16873B3B4E83CBE39733D52024DDA6D4C16ED3910DE,0636EC337DBBC6BF46D9837DC353F4BCAC600E87FF5022F4BDC5331EAC395A5A2D5AA6BD6EB6CCFAA92F1BB01E69E1D15651BFA913F9277D45CB8294352986EC,2CF21E1A2BDC3018829B7A18A7522FCCE545BB77216E20DF23CDB56658B3636CCFFB10A6B3E2932A94B8EDBA7CF56E613A5454FDAD571B01EE04C6F6465D64CA
1,Linkja Project,A3CD9757FDE3BC59F780E7DDA7F1AC5E1D71F2E2CF5675C574594BD217A649793C080BAD14B84DA2A18F9220FE266302F7BCF5FAA8953C582C5C6E809B0D7350,,B3E4075420173E9C0CA552BDF98790FA68764ED2118CD9F028A5811DA57BF2486C5B585F0C9D3600FE8BE534338A79409F30785F351AD7657A9D782B0C83DB0A,,A186A1E772FBFA038E65FDA020F42E711EDA5AF2E5AA0E9AED130B4D21AE32A7244923459B5362D0E56ECAE90F22A5631E844C49EE6E442299AD81D1910075A7,,1E3020B99BDA162D8FF65C9B35DE9AB8B6DEBC17AC0603322BA82EE94F4997A06F397350AF7A7D81FD2F8E7EE42E03D65B3A3DB4D6CDFC3667A7B852B1C52DF0,,BDE3BF9A94F26ADB993054F744799AC7D47B6ABB9E7942077DDE7C44A248B296D90598351D2DDEC55B20058970055C67CE43E59B6510F011AD2A6D5D25B69A20,,
1,Linkja Project,C8FD4AD9A09F6EC82E93D7F80DD92C6636E5E1BE2CD3869B5E48D15572F3F3159D74ED4939D1A424B4093CC1094132A62D48A659E46F8101310AF07B2EBCD128,A0F945F1322533CCFD802E4A4A76D1E642D2F8536F1760F487F56866830B71340F17D5FCEDF97DC2F8255413F61398F56982DBFFC4B4A9B3FCA9F9F43D5C6C94,FB3D2992EC7DB28C774483ED6ED96199BD90E82A39C8BBE6BEB7F3D1F5BBAD36596F8C63C3C42B06C5E78E77B1410DCE7A6629C33019B4E4C1365A6DC8E4E174,6CC1D64A4289F442221FF2F81F4F68A6404876CE39079556B3DAE086E659D25DB00142B30EFC00F63C0E4350047F18B709D04807E398F70B40934555EBC70A42,10824DDF684F6A3A044A84C4C6B140D9F437987AFD62A1B8F36DF098AB4301CD1EE33C615C1791728257E9734A0F87C54E4DACBA60C1EFFF8A7C168AE1868B0D,73F45BF5FD21CE476C04B932F4287241A1F1B601379D9E170C8712A6FB4FA5410F35D396D8C458439466D61B286B189E31FE35E1ADE813F4D67B870EC94C6E57,3EC30FBAC1A830ED57B0570A062763ACBEC6FAA0B27B9D00EBB093F3563BC96CCCD36971755D8F1B46E72F3FCD35B24B4CB06204C96CC27E98CC5BEA6B58AAB6,2F964A3633BC07B7A1849D8238C73719562B3E70E2AA36270BECD4CA72C7AE8C0CDA3A0696AE7FB3B5AB9FC338624477D7781C3092A2C37122401FED40B0D715,EA140E47A38BACDF6DA889B608CB0062E99C454038DBE30FA0BE9E2526E37E63E965A5014428C92B24BC0D025E9357D413D83156D27DAC10271E445093F8F698,6D2AD9401B159916B89F28109B23BDD48BC2B45D93CC956EE7198DE0ED6B31BA6A66141ED492483D8C4D77D67CF680776D4944A9351D7CB6A26C75E8724A9C3F,A7E9C8746F0FE9C7F96424B253A926CE2FC6143686AEB080D11364839741D0474A2E20C37F0A87977AFE56C21D3331A5445D72DD5D27076872299A5079C0D380
1,Linkja Project,128B09923A568BF5648368CA612B2A611C85E2BECB0C4E54BC2F07D680063107BF8B732A0773A09EAF2911821AE40B56717C5C1D0D9A5EC94E89555D08CD46F5,,EF0B4CEB4B7017A84AF68F536ED755DE679FC9A230D46B8CFF083914BA48ABA74865744C38A058EBDDDBCDE156F4F653C32A5DB32EFDF03BE43E5B8039E5F669,,5B9C52480425E11169A4564BCD11444655F48D92E536CED4113554E2D17E0BE86715781694D0EAF8D3605C3EF77E329469171F640A53DBBEA6773B6CE106E2CA,,93D417D38C5BD28ECFD5385813EC6A9D10A8D6FC2BCE503ACFED6DCD1DA81A561BD97FF472BAEF81C55BF84A6DC32DF1F596EEF9551176EF6FDE66E214C77B74,,40BD431B516553BA5D703D158BE4806BAE52488CDDAC23FDDA85B2E1A5AA7CB1BA6F960894A7F13362A09A99A9A26CC35B6F0839AF5B80169D61289C7631B795,,
1,Linkja Project,E37E1B6F8D3BC1D5C15A26039B84AA7CEA79375A46A2A74CB170E8615DD1F1D48998FCFA93AE93D75DF538703A1AAB724AD3BE1BFFBB1E65249A3843D5DA0BB8,,E140DB20A2E2E60B985C05A3CF46094F73B2F16C75FA7A5F9B261A5E8F6B43815ED5D9BFDCB701126A3CCD8E5F6D33C0C3236207C75C5EDFF421CC2244800592,,9D90CE6BB49AB1D18A4A9B217C063D71FDE4014BA6DD652FBC2F23C10DF40BD8A2462C3B1C0DE2664EB432E5C6FFBA6C8FE8E0F64E661533A509AE3C57F47FF0,,54CA94741B488E268DFDCEDF1DCE894BD19C8B1B757171E32DB005BB8AC90C0506033DEEEF4BC8F9F63A0A33FF91C7C7DCCF6C237E8CAFA8911AE8FDE535822D,,9DA15F8A43DAA39CDC9155BAD8332C4001D31F5D75DCA6F9E3E39A4911D518AE7C09EAAD33B4DC41D69DA4DE026A722E7D9687DA3614F4387B0831DFF1B546AA,,
1,Linkja Project,2779F0BE904ABDED10F8BB3447487A55F29C7D4F5DB009032C380EB55ADC180EF28EC45AA363EC4651F4B5CD5EC45C94BED4D4DA8C18CD816E1BDA8B17E6769D,,E242019119703ED0ED8B2A72CC23D270F92F8581EF23B2EC51137AFDBF2F95C1A2A3A9FBA79CD3D76E682EE3AAAC5FEF133E929560923044978128359E0D36B2,,95D3C507277ED33D626029953021EC8F4A23571F80042D353E2D6A3B6F0B441332E04BE10099D5611A8226E5D6C1377D1BD8081099DEBC0590907F9E4C27C6CC,,831C271F8B3E9A6D95B3B8110E25FCA5C589A74007E3C19011D4A4D7619E8BCF3E2A9C5D8DE1927171F5A8F11F87738CB003B57F27C9DCE6F1AF87D65809A0D8,,995CBD92178D0407627BA3D65BE08E54A17D2E651763B2053FBA0B02675FA0FFFAF430AC1C1553C55DF735C1B2B645E30C88C670F3D60E5546F22E1C1405873C,,
1,Linkja Project,93EB1E7D85C91F56C403D87D037CD4488C3EF68F6A581F2586722B95F850BFDFDC8B44E886B29054771A0D9860662048DB4CBAC46D78EA86DAF9696F0B7B05EB,,6E1BD241F41BED981CF3167AA7360D4609F34A50E7157E5ED00A7BAD95CF8F803800C4FBFF4AB1BCC9E38E88883BC4BC2C6FA347314F54CE42A4CF4648C7343B,,8F6C995861ACF3C0E77EB82B303C4A01E0A969FEACAE650E703D31BF3E1A78E03CA2315D09B04967F0F974AAE2D204397D836FB4ECF3DB310459A5A10599B9D7,,D2F8821A5FB1A633FACF7204FD0CB34919F6DA12F8E86C163FA813766B5BC19548190936B3091933C4CB36BC7841C9AD3F7186477A34E34350CE3A95F07DDF3C,,4A9A8B47D90E1E58628DF729D24956BD26181BF0BB891B70FB5C0DE671A3719CBF81E6DAC3F00AB98FE05F3A36BD465A8C2FB95565534F313D24E96587A5EC71,,
1,Linkja Project,36C5900B67B9FCE0A80F1C0BC3AA8EA34B466F3EADE78489A658180807FC818B918ABBD9200BE59F07D57210370522C8CFE27295398DD8A908C6B5620F5C8AF2,,B1F168B31A5B88358727A88CD7A59BEAF4F74169F65FDBA4A2C469DFA4F8EFD2447F447D7485DAC54BC08A39E2B17CFBF17DD9D6403CE987B6710837E6AEA150,,FA59A33AD93FD4C75D8407670E61522697B944EC2208E1FB24E926A92DACD9AE6BFA047040240C43309F9FE1CFA9AF4A40CA5818018EFB4DF1154ACAF0509BA3,,FEC217B0E88FF022E12C3FC50659BDBF0E114C50330EBA17D72A8358B1A38B2F6259375979A28CF4C28905713E92B65628C56D01FAB8199EECB330F30999E20A,,6A29DFB2F32977E5DFFF43D97D401BF641D9E173F561610539DC680D11814D33969D03AAA43B58483FF405810D5C10A87B301013E883D0B3B076B6985A940D21,,
1,Linkja Project,0527BF93FAEE90366DF27BFBEF704C75EFEFB9BC60134D5A8B15DD3CDE5335146B67830CB007CD02FE824BB78914E821C12C26128F44C9380F2B22112B8B826F,239626E42F245DD3DB5F71A37086EEBB47C2C7EAC4ED68C30557EDA82003D9D00974324DA298B577706E08C93712B269429A05DB2ACA2865E105AE292B24F937,FB56290DD6B752CD966C2631287D99D28DC98C3BB027DECA87F6217210C070F11A8A2516D26774379293A5260551030C433E648AC4857340A993502B7444C0BC,11191BCEB3CB740C8C34A72E1FF26FBC8BA346FC7AEAFC8141B4154B6E444216FFA0C16EA0E725193FA3945D73F21087522E09547FFC2FDEA420C9BA38696221,24BAE643FDB2BE2B5BCF36989D15A1743348FA8916306660DC6CA7A1545E1FA313CBEA360FCD0666D0FD5353254E665C15A5DD542EBB97FADF0C0B4CC752A354,2FFD63A60F9EA0A476F4F0A98D67E6F7C63BBDAF2CC59FE62304A03E31F756C73FC236D1E0539E2E6177B5D838CE79593BF997AD8E42EFD9DD5705F97808FDDC,F113C6F9611D34D240018364796BAA55AA47DB607CF90D32C20F6BF2B01CAE6289FE13181697481082C6E12EAA68A6ACEB97BDA89E352ACB9C9D5FF45E9AA35A,6778D2816E878F07CE1235ABB6645A0FC2C1B8BD397E23B9CE39768C6EFBCC2D3D47D265C0FDA02106B5349DB1699E120C998933232E83C04D05B8C929E57E20,ABCDDD426636FA0A12281AF933C641356E40E4783C51C674D26D299E3A62FCFE6A12770DD7E597EEC4BE053556F72A24BD1BED895FD53180809AD501C8A19638,C0A763C45F1C0802451CBA41AA691F606D78B93B295E1F67EDE3492255C9F64E61FAA0BE26689A3F738991754CCE137C0CAFAD30350B348E0A2EE89468E231DF,993C1239F97438B268887BED3B25319D477A98D617726AE8929D83E1DF99A5A7B492D6AFDDA35EF0F24FB363DD14B2024EFCC7D5EBE0BBF621A5212BDC37B09C
1,Linkja Project,B37C82E6573DA81CB3FDB15AE55A83D9F96D1501DEC2CCC7D05FDE0904733BB7B4ED0F0134A03E75F6FE9C56F41310FDACC3B20A835FB5388A8A5452AFE55CAC,,2985788202A23E3BFBEA918F6FAF6D24B40DBE241DFBC64B3158BF1DBA5C8172DBAEDD3D7A275D79C22DAB1ADF0320019329B4DC07FEF2B69796FBD388E00C9B,,E049688F66A1F8CCCE303BBC904A4DCDD37CE3BB9061077E84AB83E3F2D4561ACEEAB9453752F4619374EDA7C53F2B0BD2C10A4F58F05FDA50E128CEEF902816,,991DA704E9733E22B33377DBE87754E9B71A4FDB9F23D1F4EF0F40263419F351764DA34F89FA3C44674F8686F7881CA48A98C0B0A8D71671B5830E436864C5BA,,BCE5F765DB87203A191EE621E01E161E282C7B35E64A40328E787E2FD436994AFB021D499598BF63F46ADF4414B270EF25864A434276C1EB9B8274F158A49333,,
1,Linkja Project,94642CF4FEDA7EAFD0907CBBBE3D6FCDEDA3362444F3F10781F854250B265EB3452DB6C1B264C9505141BC493760A6A0574E6C98B7AB55E12874A19692C0068F,0E1307F6C8FB792EC0E5B1DF42C9463C73D7F34C3327BCCE1A1C31672434C3A8CA26AB03307A70F3AB8A60213DE8CC28EB0B09FFB2280F737026EF739CDEC92D,9C8359A174BC7E24B2A806785392FE543C1695F9351E88D1694B3F16EC30F7E7094E7C595BA1A2F7E17576C897FE25B3897522E2D46B80433CC24B6817727998,F7F00EFBFAC777131902EB11508E277C28C5824488AC5D5DDEB9CB06FAC5BCBA277BE8243EFB5FFDC95B1738DC33163DEB8CA56DF9E2260770393A40222DE894,C13E9599F9A398929D8945FED185DAC21739D57E2E462254E7B2CE9696C6D076F0E7B46F881A5E4DBE73ABA05C294516F0B43C55BE33A04660B925E9E16EB585,44847470FC6BCC3BF3FF01896CA8CEC2390DD6B1390243B3B63B5E86F932A26532DBA736C684527E73422C8A0C61666AC8626A0A1C0F4E766FE823470A4ACD58,724F76E15368F2CEA09581BD72724230958B4A7F66C408B63D6FD547A970F3EA08F72D30C9281A416C7978818FDEFE437B09A345BA23FB981A6AA3B8CE91C8F9,21313B7E55CB8C2C636B0688F669E4DB7396C1F1EC59E09A6D0186DFB5E75D8736581786B94F12CC47AA659B42EF062377990950B001C048D548BBEDB8BCEEB0,44D43A8BE79B57D986AB0154C56EB173A08C6E0C792EBA081B1A2F81C1A25332DC0AB0A18C68D2A151B71C3FD585B444B4B8ECE9BC4061F617BE722E5286919F,5A998F7E7D1CF5AB1F0720C1D2F80023EA42E9CA1D37F9FFCC87C4A24CECD9A280C31AC52A0573A8E59BF856A9D0ED6CBBAC3B08D62D04CEFBF8FC7F9A81DFEB,208D648798002D687FF2E2837DB6AA9BF21BF01EA2523DEFEABA0899040215AC032E1DD5C9FC638E70FB0AA720E15ED61D2FB8FD4C587A3CAEC7C259E6DAD392
1,Linkja Project,50B886934305D02D3E849CEFC74DA831C584F1039C62E90A3FCEA99AEF7CC40AF6FB0D889B5AED0F7C194CCD32B625F33056C81DCD5EC4590E0FFED84833A846,,F2C8F4DAB2C4DBD065070FAF227F663E7BA5E0831EFF551996F636614FE02F2BCFE1C1B0C5A04886DCDCBADFD11DD3123FABE2E8C8E698DAFA2B55B6A2F61118,,6847E7A540A6C4C18D6F986B21CEFD9CCF94AAF4D8FF0C46F7523DA48906219E14E449002F78B64E8D100C780817532879867E9916DB6227DADEB1B35436AC73,,FE0FA5866EDF75E7B8DC81D92A2A818C7E081DFAFE62D21FCF7A8E490123BBC2CFDBAFCEC8A39B72FD5361A7E59546D27A918AC8A2A251D7C270DC980E56DE8C,,BF8866BA40EF609EB981DA237317B7D2B09E697C7A2572D6041C1FC6CA1232127C2040B44015BC0143D47E9C047F63C327F3F8D6B4E39560C24CDFE3D4E51814,,
1,Linkja Project,7A45D6A574C95BC76056DC2F37A159BAB3A2D88D49135FCE44E3D78C0EE205871854C3A19A5687B2DB164A30CDEE2096BDCF26126FC5D025D326BEA38D5FCBA5,,FB7E362757CC23612C59C891FE2640A53D0C18D2EB58BA34D227E7414E6B9D95590ED8780614C40C86688FC780D548436BF5BE9D5229A3C53D3AF23FD4F797FC,,827D86525BC30A7944ED13BC8D5EB50FD04DF44873FDDD46AE1FB5623F90235DD2A0BE564E1127E34E40311B3B200B1A29B2E3549840B9526EB7BDF4BDE5D79A,,DBF94D33ED29558C2244DE014F82D499C87315C70C302C2B1722063C388D6EC955D118EB5EF6857000B285FBB3EB7D63FD3D08643F224D2786E4FC2F495FA1B9,,20C3811A499A7F330F95F36AD8BCC85A150CA506CAE41FBD6B9C3AF67CA87D32750A67F4E98AF2C4FD655A3FC5E129DA827B51C5D1214F0590448A66647C1E7C,,
1,Linkja Project,D24596F0C3B5A94A71D66486025C3719DD1DD62525FD9BC78F1F6B3AB788D22C1D4E6DA5BD55ACBEE88B429BD69FFF1A6F066D2D489438704FEF148C273CAEEA,,B0FA3313309717761E93E5B588694AE1E55F40A7D3941440476DA3D46EAFFCE7CC75E21BB865966FB9B1EF3016C41EAD5E4E8FEF9695D87846BD849FD0D492A6,,6FD443B0B97C2AF83984156C15825EEC4B6A200450014BF0E62EAD65477BCEF6E9A353CF04090E6B791B349046A4D1AF3D7F2BCA6B3C0D6F5A56CE3BD49EC86A,,263DC7765CF5B1C17626A17AF5A1538EF8A59DDE64E9803FC00B5298CA0FFE190B40F77764BF21002E50331C689707221CD923D449EFA2D0618929D591B81D95,,410FA703CB9BC30BECA60786EF96466052A504640371055309749B54E41AD6A7050244AA67C3ECC44BC695CBF9ECC3CAF540418E21713F4A9F75C5E0035AD725,,
1,Linkja Project,B7D5560EF1F8DE771D90390B76312942B37DF4468662DB39FAEC87A6F574BC3318037BC61520F5CA0A075C7C7780080D8B0A80DEB67FD256C4E4569267A6A283,533336A5FF7928BF68C1B924EEC37FA2D84AB70E30E0F31B9591F9A4E5C53C4CC10BA6BC66187640862ED02CBF6DDF49B561AAB102F361E6254C493BB6DBE3F9,DDF0D9C4F2E3992078382DD09490B43F7C3B124FBE924CBBD9EB537EDC1815377D3DEC40CBE9D87FE51A9F89AB05FE6ED9A53EDCBBE271B331BE330EF9C8162F,08C48A62D4E10CF3DE4217778B7A8842C1C761BE2425D5C5C5962C763FB51E36C30F7EDFC00A9ADD6D26963C92EEAA40B93707154CD23C81B36FDAB4FA9537CD,032FC03D8EB680F2962CC2116D5BC2C94DB480D1F4A903DE3D5EC0E8570C233CE0F4E3555E36BF530AE2C2E19CA2FC31A0C311018D87922A22ACB6DA3EED15CA,109A44E8ED3E9563FC784DEDE32EDCC5849E053CC91D44FF2E2E1F1AB3886F3A94068A58C56896C6CA92BED3E3C89359F962A5D469C347D3B2A729194581BE54,D81A3469EEF043EC85F7099BC6C0164899A3E785DB7FD5CE36267EBB4453AA5CB1E6CA4B8DD88D4C4367E13126DAD5115D1F005A61625F37938ACA7EC0D035D8,B43D9BA0826556E6FFB11F7725FA85373C3D5FAA939270B8EB514BC757C79A9E3E783C4700C9C38BA124E74E74765C08E806BD7CBC5D255FEA124539F5E21341,E80E476FB06B6CBF050950B436729A359BB8DD49999C9874B07321C07F0A492A061D85BEA676D4FE959140AEEFE94B1585220BD8E62E24DDB778D8FC45C0E6B4,5F8AB40884B04FBD8154305A2E822FC14D18ACE04464BBF8A66A2878F8FC52D52A6565D9AB4A49BF1F17DC1464FFD4FF064C78061E375932BFA867BCBA8C9901,34C59CB57E3137B40D7178F1B6263AB57CC9D4DBF3D9CEB1876723E81535765C80A23317FD451653C13D0A112D5385837240C621290CE3FC96162B3EEA2AC45C
1,Linkja Project,8280F4194340452927235A1B1FA461A3A4A8AE5EE70BFB0E7E49C2B7DFFAADCC01E1B5F5959F6ACB27F53103F7881A16CF82500A600DC96B2EB5E06660804F3E,,CF8EDBD22298D312C85C87DC7DD73BAB033482E2BE6EC4621D3867C27B5E3A94411AE567D11D02C44AFECD8AACD203CCFCCAF83B3272BE32DBB4C32F6E2E2F20,,0AC2ED6240FF553AA19580BED038A92BAFE7D35A0E2131DE3EE1D689CCDDC19C0DE295B7A0D34CF13C3A73C03B77B7F791D06CE20EC709C7D304B7C09843C965,,F8FFFCD52E9A15716CB8EE886E898D784B1D8CA661E29B7C2397A12BC49FC36A9E1D8242AA729359DDBA13286ECA8AFF344E63137FDE7FD2DFEA7374E6B4E373,,55F762A2E5E2757F35A75E4E3C6F177AD91FCCB58222953821037B0DC7432BD7D7C072AC6B9EE024175AE2FC6AEA7496F9A5101E506912E856FA7BAF6676F267,,
1,Linkja Project,1BC2C7B4FE5C169896BDD4BB338E1CF4CDB38C876BF1EDEDE7342E607EFBDB84B81F275ADA8BEEE065CB6914FC9FABD8D475EE1474BCCA1AECCA11A86B83E2F7,F1838B6716D49E7EF1D29043397710C550C8AACCD678134236CE400711225574A8C2749BCF095094254526F185530D6F2EC7A7C9ECF962A803CBCE60681C43A5,1C866ACBACFCEFF285FF5B03ED00DCF9C4ACE977A94B794DC5D2F9BDC5F2B424190ADB3E4543BC6C8A780D3459F041C1493CB62C82CB105C057204720DE6A06F,EDB771094C7647253CE710467A44685090F031899CB5FCDE45506BA1BA37288FFE2780FECDDE82E1395D0D53ACD29481AE64955B871A452A26194B83F0BD9300,6AADC76BFD34269B7B227F34D69F8FF79D0949D1CC138D808E88A59C6342101F540A525E23493C52489CBD429527A009E7F8DA091656EB63AE2364CFE94FB405,F29E0D298EBAB6CBCAA1F7AA2040BB7180EDC659B2E200727B1E6819B0B771627E47448264FF147A3E68B9C3236F007B0B6B460BA1C7B3A17F0810C4D2CF8B15,60C9DBC694DBAB814FC700B38249FF213D6A8E1ED8190E4AB641E2A60BD62BB0C1F84437172391E2A56CB6502AEDBAC48510DDD16CBA97011BE78A8F109A0CF3,536802A008795E4BD061C01EDE92F2BD25DC6712A70D57EA4FDBB747E1D6CC72DA4691BB77C99E917399B59BE3016622183BA51769319C38F693AAD081BD4FF5,8D2207F3D3C55083143F652E6782F82FA9BF4A0AB2963C018B25E14EF94B422FF8B500A35B707D85EA1E130A62F20CA8B1AE95446914C56AB03580F713F4FA93,1FE1C41F920BD5EF8D1E11592F23543544812C1459532CC8BF333EFFEF22D7C96B45C807C670B149035A5FD76FF7067837D40E8F9AE74D3B61AE0F9359C0DEB2,F6E33CB6AEDF6A3BF66C9175CF2B2F4878C6C77488A5B27B8D713B5D6B5EE9B70D10915693EF11BDDD12D5C8A6E8C7BDF84BC30037D801AC8BBAC9F51A66BA09
1,Linkja Project,DFC2042E15DAEB78D0B31929F595454CB97B03A20D30FC1C27B5C54B7D2B2B0CC6C6E60B32EAB5408A7ECE79BCE79E4A94BB77F60BA5F0013856BF696A984856,,66CF876180D3A5A0B26C0836090D2E0BE08BB540D5110E38E608D0EBBA7F5727EDB07F069FD9CC41A0EC168C8373F266ACABD93A10A70EBF9D2011F6EFC06276,,7D18099EEDE28DB6C5CB4E8DF2761B02B1F0434B591C4F364C0CC7B3DEA6182B8E60769EA3F2B0C6B6833AA141DE395EE0434C7CBF7BAE752408C59E430E8641,,33F501E7FBAEC2AF1F85AA8461F7752F82C7E81FE3103806ECE90DF1D8FD73FDC944834791B6CF9E759437981ED2F7B81031426B998467405977C0068600201C,,BF2DD12A64A661623979449DFE651F46FD71A42429DA40CB0C325531B157DAB04FA8E7C359B13E074DAF3FF07B1C3D246BE14B783D2270295EC212170A5EB5C8,,
1,Linkja Project,A552588BE493B1F877976B8549C025521E760CC413A8BB1F00C2A0C33D44A09FEB493E75534FDF253F8FD818ECF7E29D80F228D1DA2F2E8AB1C02475ECBC9DD0,,7C078804A828D81D85A2DBE347E7BB5967A90E5C9E0748F4FD06F76E76D1EE29E113B16278DF1A52ABB2AC39999F53D9B66AC0458FE1BB8DFF3D56E10E8FF03F,,1EDDB765F6DEFEE20EBD1B2D2B09579A441AC270773AE1C3A3935A3D11A4DD2019FB48945ABCAE9160687E59D16BBD2B089F3DDC7A751C5F679D20942DEAE615,,61BBA957A88E66B7075227A76C958982D4C687091C30B200936F993364F208FBB60426F9F260BECF3DE9239AFE8492556610C0DC5880C3E50237EEE8E2407ECF,,AFD16F863A6FC177D2E6B868E32DD564167BED8858A047FD97C8A2C3364BCD5E40B80D21AE2080E1AD00BCDDC018F87DFAAEC9A140172202694B9FD28B8CC162,,
1,Linkja Project,63B2577423F933F9155B339303E47864D4D229D68D0431181638718847E4522DEFD31B5195CC892E19C73C8666FDB07F615A0C4A99235EB2CEB14D4047D8370C,,BC43EDFB9FDF650A15F06689784246990F3A47298B1C12FA6AE780FB4882D494F4D5E0CD67A47BA268A5B58C45E4A4D61AFE5B6B6D9129840F7E1D9B5C5ADEC6,,A4353CF4771ACDDBB38549E27F1879FBF871FB71848CC8D74B3498857D4DA9C59437A323B77978943BAEAF00C42F98994C481C5484E704B4EC470F8343806A6F,,C48D4F6508BB3DEF301D91EEB70027F7CB458A014A90EB917789B97FAD7B69898B042B22C4CBCCD058EA3D6DE067E7943C45BF82873FC7286A0EBD9DF258CF26,,A90A131F53E823D2ECD500E7ADD878D171D1EE21185E296E20C79A6ACECD2B0F84E7FA0FCF337000AA9B1496C071309ADA174E0F44EB6593384657381797240D,,
1,Linkja Project,7F24932BABBA46FBFF385546BCFDCAF42A6D69E3ADF2548EF89EDEF29AAEDD81D00A0BFDB8802E13492BE1D5B03E7BDA1B919676FFFA4E6B56B820F390355253,6D6D8942676D890119BF279C4CE3A15B5E9841F5801B428EFFB1F153512122F4BA29EB800B285829AA03ABCCB32C275865BAD410F352518D24B5FB62A4204A71,F966324E85018F54DDC2828AA6CBB60414E1045178ECA1E65CEE0AFAEB755FA0F202B3E4630AFC5DE4B61F7F0F8D569FBE143A8013370750A16D1481A51BB487,B9E890287BC637C6764A558562F6972F4A62D2369EC31028520A54584DBD165D14CA322AF6C5BF6E2200A252A206DC11BB96134694BA35B9F8EBA93ECC82E3A5,897BC63169C9338A38E042F9ECD95C5DFFE74A14A6B4B7CD04B59AC4AAB195BA18D66485E48E2FF783EEB3BDF633B3DEE2CFDE7CEBB61F612098E7F2B35B233C,1B4160B2BA5E9DF47A326C581249BE516AE44DCB483BA762D27F1C4780E0399A6A6A697923032FAB658272FDE4058C718B370C98D7D5B9EAB9280AAC1D3EC1FD,5BA6D57EEB859E14DEA6D6FA8EAA25336EF7C3575F9DFF47892B5818EBC4DBDC942BFD540953AD0DF6D23C232FBB64FD416C5D0B8714BE7008D16CBB8E37D406,732BD52A218EDDDABE7BB0DC21C4DB1D055541E01AD72E32827C912118758F10283BEA94C72BDDC8948F3691C700CCBAEA004EE435639D890EDBFFE6BAD3868C,0F127DBFC529A333C954C3B52D55B66B38C1BFCD539B2B5179E6B1E7FE40E7F828BCAA9166900CE39CC2CED6C336B65A9FF0A43EE0DF1DE6E8F3011B75C016D9,B93C199CA720EE92F10F9A1DCBFB4549C3CEA508BB4BF9080929387282F85FD5606FC11B3C9423A9975BF06462B442865478E75E725BEA95B2CE8D16C502041C,A83139D482D1C62B298359D79C2D518E9FF3152DE953016636E9215570B861BFCB196612061FAC9F37C7C2C8AA282B78771F591B030CD78CFD8617DEBB09EDB1
1,Linkja Project,33EEE4645BF828A52409A976DD0297BE14E65BEF41A855E1CAC07AFF1E4841272FB2ED39EB8918341B4309A2D0E2F80C43C81B64485132330F188177F0945C3B,,51EAE8AC13B271D25D2D08D691FE52048DF611E5585CB3209D7627922391A2CE81F7DD94440A5826828E2F173F530CA8A9AA267A97E74431B06836CD4D274379,,0325F59AF7BCE0C737C08E1244980D19CFFA370F8D749349AA8B432289F247CFF291F03399E0BBFF4A8634FDF06EF522C6634843BEEA85BD81C4AF3E82907E03,,BA93A980B4177341C27139837BD8CDFE5665A56E0D8444913FA36C7196088CE83433B7E7D423AD4AAB3FD93C2C8E7F8AD4C8F86BFFC2620C07226A46F0E76BBD,,F00C601927308541F150CB8D737F575F7FB3F65896B3BB668938E76E6ED580E0AF2B3D1CEC1C785B6EA705050FAF8117AAEDFCFB14F1A825178FC6446B67C7A7,,
1,Linkja Project,778255F8FEA6820AF36664B088C5BECEC284F3E7B98181955B0BA062FCF3E7432833427DD371033E013BEAAC006ABF0AA00A271EF3778F46005E4C881ED5CF48,,285DC850CE3A2909DD3D0C7793003E5FA107036F0E757B47E565C4AF2DEBE0299C047C4E19BC78B7DC80BBB81457E23F848A9EA459745F406428E13EB1B77F61,,1CF07FB7EA14B157EECB998D38AB6895ED41E79AFCE6F46FF83C251151173425670ABF24A1E379F1743DBEC0B5D9B51A45459CEB30ED3C1C9FBCBB80138B184A,,A8BD4A9F8CD9AA01153CFA74DAAB7593B9E491E6781B3D5F7081C35964AF3686D3116C081FB9CFD0A6EE4A3335C30EEE1C1FB7462F16E8319A9D445CE939623F,,B5C3A4AD155C3921EB84FBBDB39D9962EF4223BB4730A98F2B8F1B9A82D81E22C777019ACDFA739FA3F9AA739E1B7A26807A07832E6432C5493CC135E49FD722,,
1,Linkja Project,420B645ADE956C0E99E14AD2BD701FE5BFA048A437394E712FD062AAECF79CF797FAFD0D670CE5CDE915C005FAA3E794963423AAB9B947A5B09D8B777DF154C2,,4B624CF0B71ECE9A73C7319F42578866DF397F6BD462CF2F2454BA69046EE3C4C1265935BBF70C3F93BF853E777FFA0A0923473866C14543A74B4EC4169C5732,,5C0DCF38B2F1028737B784B773E87912DA9A2347DC5E1450FBA721CFE83430952EDF7725685236BEE9CA4E83D3CFB5829CE8A6F172052991A84E61E4F1D10BB4,,9056B6BF81263FC226FC8B1EB7EED8856D810A67C23DA8797AA421871B4C16E8D3589B35BCA785B31EC6DFB570446208E23BC3A6331F408893AA3E7CF0DF450E,,6EBCE355E602218651CADA468BC2191B67DBDF1904302E6884B4726ACBFE15BA713A7885B024A095204B986D34FB0D65CE88C672E50E546070D813B13B0A551D,,
1,Linkja Project,9F194A528776F8C642A70EE057A629CFB03A398915D75A5EE7E598F26525B3B4FFFAC15C5731B4FB105E89BBE4E1A19D563BE3FBB077171B6120A7ED6F4711D2,,10680753A6C572137A5C0843DBDA43D22B56C54BBCFE036448EC413A13A2F2847E2E6DB11225E7C3592017DBC3BD48E772E896D06AEB54AE2069A9429EA3AEA2,,46A384D91326D1FFCD74D90CA009247AE7027A45891F892B1F689165A8D768B166C61DFB939900DCC66F8175571AAA97D4A01D82F12223AF43E692437084D30B,,F89F66CB85EB3292AF5947BA6C6961474E57EE4C0D19ECF79F93D8302CD453587064CBAB5674BF3BC23186D16B978A7B17E98446E193E73D3ABDEAB46659B076,,F0579C08E18FF2AD6C3917AF047059C9764B1739E7761CAE19D1C0E04D79D64F6C2E1F5C204EC4F6266417704A67EB33EEAECFB6A38476C01B645DF8C03620A1,,
1,Linkja Project,6706364C6D278BE4651CCF136626B0FE03D50C8C28513DD0F9354A9B208405E2DE78F00FDCE153361C814CB3B31757CFF1E43BB7ED952963AA81980E0A03395D,,97D3A8228B7D35908AF5CEB49C50608548B97EE68094A2ADBE784279ED9074A74CB459C9687C8D758543ACDDFD9965AAC3DA6002FD8BA62195FE29FD72374DB8,,2241117EE994759F10EC19F245860369DBF15AEB140EA7981E2AC9201CD91EE7A131EB25262DD556D553B4EF4520CB0DD5D2F5F82C3A9DF89B90EB9827E1BD73,,87021E2A2C43B39AECAB3CDE30AE010047E373EA906EC5DA3AC89678376AD52694A5C1FEC0B45E8ECC21003EEC0EA6B21D85A1013C86C5DDE0BC8C206DA1827D,,41013D6001BF5A22E9F5A7E9ADF201EB5D0A615D619857407479658DA88EE888FF83B2E0DE480682F1874765BAA98BA676D47E97FCA5BAE3D0211638EBF0DF42,,
1,Linkja Project,A73585AE1A7D1370A8F04B92FF8869342AF1857400420C38715EBF80367B6B4038B9EFD0B0E7CACB6DDFDB13AD9504D1D55E2A9C44DF9D3DCF5D5F3091EC0ABE,,21CBECD01D7E1B59B3F5B8B9C7693CAAD4A471955ECDC40457EEC431BE538BE6459EFB799399B10E7881ABD837F9391EEABBF1B601705B7ACE1DE048171BB456,,0A69018F72A8616796C2EC31B34B060EFABDC0CA78AE21F96AE2E9327B485F35CF913EB4487577E9575977DF8F9022CE0B63CB3BD6A99DCEEEF8F97FF4E3CA3F,,2045C74584952774D41CF204015363BF192BA43D2A5F8DAE707A96E35C2C6E510FCA0F9CFA8E51A9AB6CF4ED397597D786F96406B3D6AA4E09D0530EBAAC86B9,,3539E3668C53EFB135DCE9E0F8E017577C57DDCA59426537E68343AFA200A7DBD862888865426659912785038693CEA3CF4524FEAAE7D7466B12A9D9B18E1056,,
1,Linkja Project,6E27A03611A8858B0A41F6701922404BF47F0D2BFEBC1FA60559F335A5BF08B451606729287AD108FB3C2E8640E850342563F3725CF34A87B76354BC03DD1DC8,,BD5B1CD9A74CA9C293B64353E07DFF71572965A87A615A976AD5D2C98019731C300D2A61C3DF91E31AA9591FFA540295A08E765E0E982109291362CFEF510131,,5BD411C423566D11E79A1494762C24AD8AEA79713133DD7518FDE90B9C81B0309F167BA617539F700DFF5E737AD5B348C4D1FEAE75657479C1862EE401B6D02F,,1C23C0FC18AD6DB3A51DA388FA8A0B7A592F43F294094EFC63D100442D5F7C45B3B7F07ABDD34B7A063CAA4C581FFBE0CBC5A9BE28A3D5C67A3FEB4EA7D0E794,,157339DF64ADE3363BF005AB99B16D4DCE5BDDDD4D7A0480170CEF63C5E5D8369F4E728D95ECB23A646F281E39659A9186FBE8CC6F5ADDA8CEEB02AF2B393E5D,,
1,Linkja Project,4B7BBA700CFE73CDED6FCF9D6617E447FF9806C31E19068EFE53A8C8700CA04B4807091540219A0A1CF194FE1E89D98D1C1CC826625FF863E333A1E125E90D40,,B81FBFF5C03B7BF74F409FDAFBDBF4FEB0F74BA7F7F92BD2B0E7A7976641C0CD6389ADD3D32E42888B3BC45DC4BF35BC7AEFB9FE28A42703E4C75A27F7DC86F0,,9D43E69D636D675547D1456368177D541340D1300AB0AB10A47FC8E03D29FC42A109F4F68AF7D79DF2218C538EC19150E338882DA0071B71D929EB827C8E6D32,,E21CA858AE8C4D4DC31442EE54124A82DA63F7D6BC94A2133E76FE07044178A6F40E6976BDB025B1D33B5D5E5B1CA41A17CCE61562A38621F6FD88A68541E160,,D285F432AA0AE79D0C634F3CCF3E47C108B43BC26E14E6444517012E09C2CDF704F473632C5A2D33854E9381557E83C197E29ABE7A1C8622F684FFA175C6E914,,
1,Linkja Project,BA24D118FC95E3ED277C1F5378483E3F179F6A5E38E3E9C00B1A06DBFB6B05A82256E09D993E14C433DFB77AE4395FA43B362B32C6DF86ABB791D494C94935BD,,29EEF9564DBDD04EAA3113F296BD82606B7FF46B35A31FECECB6945805998C200497599064EE1016715E462A8DE0FB63305E36B3BC5301C01DE11D2DF835343F,,1394450ABAFC2DD7AC4673AB4D06D0B6A83DAE6742D08741E32F81B167ACB59AD329A736C4C0543F8F13573A3337D925DFF9B8E088F5C2975261DFAE82681AAD,,B1B40059F162379657E9E609850D31E016C8AE248B075DA9C7FF8F0CDBF895C6F46D083F8C7D0F11CF63BB1678A318B8750AAEBE08331730C739DF4DCD434520,,A27004B0D96BA6737042FF54FFA2DA46088ADEBAE17742DDBA08A65FFD7E8FAE208763C8A8FD911F7F6D563EEBB966EC93AC0341B10C080F7C6A08998FBB5A1F,,
1,Linkja Project,27EDA50778DB000CC741F946F38DC47F88B40F69A7E05FBAFD781AB3789256B5BC09057200AF72FE5CDA99E2F03B378B8D25DCB1FB7B470AB528ABED5B267039,,120F502A1C8BFD0672328CB8B62FA553F285426D842D4177C065727750F8BF7A209A1942B34B656917B1B292AABFAA832E246B5814B0E7E1B1DA5D72A5361A99,,1B9F74E13E717458CC806E5AC7691ADB28B2E53348FB2FD4E30D470CC27D9D426B7C6AADDEB5AA35BDCAE7301A854DBAE4C5AEFF701A27FE106474BC6578B316,,4597024FDA5DE3FAD7DC91199E586F2920554734C2FC09FDD873E7E31239774ED3B8DA3E3817D18BCE7A1C98E8F507519F73D1B67A9F3DCF06887FD6BF64F06E,,82514DD9CA3566505CCD120AA46C52EACE34AF538F0CDFACD79EBDC8772721D1C94EC1F9A810B85D4B16347CE8A39AE727640F2316583B3E270C1D87E17F619D,,
1,Linkja Project,920E04263D289DDB75CEDA2BABEE6C9189D410F23B4C180E34CCDF1A67F42633DF0C99338C733D3E9AB1EEF200388EE398CB95A0E352C8C4D92F5EC8F0BB9E9A,,5042480A3C6F8A5A7C7E32A83A3777E2C32E4044AB1478AD9B09FF8663C27263AB0356ADB9BFB30EB4EB6ABDD838E96A3B83B681C488FAD29D6CF301843E2F07,,7E3F5871BDDDD9EAC7AEF8A2BEB3AD56FD56EBCE4E653DFA35AB116A2AB6C1A1ECEC62055C6369AF92FE621790CCB53282005D76D852F7FD6F00A262EA2FE3DF,,26856DD9169E6070BF0AEC7EECC0B861D6FF4BD3D2A2BF0F4DF56C48F19A9CA1425211ADC4C431B5B1D9FD859812CB6256E1314F924A5DC1AE47E5A1C0C60036,,589CB0E98047EB562AB233CF7AAB5271015D9439837493E519A73DF8F25CBBB9FA8DC7254D560D41BC790F14E31834CB1EDC174A1C1A6AF2EF0269E90ED85E2D,,
1,Linkja Project,BA0906607F4D8F8448D91CA48BD3591114D44BB495D60F03D1632DB2D7059F0F9843A3576D010FED8B713B997F50D0D1F16975628E4C2082041AFE75C51D1EC0,,3703CB56A2514121A16C363B1E3472E4DDD56996E165EC8D460E126536630F9AA4E912E21DA81275B12A06EDCCC58139DC53E5F84F7ABBCE03A2495811D6D42C,,50FBACC4714B64E56A71A5F0879653D9193315D75051F3C76CD22BE7608C39DED0A35F165517CB72510A9AC05D5D5FB6788D5C03D0A83A2E4263FA12B3CCB5B7,,1CAB0A7E76353C791B612B9C21270DF3D49BFAB2B2E4D087AC3BD1B548175CD0989A5251C92898C9AB76D72E25F048AB94203F2165DF1684A2C632FBD06F6D62,,9E31622D0EFCE6657BA891AF219EBD891CC99D074AFC7DE537B9145508B31E30870BF80CDE177F9F97454641F5E2A9436031402BB522690C9D6754134C956D14,,
1,Linkja Project,FA8C507734DCB600846A2CDF76660F58DC4FE6BE8CE94A93EC7B3467604ECC18728089D651C26C4C11A42342728CC4FEB98F57BC36C51FA491512207B9C19A0F,,D9F1C86E06AE1CD7337C49FB254E046F8AE0A6787A425B1C1654F7BF95E6C74B6067718A7667314F312EDFE9C74FC0FDF13A221FA0BE91D63EB85911101F3457,,648631F38D1066AE165C320D8CCE12AE9724B0F0D80DCBB09F26BB373908658DCB229C34331474E06B8751D60CD1FC0AA39E2D631320A98DF289E968A01E684D,,93DDDFA711C0B9691FC1E13A1439747A80528859FD09B742247A929045EEE43607FB81521F50D3B3123B4C6B3E0C506699CB62191C5099927135002B55EB3080,,79640BF36A4435D7D8938C58E3F0BABEA7564E24E7D88BBBB143C7116D4A3F66C021DF8FF5B7A88CD3763760A152B273DCFD099A579BB62EE469EE2E2B1056BD,,
1,Linkja Project,409B32D2A9EE60CA3110704D30969B104354F73A36DF48C6DAF456FD273831C994130D9C9388377725775ED99B4F99CBB5A755B12F7CE8E46B6021F2B6DE5813,6AB5D4F5FBDA7C7C56F7A9FB867B3366AB727815D9F997788E0ACD60755C30ABAF0B97A507BC0162041B12083FEF38F48380E04D24FEAF16D387CCDCB9377821,0286EED08134809CA065D939FB4FC2F3E60F46C3EC695C09193E8A5A701578867CC5378189D8FA75A19114D5C862B9AF9FF46169498DF5386B893C1E3815649E,367AE96DB7711068F690F06C70A0AD76B66A295E6E98AC74EC9CCBCA47A9F2DA78435430F44272ACA91DB9080B52BEB53A4E3FD478E633C49389941AA1B4AF12,A3F99E305E828729F7A1B407B23A5BAAC79BED3DFF654145B8E373CBE94663A0B61A2AC5FAC4C5E8D20D154B6070D2AA8E714CC53EF27A4DB04995148F00BC6C,01B0DF282F71CF2583D5034833CBDAD5C46BE616DA9943EB724E9074B3A4FA8DB60A0DC3EFBBF17153CE4283B9A3F896B5A78912639F0E873D7CAC674E8C4C5E,A7346688C257EF84896E6B5E3642564803383FE84CADB31A356F6FFFE89CE8359270DA2881C476669EF8BC910E548709F72F683BAD3D0C727DAC4A1AC6AFA3B7,D0FCBD69CC475BCF5CE38EE740CE9EC59A42E764FC3BF776FFF774929F554117A8B7455D0D442A6021EF5BA1A30C3A17A08D07E83266835952B3EA8A7EFE4307,4A0089C7B4F355E43BB85BFF042F636AC96AA566A0710851B58832CF6C9280845C63DDEA9228A524263AF2351C385D18F783DDCE9177D6AB41B1BACD161BBF18,BD03D58EEB60E27868FF90DA0F5A9C3C90A04DBC89363513ADB3BEFC9521367C3828AEBADBCAAE555165E2CDA437FCA2FC5A43C59B3508301DBE1A140DB2124B,5248E34B91FEECE378AD593185B719CFB10C926E302A185969EB072ED270C46D56F8F030E734B98B8B870D6E3C53A8BACB5D74B1EE140816AB3EE080AB7B5A12
1,Linkja Project,C78E0649C8016E36426AACABE5765A2C774F862DC8258622EE9D7F4CACF8D8D05F65D092D1287BCC2557F702F390C14121BAA5CDFF738E6B0C602346AD21B3CE,9F28FDF2402B52EE4193A05B739C304FE998C796A882072C5072585D12965072ECD1C11253E276685AF098E436C4052F8B95EEE0B6B1713D099A6F0C7CF5D50B,970C7E23AC11D9C500D28666DABE5820E0F186BF70DE234FE63D9E7A08CB8234989FE5347204C55E3B102CFB5134794AF9F1C4FEC6F9DC2E60A074D3071AA4B9,9A22C2CBED3E2E40615430A77B687186866A166C5F8DDCD553753AE17CE0383989669B0DD93AD0F873C20AF30C8D1CA602A77AA33507015F03A539E99E5EC77D,C7AEF327AD7E07430743F508E335897848B6C749ABDD466A6543D051B103E0814F34E1A44DF170E6FC880EF1121AACA4820E35CB54E17EC35159A2F25C49B1AE,DBF8F5A8121D377702581B9FC4E0E2FA9CB70645F2DD3D77663B6925CA0A30684EF7EEFF5D9AB86F67B3C7D9F0663CA109D26F7843263A0630F5DC2959251770,A737B5846567CC7C5188904A2C56CA88854129F92A59D111A5636C95D7775E63DF65A2ACA875D2990150C6B3F815F6BBE91BBA908E62A456EC3A03D4340ABC31,B8A1F92B7FF5179C832CF49112B8BDD4669545D9AA62E12B920196DD325281F906C2CFE84AEE1E7BC3D2F5AA949442DBFB962C7A7744B378452FE4A4180D729D,64FFB693469545FAA0A0400677CC3EF36912C7F8B7D9948E305FB9DAE2898423AD9EFEA9994FF77B4CD62378597C627A6B03C69915FAD10617C9921B5B439D65,78385148609E0BAF27A28BCC1A44D06575CB2F087C45BACAACDE25534BC0DBDE1BFCE8534500863E35BE17BAB06A76661E2B0BCB8DD1DFBD5CE19D2AA672F8EC,36E8E2034907FEA63AFECD2554628DAF95658F676FE7A48B9B1A6BD401D6FC46C06B09C74F4B5489EFD36DBF79626FD14E022D788A0E1D923BBE36DBAE02CB3C
1,Linkja Project,B779311FEE150A6FF858AC25299D943196B065965241CFCD14C3BA8815E704621200601BF22CBE06CEA6954A07C4C36F9A5B7C2F74E957D73CD917D196F3DF74,A55045B1C924668EFA39D3185E71368D056600BE07B2A813279A781F89D649C942FFB6823ACA95BC391F80F26E7ED733A5B531638A3F327C629BC4D6586E4E27,7E388ED012AF714E4F93C5BDDAA5C06FE35888A31BB961680CC403C92F9B909A0D92CEBA9E1C0F104C2C4E62AC5001DD10769931510D01BA7A7E3E4D104C424C,00BA21C5A60F90875B2BB6D2F8119A4C541D3C0EBDD1C8DEFA3AF3045381FB0232FC69C06875708E9F031D17F0F332C6AEE505209D2718329268577CBC2A5622,16C9DEEF90397369F40C092B2B47D2C8B29EFF3BD49170D6A11CC05E17B893B1E32027DA12A6F7DB1D3B81E229985482DB1C13F75071AAC315F5F0DFFA9DD02D,EC245CADE6997A4A1B4A9F8BC43B9466B5B173ED5F6A47ABAA1B632D1B63629C4574000E9A78AD39DA07F6D64427ECA0FACEB51834F118404E9C6B1C2DE947D6,CCBA8F4F6070F85B0384D5AAA0301B78BFDA2A24A3A80D51C20A27FAF505398A988643088115BBE78678F5E6613E3C5D38E10717752F735CCF7FEB6E643C7EFC,4CAF7AFFBEC668B1E7E2521C84A3C3B802D64426954B04B3805796EC4030C1B53D80F02004D3BFE635FD19E598E8999FBCE08E220CAF2A4F4F529C9E300B9353,2A746101B023EC9DB6E04FE1263D049EF45F7F4E31A69052E168114F18708B7BBFE32986448143B1582FF2AD54751D76BC6C26B4E70D810178E1995CA23F1ED2,92DFAF645B2208164E8832DCEA27CF67326825A63FC995F5586EF5532567B4CD435B07481FFDF3A80AB814881881194EF288AB04B2E459301879FCEA2912101F,E5B057934E4FD080B510C6DE7F21F795D4C748B148722F23109C42F2450243F1215E6A72065B88305AEF32CD19E5DF5F09414B0AAA6B14B0F5BEF8FBB6E4613D
1,Linkja Project,55FEC9073E14AC4263CB3FF4F7147E409473461C202CA93DE2069B74F4221015687B14DE9C54C97FBBF57466A13F95FAFC0B7EFFB243FCF60B4BD7EF697058FF,,19C10F5FAA11348528BE4AE8CBB530775A464A6A09D4279FB0CC562D446633E7FF8685C9F0576DA322281631B44E0382680E8B82AA8D80FF60EB6557F1FE5909,,B43CC9E7AA8781CB70A0F814307418F4CADFE4F725017BA3454BF5BF62C04ED27F12B7C0ACB6854997253AF809D77058BE40CADC9EED505B09CB51D61CB5E6EE,,97822E4240DC025AE5C3931757B8EF0F1410F729BDAE4248D94680B923DCC7B4313D2F10B3D54C9E5D098A7BA4E4426EDBEEDA43617535EA32C7BB87044039FD,,F9749029F9AED4ABF967B9C494804D572F3C246522AB2460603791673A42ABF1A4569A056C955ED7D7528BB54C6F9AD64FD1644B8C9DB778C9F6E56E16A991B6,,
1,Linkja Project,8C1DBA5146C8012AEACE23FA448E81171A6D7876403870F648177AB30CBBB0C5F8E420AD8A2A7E91AFB9A855940C20E4EFC116E678E403CBD5957D547864D491,,8A14DF3C6CD599097648FAF801A0DA99D82A5463761CB7C1DF7D2591EB802E88CC5D14C980777D75E8AD56905310474C8AB6A1E621B6F548254290C2C046934E,,57946D82D1FE4D698A81F871371B31D4A2818F45CF2C29AC35827EE1052BFCA165DAB11C84B55C3A5F671A68FD3D37FB99E87FBC2054EFFE244792B3C5D8CAAC,,61B14E17DBE5FE73A898247EB16C2659E6453CC071E2071CEED2CE2F3460F35F6F0B03F5BC361A78552A2A376B415AEB179D90AB919105F7B6013BBF730AADFA,,42E4405B777FF51C6590A9F712ACCF3FB764B5AE8E0964ED76D5588C353895737FD2BC4DFB368234024054159008C8922AB60521D3A4616355E252844FBA53A0,,
1,Linkja Project,0C23E10D8418AB3256A618603EB4D9882D965C9F8994679A693C412477636E700451CF14F3CF24E6D90F7BBBC7C9F20C78512530D9615128D73BFD92A8C78A6E,2975B9036A631DFB96D6D996EC45DF056D485DDF8837F0F49A9C7F4CD467173F3D4F6EB14077120AD25D1C5F49ED7EAAA1E3A9EE78CA53A6802947570F403272,CD8A8DDEE87EE356648AB27EB86EAD2F98574A2398806C6E62DD6E5210E3EE526CF5BE082FE2D0F217CD5A4CD3524EB635F3ED9B4689C8A973C499DB901BA185,993A7035C9CB773B07AA7DDA5BF857A898C2C4E834A12711DAB5684057548F8360D200EE911B30BF633733532D92A257063A4AF24458C50538A9985420D3BC76,42ACF82E9234E75316A5F9101EEE0197FFAC1DA248A834103A534ED95E3BF000D4AB0C003A5BE010F158359E7730DEB306FF69F0C1A866015EA4454D5FB5DA89,86B41DEEE92ED356016EB84FDC4F8F3AC665283246735AD10C8BC42B10F9F26EA786287FB704B28ECBD6538CEFA1EA509427C3514C4D352FC4E03D8D24DA3469,06AC7768FEEDA5680CB7F0FE24C7AFE7D82DF1376D131034C6EFFE02E733CBEBF9A42DC6E1CB500196C6D2AC05A84BEBAC3AA2C21B43E0DC24D9B13EC5021E5B,985DE76A888852B21A72043CA2BBAF84A80FE5A667DB803C19D0A1C5D354E2E69084236DE70C6211EC5A893DEE03EFA1C2D7F083A52BC46841E52D88D3CAF357,23D026A0E64FD6ECA6AD22E7543D36BFA6D4D90D26E57ED251472E491F43D1FFB2068EFCCA4D9E38CD042F5625053F3F4D804906C723901AAA101CC95313B524,8CB6F5F2C86137E9153C15E8A791E28EF1613AD8670EDF1F5FA1F5DB79E81DC5711AC9FA327E47D28F669835E22F8C7EEC9FE718354D6530F3B3B8219CA55240,18EF9DC55DEDCFA1233E2A91512B4A4781F8B28929F5DC1E58CE82C0F6908062813CFC35F4DAA449886D85F2BFAE0724137E17000FE54DD229940740642304F9
1,Linkja Project,8E16BCE187433F271656B98EC8299DFDE7DECC77760C6AEC0BB191EE59184364963B9874BD4589ED9F3129A5FCC79C8FD152D35D4C77B80AC44DF0FA858089A3,,9575937102E183C1B84C20259E1848B68557FF11F21ADA82D4C90C24676DDD5449A941C55D45071543E9A1311F239325537AF703FCB44E2AB7AB921AB8F71DF0,,0A7CC42A1FE8AEAE2AFF7346F2FF8E1F9EB6CA0B77C977C3FA49E76766E7D7176E3B7B9CABFE2A26E0DC40EC8FBCC0288E9AFB9EA7AA49C58A7C731AEF1DB117,,FA1891A1D347234E299F96BEF038BBF22F8A335B5C56E15BFAE0A9B066A4DFBBCA5F28AB67952E10532AFDA0D34194C4759F25C989E7DD17F75B09AD268A57C5,,C6D04787F4AD7D350B1508F10C9AB977023C9517F745B7DCD16FD4C1FD5415CC9E5A10203E9BAB2F9B0BF3F3B32C38583F50D2AC08474233C642A0A634FC6D83,,
1,Linkja Project,259156CA7FF2D1AAB6FF78603460B12881D6EE8542848871E5BBCAD371B2830554C6C617B484400E2E497CF341D5E08A14FCF71B5CA3A3C34C5F922A641FB6C9,B7E94D8F665530007C1DFE5182685E14E52DD4B90C3D75FE0CB87AF98634D19A16BE17F0ECD2D3CD469892C5DAE1329CBDF99212F7535FA7DF5EA99D2C560212,CC9EA2B7D23D369FF1C3487910E8C253631FEF580F67C819E323F2A380AB56065191D088FA78041778886E8FAD46AE70A5543FBB5BEAF6F5616D0BC6FF4BA58B,5CB12F5DB9E18D222CDC2C707FC1E050CBF14ABE5A4FA286E349831C0853FA6CAF0426F93E79199010EED8C9419757D446B70D4345F351F2EBF0436CDAE9F542,F65714B9C92F8FA46E2B6564CA7BF036E40F7BE104D0EED260B9FAD866429C6BFA1CDE17DB223F013261BAB3C8AAD41BA746E4988E219710C1243335D777A00C,A2EEF49B32A6220D88F9F7EDF06D87ECCD9DFF732038CAB013A3F2274D57C3FC8EBE71886F04973E4CF39DC113839D6DE52FE91F623A0F19A0326404DD6BD8CB,14166EB3A02FBDD91046314E916E136AA1B6C962370C6BE005282584FA917657076D1F7E5339E6100DDD92892A05A926A136C0C16894A2974D170EE726CEF508,A712CC97005DA59C9C4B20AA135FD0DC1F663441B70C4F83152120A17B6CEDF0019851A536CC3D6DAF9691A76949BA83AC7BF271D7086F99F01249CD8CB63B8A,F764C086F4554A1A6708DB32B7613396B5D7BE4E7C757C3E9A4D7189D4A20551AA74B29FE31BACFD131E92C88E68105BF3F023C7B0F813D3D5089BFB41A16B93,27D5C7EB90DB23A2A6812D0B73D44326EA8DFEEBE710E804763039F88DC8E974F090381281A885F8B409E38536B40AAB5BE885A4B468F2C6DB909F758D3F4780,3ECA5291E1A8E95E87C7C76D607F8FE98006F737B44063E37E7A7B5FF4D32B2167F806C1749ECF49EDA2657A0C73CE7F687A8CD030D58B413AEA2860E5857A3C
1,Linkja Project,17A0ED5645A5722F1C175500AE948B08C67EAF14200C747238C16CFE6CB96B382894620A946572976BA08EA39F5E779544D6A91012395E17F0EFD4B69DD514C9,,40DE0420596596B4B2B35A78120509863C9D2FE98F0E488F0F9563E3F34FC4CCBE2D54F6321E10C18B2FE7DA301A72813C89E88BFD0B36D8D7A1A6CECE4A1950,,0E709E0590B7E7BB67D6FD8D56280BC747BDD8BC4D3750103B2C3A8BD16D294533236B81DEA8390A426C82514F448618B169D99691A2E64351864178E9B74778,,30E11782C37164789018ADBB29F2054A9E873FE2CFD98CACCB504C08553288BF392FE5FCE184E831108F83BDAD3BBC235F48811EEBC9372A5CD37BE557A13624,,3B23C51E26DE857718A14B1521471C5330A04A66CE44FD4EC7290B9870E82621B4E46A5DE99564FE80EA974ED39C8817BCEC7BBCD34A2A1A9ECC073C26A7743C,,
1,Linkja Project,6AE61E3B2ACD13516209E60D919BA5C53F2088C1E4C24875F8F9CA8DC6343322FD874AF253ACD3A3F3D2FAE8C59BF92A7065648934D6D52E0C06605B440E41EC,AB50F85794293E6328802D2E95E61DE22611CAC5A181B6D89D73F5E20BDE354104962CCC4160635BFFE21AFE96EE0BA0CC370004686AA33F0185F74E78610DEB,360D41968ED5A1EC844E5EAA008A9BBA4C2BF70D1084429D59D763B38B56F7307C0E5CFBC17DEBE9DC4F768C2CC497096D63B7A3DAB8E842802017C9D64CDD86,17ACF20009D0823346306D9B7A64007177E27E6535CACE65F6E3E2F00D90EE480C8124A0FAB600B6C5A010DFC71ACD87BFCC889BF534FA5C6F4688618495FD82,8AC3CF1B513B7E59B2EB61D0E3C89125B1CEF22692CB48A99A9A70BA0513B4DB00C052F9360D2D86AAE381D61A81E07596CFFC5CDE73D7A46920DA6A9984E987,5C1B9000F6AF7C8E79FA17DC1D9D38D3F451B4E6250C7B1BA0A133B5C91F592EA50A49580D679A205A2FE124476160612373195C3D05F4AA7DB4A963498F35ED,394BF414DB1DC008BCB5CCC38DBB1BAC071E6CAC25E868CF5E3A5971689150F8F12E10BB06A1562EEDD060CA6BC842C8ECB7E0301C00539DA98468C6BC17EB15,5374535727C175FBACB67C8441CC94DB92030CB4DF875CBF24F3630ED9791EBE3A987BE6D56B6080A205569CB633642B0DA6E1A6C4B0E340213F50B2EFBF1492,9DD475DAC04597C87CA20719F771719529619E35118183E60F75D54F461B975744B0838753A5871844D4FC1C2EE584188BD2A0B940BB2E16BF16E2EBA2B5BDA1,B637F50A7D3E13365F13B72EA4BCCA3A23ADDE7374BC793879DB698BF71AD838A524D369CA675F2BAFE51C5018F602503266DC257B0A6918C6ADB604FD5A474A,31698C5245784E7052C5931A1527D70A1557569B68C7AFA418D582E7668A05BEC4F24B3FF6052D7506EF83F2EFF86E243C74D2CBB7E6BD5125C025F4399CB133
1,Linkja Project,0313AED14471F9EE1915FB467FC1910741F6153F91548EF7433E1172C89AC6B5821393ADC1ECEBCB27A5A9D75CE91254C24869813B8433C9A55B3CC1B9453A24,621E9E522B77EBCA2060DAAAA02FE5ABA756F643DF97ED28D7881B754EAF609A0F833143971779849F74F6D854B781265CF943CCCFD58F7D143675FFDB89247F,53EB3FEB10718209A739106FEE8D39061380B5F253BF8D7D1DFB886F4709A2A3ABF04B1F921DA8A19FFB3CAD81E7ED8FFAE4E087357B292AE3A153266DD71E19,579E6B4D9613192E8ED54625A36A991E339A87720D5784B975E11006C103B848E9E99C70E23817961C793A6EDB643C0EDC3C48DBED8427DDCC216F5D6E386CD0,0F5975988F3701219803E2690240C522581067A2AA9206CBD9B82EED4131D7C8B3B66913FD2D95335158A16DE61BBF7B49960A8022BEA433ED7108ABA7646EA1,B4B1236153933670E2140D37DC888FF65392C21D0CCB89FC8AFFAEB2FA174229F96A4348275D70352EDCD9B0A96DAEFF2495A083ECD8AAC5330CDA5D02E13B26,C642C0C9BC66A09E4D2FEB4D461DE65329598B3C1234150C2466D961AE2D352BBD7D7157C236A7DBEFEFC9B1565092B148538074D29CA9A629C6D1CE25374A1F,16446C0F8170E83B6C3E12A657A3AE3844422899E9629C9173CF2DB8AD78E19EC62F5F061480C2D2E92138CF48C2B06A8344492027746E758D39AD24E2648B14,8013FCDECC24701E31924BB7F13CBE81D65094DE33C43C1E401ABAFA118C39421C8A3090F28B7D22AD0740AF76C3FEB40715AC5D42017E17E7ED438A1EC769DD,689FBBAE57BEB0E0A5388ADBF2AF6533451876CB9A22A3A64A54036D16DF1BF3CE50E903630D768E5AC1BD06DAF4ABB408322126C8D8782693C77F97B6B91D25,481F806A4E78CF670B9F3B4532E05151597C33C880973052A4EF2AABF3CCBC961B0CAF5981E5CB48A624700D021789A422BBC4A766CEE3E5D051305EEA9D473E
1,Linkja Project,3ABC8E97E991E4A90EC49624AFA109D7D5AB0947E724EF7D8FC42964A0BE00D824ADFDE7E551B41A3EEBADEDB113DB464A8358E4B78384E9AE7CB8CD353BCD68,,211437F96C4380EBE2AA225B47E88CA1801CA270F70959F4C3D52ECEA37E4D70AC0543A7F8A149EEC9359BD5C9A60003B1CA6A510A6DA07E0907EC021522ED35,,AE8102B7C231DEC3BC20A13D5E2C6A24E64C63B81305F998E1AB4DD2332F5691DFE86BA488259CE52A284D3891675C45231DFBE48F20FA42C20E5277501429AE,,DA9FD968C7667FE67509F6C74B93185B15535226BA6A42D2378F68499BDAE0F9BC8DAB3CA1A05A69717A85154F0B0DD383A39344FD074AF9199A39381ADCD024,,EB673131D6A822EF769B6FC1E63415C51C194FEEE779D551DF38355FF7C9876EE851FC74ACE032430F0E6D4F66781DA4DDE0A68AAAB949B1F5226C1EB1C3DEEF,,
1,Linkja Project,B20169629C6F8B6B507E63503D78C771230DE9CA6867ED380088BDE4B8A227468EA0AE91F0EC65D1B6D5701E6A2B6D0430EC01A96A1E64228DB6A7A5D6B16F53,,E66228DE0CD2F6E5ACFA5A909826A4061D5D936088AACAD74AAE8589CC4F057F913151FE888E88A26625C87D9592966C6E4FCD1F2C30771D1CE36C444A37C3D4,,31BB7164BD4DF0986D774816F90AA69FB0364EFEA557870CAFEC3E43BBD1209F8569AED9EBE177B3870EC2F829CA37A2A4B325E22E7D529AB188A932E6F99288,,EA1E791FC4E43E96F64B93CC455B8A921569C2A6A37793735263378A5828D19982B20DAE024EC9DAC817237A2DE66A0CB90734ACC52CE8BB362BCD5465E05BD0,,438D3B9B12F60EF75EAF6C3509D78F56B753A76A9262C949D9EE41CCEE2A954E49CFBFFC4F233246E8E59057D621F0B40A3C1C6CB8D5E57903CA5B2A9673ED44,,
1,Linkja Project,37F49DEAAFBDEFE842D78308F279C8AB4FE3263392E181283E8A64AEED2C79CDDF8BE3D120B36A8E562D024EAF06CE9C97B842498D4D0202EA8DB4D2516D1539,,DF0B610F70E24F3069FE5D02E53A2307D1F19680E225B198E36B6012B31C49AFA55CC5F80BA23E328DA12F8AC5C315F945259A288EF114EF7D6D00385B3F2604,,7757C4E0CC506B2184A96867C2A5E63971D0992D11FAF39BAE6DC0425E1E48AD3A76EB1A4FF6E0F341DC5542398776F86E9EDBA7F6C0F693260F4C6339BB6130,,E51E26B335C0AEC226A851D5AF7E8F58C373FE09EE60FD241EA4CF3FA447B96F80F726B5CBFDD2F09F4E9170EBDCED6BC8374B86875574E6EAB11A19084B6F24,,179ED01EBB699D03E8847B75658F6AE559243EEFEBEBCE85C23E171644E8752F1C3F7A37360CCBC222F106DEE4B0196D276395FBF1B837D2F5E8C2CF3D30BC9D,,
1,Linkja Project,F1EACF3A4A947D2E240938264DE4FF939FE38B3F2681A83DD7D5A6A8342000969DB55A9C40395AA50A971EDA74F7CD74AA11B365177B256AE5F2BA540060FF2D,,C5C8D30FFC74A445DED000E03D21254E8CB0444DC0783EBB8BE73690D082257BCA71DD62517AD192B262C386A83BA197A135F1096347133D8B95AC349F04226D,,9C188FEDB4E8EF7D7FE75BCCC19EF4065E2960F1D9983FF8CAE1B1614C46B243246D980733501EF5F48FAD55B61F385A3E94F5E3FF7737304ECC3C7499066D9E,,D7E31A06C24DEF657A6D4A2021A989C2713C93DCCDA5128F45C05D6ED9774D8410C1CC9644EAA4F821590602C6F9F831C5F41C4CE88B5B309B6792E65E57D6CD,,BA717F641FC897C951E6CE1AE126631256A95F98FBFBF752A5FD1356962C376144A083A0C47F2502EA7F8B8090EAFBDC920C91F14D363318B5CC5B67CB5A9CDA,,
1,Linkja Project,F41B9AF1C03488CA231CC1C63E9F8911E7047F9CE3BDD35236CE057C1C6AF7C453ECBEA732C08DDB4C55B0C8A770B419A396C3316FA4204129F79151341BC01A,1BDF42D180B1812BB93CE27A630B11C89D111619D89AD5D2CA495EAB095261044F0DFD971CF58E725441615CCFDC0D18FAEC80DF29CB5029351C7D2212E4857E,9D6076AEE409F0057A37B6E6958730B491082C429B6FFB8E3FEAB3377CCF6427AA3C1D72980FD6A4288B08FBD211B4AC1B594AF3AE3030270BB920E1BD87AF26,1432515A44BB55D1527A00E57824ED736A710CFBB0F99C1A502C065FC389D84B00C0AC3FB8BE09A1E2D159319E924129DA7F6BAD7B76F283DDD4EBFB369BAEA5,980EB25A2EF484E2C0E826C84BC48D6C4A4A6BB9D629F373DDD21A5A9111202B8E4D6728E0342C919ACC3C026FD45A7BA8B920DF568E8FB017C7512CE0344F67,37877D1FB16089E3408E3AE7AFD1563CC3E7126A85BE603DC4328C874008727F62DCE23F6D1B70CAF0FF0BD0C3A2C4DDBB258C3EA3365301BF052FFDC9FD910E,8EF30BE15167FAE731C657DAFC16CB9C7257D146EE227C7D8C68F0FCF21B27190F61C6E24396B6984BFB5B0AB25830D755C70A6DAAB3CBF96F78C9BCC7FBE4F4,2CFE5CFB31B2C527602F7B5231D3563C477A8CB20A789DC2BD7C935C6DAFA9CDA20F8162EDB803A408F811E72392B9B4983AC0181D03465BC8B30EEB56723D6A,B8BF41EE34716E13062A3E9B26F10043EF31A34F55E948D0280721592FF93FDC76920931B3D622AC5A7EB98668B289C843A0503FCDEDB234A6004697C64B5FBB,D245E63BE7F8C3EDA257D0AA1E635E3B612CDD3403E9FA296AC3DE540B37002F110022DCEDBE29431C1E57253F22829659198E9FD125946B4C32592C29C06BE3,78AFFFFC185F2838F0851261C70644C9A6B985BCB7405C6F0038A9CD3AE0614F4A2DC28B7DE4C46F032819EFF93624E2623FE41B746183356367FFA14698FF3E
1,Linkja Project,4D15981B9B7461AA4C68DE3E003BD158B69556E363EAC8C062B0425AA41B313E8E8E143554AE143CEFB05B32082A70B70CAB402C05AD030FC3B93D579BB4F897,,B20CB663991B50A7D963830C5A14DBCB0B09DDAA1CF7E4A3D0975031E0004BF9A1EB3D7FEB0872DC28323A9290CBC6A6A802BF95608B377D23D7A3D4A687F5F4,,3427BC07A372AB75F5409BC58DA8914E2C12CFF63C546AC5DE826DC49C2EC40C73A5F6AC91DCDCD9A607A2A45CB53FC33B25332D44F4DB0B09FBE030FF126C33,,10CED391CFFB9DD73D7DD8443FF9E636A8A31C509201BC4A1DED52036625C6698769FDA3E6CD85B7093180EA83E520134F9197A9F9DB75B2081B0BB979A5E04A,,2934E41F7AA48679D5C5FF6E7792BE5D52D7371EB115C4844A5566C4C6ED14DCCEDD6F70490DA6C36CFDD4A5DFBB853ECD8269B677542D60D9A845C9565E19AC,,
1,Linkja Project,98C401F74E2C63543B7233606C26DDE9B28AFB1E3F4BDF9B6B604BD95F35DDB2F9C0C139F714D6B74C046FB03EF64FBCACA70FE666B0CB5F8F9B47BFE7D00C5F,,3B0D6913D39E5E6B661BFD0300AA7A68B910C77813F471B8E8DAD7FEE01558140637BF16BD3527AC92F463AC7FEEB4E5B84AC68B4F35773DA889CBA6B4DCD884,,910F5A08A15C08DBDE5A21F4807323D4D70533AB9737A7486B38DE5B2ABB4EE228D0C126E92C38548579CB85836D81BFC5A7345DFD5CC884C5D685A629361B15,,CA98BABEA5AD268F7E9D132DE0A6AD132599183DD95D9FED8E7F3A6F1F8B4331BAD6EB1E8266197248EE43004735A44269C41D30663C33BF9B51F5E24591B6E0,,A1FC3DB06EC5BBDE058166A309C6A3723EB7CAB304AE64D1BC2966FF1436EC88BA51A5C60A2F00E31F92AA03BA52022FB9072422608DADAF0A6C0409E66A87FE,,
1,Linkja Project,A79D1C92F53225E40B5EAA74C8D51A3498CE3EC76BBDB992DD87987CA44D1B5EFA6C5F317E118DE4712318E8E6304FCE0D4A703DB44A3564F837604157CB10F7,,4E9B6019B93957222D8FAA04077D51077DD6C986EC3BC73315F48C66C6AEDB30B0FC217856B9882EBFB9A2BDD91706B27104D31188F86FFF20973BD0AEC7E6A3,,95DCEE523BEC7DD0D9FDC7B1383036EEF0D713146F4917090FEE3102D38376A6257DD41E607222484D236ACDD7188A441B110F3C7737FA971BCC76C40ABEE383,,84D40F6469498C7A81FF29A1C3E0F9DE110A9D2B3836902A757DAAA27E3651A5D550A2CC78E50A8BA1AD199DCD4DA90E1402DE4D4366EE287A11B013AA63B232,,38B4CEC4A5369C0F520F4838DF687C531CB7C348E03B86E34F49419F0EABC1E18A25EBF25FDE8C4464D88086B64176C31805B94FF126EC88D7551D969A394275,,
1,Linkja Project,A07E8EBC8C569F39A75BBDEEBCDA9937D999A6A5D507DEE6678D3D6FBBE45CB563A7A69FB4466FECC7407EEF3D81D0CD0B23569674609466078BD9D82CA78156,,76C07A61C072BF4B1D2A0C92AC5C78F05658DDB7E4E693881435CCF42C53B09E2FAF4B9137BC665D88CC264CC9BF1FB200843C224EA5FEBE4F96B6C51845AF4A,,9F2374DE8E124EE5BDB138885A7E52A74B82B92B4B3EF7F6347C500FDE84B9C02D26C7DEDA367F553739912FEE445EC0EDA42C0FF1C3B44FF805C96BEA4B8A1D,,5B64AD0FBCBCDD18C5FED0C7EE57267E4C681AF2D1081C021263F66457CCF937140B27C1D78AF8B274462BA95DB95402B8C1F1FCE43884EDB77301CDF89E7A89,,30D1783B9AF9BF1F4E937DD37344DCDE1F1A1C9217DF572EE7C57065904C30A1240915DEA8514C99F4B8777B7EAFADE5076EA8FD93BAEBD808CEE5FF91BD646E,,
1,Linkja Project,B52C058E56FDE17C2D8DF7D8857689B41F60502C68C6E2476C00BA291A9266F6FAF9A9BFDC8BB85CDA649FE2C407D4A317CE099B7E33E34B706B834F96C246BD,,7389C4D3B59512C1D16A77DA7C389E39153BD3387C18EAF62BC00ECCE044FC31A3F1ED0F1542B658ACDA73611B695E7475AA75C957738FC41D01779C7B418A3E,,A24E5A5E1FA80DB8815411F70884DA5D738823448A79C8DD4CE3A6A2EDE74AD59402485727883889F3B01B292EFF527834A22293D2A6E00D352430BF0288E754,,EB27F6D70EA3C85A4385547C7E930CB72E45A79F89F3ED57AF815533E15575B9DC175A2615B0068DCE5AD5C7AA346FA984AE8175263AE6FFE9629C2F67477FCE,,2D096001B2C536AFCCDC60FCD5A23F3B4D20D45335B77400B723484F7CCB66C8E1AA47BAC243DFA2D7F3597E423208004358B4DC2AFAB2ADCE7CC93B4EFEE505,,
1,Linkja Project,B6A46B6FD8706D907DF4BBC1FCB0B7E9643146C84EA60B734BF7E6F9F94BA120A7ABA92E728C5BC97CF7F2411D942889F3F3B61A7FD4A2EA5F475449158F00F4,3F042B8A9404555374AEA822A92ED8584A18F2BF2D946EEF4E25D61C3E2EAE56ABB6D74132549CEBBF84E5D335093BECAD1B5F03BBFC59C53368D96D7CD747FB,31E236D05E69C25898F7804AEF9B4D474BBB64492DD696BD816885A8A7D8E411D50AF7F51AA47E847822A9C9E0B1FAB8F841DE197CAB8C073A8078C3DC64B204,67B7DD139A8B0FBDCCCFA318FDA86556E0135B086033825E6E0B3EF60BA7D1B689B2666E36A183BAC21A3640048A1B5F6CF35FEBDACA18981201F1436FF77F3C,BEF9A6A85423C506DF4AF070B83BE46A3378CDC085B2317ECE1D987AB859AB551D813CEEB4830C09E51730CDD769861C1BE191D308CF4DB1FF31EC6EEAD1D02B,567348D0D3809C10A17DF30464D85B153280E87BFBE89EF560121344B815E217D3E45AE189486CBD06AC971CAB77191C0B3CD59EDEC7F3909E37806F251DE087,97646A1257D4F0F788D1D3F50822EFBF9FF26D1B007650873E137A4741D47EA7BCE53C463CA4ACFE817CC8CBAF2CD24076F219DA19121202C2E7EB63792438A4,FAE4F821A08A5971B1B253F61DA3BF05309B8E2B80C17A1AD1335F98FE6F4F0F33D6E52EAD0C3623A89E80208149453B0C9AE02B29BC9E756D4EF9379E3A8C5A,646FD608E810217234711DB91D74AE041DF20F26D82663AE7DFFFDEDD06D2A0991E2694D8E630A2FEC920DDCCE0828BBFE671642473AE42232CCE353F2353EF6,481DA3BB8B4F16870593CFFB633DB484270A7D4BFC64A51A42C284AD80ECFB010E53222F4C1DC9F3D697A21BA9C917A8BEC91D3B3E581C11C899C77C63229A94,3B6EDC2D08B6DA80F6AB4340DB44C83EBBB3F56B27DF81831A012439AD9EC59D2C9B105680F4F86B2B591A248BAAE514E79EAC35987207C735C6DE3FC74077E7
1,Linkja Project,60BDE32AE4E25D469C3035AD535FF463C0A5E94EC920103E534E0B39BF69EBB210D4FB0E4461331E7756CA8D496578CCB08D24F3C11D51C3F608F1AA15EB784D,,C326B67138F1F19DC51108956215C81FE4ACD3896BFD7CCA9282C049348EB113B59A143439C697B21E9DF41FB3D9082915959C4AB1BC8D6C615C27F182A8BC47,,230558A5C9BE7E9BCC859767E8E8CF959DF7FD97D762A66497FFC687DAC5A8E26A721DB2270AB4E790AFA3B8E38633CF5A739D91C5E970EF9D442AB95F18DF2C,,B11979E783B0F386C62E1C0BE16AF1ADE1AD7A2A7E85A7C6A8D15DA8DAD7901B96E066A1A3BEC966CC77CE1F25B2111C935CCB4CA712323E45FFC5311AA7B87D,,9EB2D660F9441B49DA3B245D52FF7F04A7933E848AD30D6721791962CC96C8CE8C477FE7C39372421E6935FCAA4E4E4D2741BB622498583888435975C1BCDC77,,
1,Linkja Project,94B85F30167BA1BE1C2AAD2D03BA3A55D864C8B49C825B1E4C50652328B2F50308C6748F3B6C95F591472EEC4F438F6B57365615CF738838B3CF118DA9308190,,AD2D2E2C6C01DF51BB94B9E4F3AC5029F3937A3C2C22E8FF7CF70FE5ACB25A00C07ADFC7130790862B1653DE93E1F3F3A0603C2094DCEC0D072C0C483A637586,,372F81FDC03CCF750514465BFB5AEEBB99D9141228E554F03FF551691DA3636C74A0D139E53CCB6EE85CCB24DD4DD17CE57EF305FAD536EE564790537A7E9250,,155B472DF6CA9867595CF24E9884DB67988771EAC22734C333F834261050506DDB23F3A5A686F464C67F7A3F69D7C6B4994A85427604E64D8F52F158A440428A,,C0CB7F9DECABE97B75D84B77CECE20C15D386AD4BAF0D5782BDFB8A57E44832532CC148A81853F3D6B513E55EA5E6D2F399E26FC628D7468A62B66FC8FA7D4A2,,
1,Linkja Project,D030AFF21202F1A19380CA0A0D3721BB7E54020BACE46D22B1FADE9E88729396792AEE95B0D2C5B7FC152CA05F8E06520E411BD4D77A43B42400AA151CF639FB,,AB20EC4F15001DF7A5FC87C74378D5FFAA500C9F208A72714B12C58B762E2FA0382FDE146290C1E77A2E161D81CAC8D06DA3AACA39CB4039D26AA80856FD8063,,78C13F953664A05070570607295BA5E38B3F75847D413796956D882C9FDADE7E933E239AC18662D3621F6ADAA1FC3F479BC397E0435CA3AC845C888FB7967849,,EB9D60D35DA77949D55DC97EA9D62A0E55C1F53E09FA4A336B8C0A478DC75C79A9C8D9C9AFBCFEE8C9691AFBA875FE1AC058C3ED30539BEF00B392D8B05E4179,,D029314D4857136DD562C7761C1285E53062E7EA093E848CF700BA959F9673C6E7EA2E35B5AB2499BD721D90E70D6779F25C9CC0B5C9F0B7BECE2933201C6E85,,
1,Linkja Project,3569F2A9EE8AA2DDDFC7119ED968F4AD988441606863851D64A48BF25B7EB2668720F0781BFB014CBE5AC6A2DA78AD372B72CA5FB444ED796C9F8ACE0B6C91C3,,92154624B7A613E9E721B8B730079050203462E22F61569ECC4B4CCEB0DA4CF350A1AE02E4E29CD09296DFAE8B79CE6C5C497FEF60D8C7D2903153E6AA904834,,D7CF9FEE3B5A147BF44578E03F5CF51BF7FCD2E3550B0C4DAD15C2BE04278A7D47F1EC0D13AE2642DA4180539F66B151B45EE9BE2F47945B11DC0068A21B88FC,,660313724417603DFB959C1F21F6BADA54365F4C029CCF4EAAB214F165DAE2192B5E0C7D65B2A54C5BC8636402A74808EAAF527D16FC330F94A9E81EBF9DD782,,6A7ECF8B14929F7C158F129583BA8E065BD102CF285867AB57829AE36B60177D73FA4DADA4CB06174E8FDC143770E2542EDFE6068167605ACA3C16E6D0299B7B,,
1,Linkja Project,C4857D1637025E69DCF5D27CBEBD941039283F2D32ADD68012A6F2957E29F21F8B53D206092684CA57E453F7235F5B72EC07997584AEE10A83A03151246FD037,,771344C96D3A2C202F66C2B9A9CF854677D58BA424EEAD30844B7317F2C608A94708BBFBC7B12724BFD4D408FD2342F4CAAE6AC8F432ABEB3753D0B6441A04E6,,EAD2B760518D0B599B01D5DC7DE686DA73DA60B1B581AD5E08ACC3275BDA59B2307997C949123254D1ECE9A71E05CBDF7368620F337CB5140ECC2ADB32527987,,822C4B341DC2DB52EE9F5383B3F80A38270D09CEC6FA3DA492F25D170979058BE8E5FE84BA2A8AE3A72B029D929EF89D6BA36F7D8B8D2442736618BADD555B94,,1650EF984723C8D898F1AA7D8891619D96E050A1E681511F77B5FD98FA6FAE1E4AD0E095A35CB35FFECAB97E96A905602C20B54161476199A9E3A61B009010C9,,
1,Linkja Project,C10FD7C75AE0FFD074577E585935E0FE114F68300A2CEC7C6B55274D01506079B67A12ED20CDC05069E0BCB539FBFA843D10D76949D9BEB753A3AE17F8A2889C,,4CABB32C140FF9CD4D68FB5B1260588D1F3F49CE76A01AEB3F2AC24BFE6124234EBB5187333106FB7BA9E30007A047A87B5C7C72EA488F6AA536EF00B4AF42F0,,B103DAA92B753D98771951E8484A9F9BF79D79E627FF9B6401EC669206ED3DE2E17EA972D16D0DB8A2EC50766791F18BE4C9511AE24DDAB9BEB0849C8894A423,,8D069A948B4E29C69A5055D258E825CC56485AB18064F641C40EAEDE04441D41E41919FEE83A5C7CF8990DC3A28E9569D6875E4388A99BF681173AF704AD14F0,,70FADDDE6B5E0D65D6958D968DE36F4C8110B52843EE38795215F4C0F297D08663FAFACE97C7604EAA5758DDE227F934385D9B8987D382211AE69FED4D214770,,
1,Linkja Project,1302E3793A7DB69537BA0A7ACE2188A81E386584888BF4B562C3B858C3F2A24A99EAD075DE640D62460555B13E601BDD658BCF73B63E4FF91125236082696F44,,F198CD9474A87EC61D8485005255A7EB06D8B6E1A5EC58546CF1C2A4AFCB42B217114A99106A9DB00ED011C3B50CF8F00479AA17E94861A06D318D2F4C307B79,,8887DB20E6DF49E07F5C7170FD282A1B2EB731752820D67E0C0CC8EB67B8C77616237742478E829862F3032874875195313D98A09A7431527CADE5C8CC31A667,,574AE3D8189F3DD54811531C5C4CB43FD390AE5FC303A68ABDFA7E149AD925D0B5F5F8813AAC2E4C43A70A1913ADB5A8D4198B6BD3F50C58562739688A6D4A61,,BE3D324524233D296C173C76CFA7458E0CBF6F4F901A59FD02CF1CCCE0299E3244B76E6C7A9AA998670E6D796844E0AFE4C2F05195BEEA4C72C2DBE8EF769E0B,,
1,Linkja Project,1739F61B2AC53274476E7C758A96AC23E462F311AA1EFA1716D12F406F4815031042D4E853289DAD876DFDE4B120C51FDD285A193B6CD693E944069AEC505392,EEE6D578270B0590C7D4CBFE991ED914CF9BC916DA64CF3B9606A8FB2CAD6DDACB021ADA29244B0A8F4DA5B08610D1C161EA1AF45220CF550C403F0C50E9CC90,F3565BA29A570F2C52BC5803AEBADF678137BCE8D5FBD5FB3C420F626BABBEECFCEDEB63BED3CE9496C149B2D2F47E7EA51BFA3366BB38EEF365173835C92068,33DAA8273B2C2AC21D08765AC67930689539BF7A5E2BAE1137579AF9C6C3747B9EA541F6A63A1A34E944E796994D2C4724155B78863FA0F94E90ED51F55E5882,AE92C119591E88FFF21EF0F1CBE646057CC1C429FB9C5CE449BA9D25F7D5459B999AE451CC32FEE154F3C688A381450F8775703B7FE1BD01C74D27765D5A0D0D,D957BA9ABF90E54BF059FB9FE2597F2D9C3AE09C276D9AB0908C6CF2951B5423DC71D751C8C2355AB72D11AD631B1FAA9647E577E87F69BA210336C5BD873BEC,B096FB1FAFFEF467FEA5B73BF2B27A1D6BBB2CD38E927289ED47428ED44497A394B1B89452A75CBBC898DEB10B1AFBBFBA2930A8B1F96E16A63C9437520B1030,72DD44C06951EF6B96FC80D79201AF9A5F0A517755FA27E1473462E89E4EC44AAC99A024607EC0146690ECCC6BE339F1A58666DC3BEAEEDFE4E53AA614A17730,87D07843E92A21BB08C5B56185659EB9E84AEBDD62AC7CC020AF7CF61EE267127044FB3D375AC1135058EE9C0C1AECD6777E858958BF1F0BEF9D1FFE8049BDE6,0D2DD073F55414F088C334AA1A29003C9D966F4FEAACF5BA807067B8000A7F82D5C59EA5C04BCE9FA7F46AE719F4DB09FF5E31CE7CF25BB494FFBA8988D66AA1,56B7B72290E704D6DC891AB0B6563A539BEE177D41C5192757E0DD2B5A4BD5576EFAF46A0BB2E06D230F1A1E87DBC4E4266344C87A3C86D2B814FEFBFBF1E70B
1,Linkja Project,186B99112A2B0F155A9A35B928275A97893E9C15D604E2EFD3499B7F1FE91684D2D00DB9026DC78B3578EA5F19B051D6E17A6E327E3723990CDA5BFF4AAB094D,,25D251D0E5770F0F25EB5D7FE1056EB82BC53AE63B00472753675F4790901599A57ACEA828E453892FA294BBFDF3E2A5A984868BCC100D6459FB36E227AD56ED,,644FD3675DEC8332DB0A3B8E53A66810535560F0E64638CAF1CD3FC260AC8B49AA018DB9D82AB8830AD784E44AEC05DD1BB79DB71C84AFDF863E7DA2FB7D116E,,D4A4435D315491393B5225F6916EFFD85B1A8AB880A328F4931F832261518D9D291524271D735263F3BEA9049FFC4A2AFD87D065F734F0CD17B7A4B37BB3C066,,7B573363D9C6DE5701AD649078F4FC8BD41BD5B318E948C1885F1AAB89B2CF3D73BF84F649A48292F73C4D4183B805ADB481D276D25E504C19582A5D81C7D7FE,,
1,Linkja Project,F913306B63EE9234BEFD10DFCB9874122A3B787CC12AD68FF88EDED44A878BEFD1F172039738E2F0EE354C3567223DBAFFAD3316C9DC4648B55D35D2B1C4EFB1,,EB648069601FE9670E4C453935F443461413E5E4F6CA8B5DA15D91EA1C429993C9423C8D6A5F07C00F6DF930EADA0DFF1FA7C6327DE5A0DCEEE145852AA63862,,3B75A11979A01437CA6FEDB5156E8ADEAF02A51F486526BD3EF04C39CCB6C373CB1D7582708DC6690ADB19C45823C25F91FF974BE912218FB0C07F265C29A205,,2E4A43A15861A921669F34C099E073CDEA469156066E6D8352916B46756AA24E6D9FB687FD624CCB92A7E99A9D26F3C3EF6EB497BA1FFC09C622E766C21BA41A,,5BCE60EE03AE8580B0CE2AF080724DD4D1090375030B805F24FAA868D8CCAE46279E386BF7D382D898E5CC1A4665CB409938F11FF70F3DC45288E02EC3E5DFC4,,
1,Linkja Project,F32E2FD32809E43F358AD9D11FF4B30B7794D5D3CDAD62A90052DC01C46AE34970A3F5D0E25E0F4B3ABD8B2C56B877C37B3FCE794FAF16E593205835E07A41F8,,6AF100D33C680F988183B34443B7826A8F9DCD0FC7A60B50E4693C96EEB180840A9C59ED5B33F4445B28C28B918456278A39995EEDDA3E18BA45388E4A08F026,,0A5F9EE5702FBF74F4FE2A218B3D31CC56FD198309952F13047BDD858690A031CEC9B69B4E5F4A57EE8E0D0A4261EAF416988504F2AEAC37950D30A013DDDB75,,8DB4D5D6EDE190DF23736FA965A52B684CAC08E94A104C709723A1D8C7CAFC0D74430695009525602C5BB2A3034D55180F824219629ADFC05DAE8C9F65C27045,,2C35C16585B1D3CA2EE3B4B01CA8F89928792AD1B37D0E8C93D5DE3787F7418E57175998E0388B65B5D85EA74D4A8DCE718FCF50E89119FC69CA3C4B18B89033,,
1,Linkja Project,5FFA8B6F177C85C9F23FD4821B48494B8F61869026DB5A6AD19C46A4FE504902DBE10C99778BC2CE78A544DD78716C44E18659DDC8ADBA852D883C576C8370A4,,6CC75D23FB664E90F386B7FB2EB6B012F2AB807B29644E31342ECE8C1E26B64F1237C5AA55CB9FF03BB7E90882160C46A48B2DB683B912BCD1D3016B9C4A0EF3,,0BC73EC540E231408E6672316758CBCDF97E2AEFA58AEEC87E8941774F607F1F89DD10D38D9EAAED61687EA9240AE396B28B5A977E92D27F7F470097505849C5,,0C8592DAD8DE55A9D954A0C0687D7D73F96D9BB29F635AA6E640CEE60BCBE1DC503E399B466EA9D8465A4AA21E2EFCCC9761C3786E2112DEE67D026E4DD44DE9,,0743F40CBA66CE86FED09379A1F6FA5BB7D60E290B07542A7943AE89C53965A323E19C8B1843D9B55F13CCFE63229584BE2572F8B87A50157F7F2E1E8CF5DA01,,
1,Linkja Project,F59B0C296225B88F650C1E6841A212D3606DB9A4CDA52D7EA29BF8920ACFF8F63D4D4879CC7C316E222B1D97EBF09824F440E6A290E7E421DC7D8371E1ED8102,,03C400C6957FC66F3E83E5053457B5F9FB3493CA470E5D9C309339E4F2EFA16E615DD15A6A3AD705B68F7C77EAC39E3478533A6006D5E9F6CF6CD340E7B52D5C,,4A2307D03380235E0FC9D61C28823B31CCB0B05255A908F623C5EE81430DC98A2E8A9A36687BA9F3266E27FE9178874DEA2A43C1FFEED76A59BEAED4698089FA,,0E3695B2703D8DB1DBD966DEAD2B3013659048C916C2E031488FD1B22B01221F07439A4AD00208E0B2FADABC46F9FD8C73DAC1109F1E7DC4754D685C0E01850F,,62A77DD244D4808E984BE2F8518460576D5141AC1D8FD6490B0DE1ADBE8C48A13C96B7A203291DCE2165F3C39D5C6441CDFEE07E0027A0EEC0DB5A20FA48230C,,
1,Linkja Project,C52EE12C841FCEC4D2DDF1353816A8EF492783CD55497060DC7C32E82E87A99F7A7FAB0AD844A2CC855C134A5BD9E78D6041DB8470F5D7AE9F294A673864BB0E,,B0489902A0DDD3C691FAB9FCE319F91D95546578F566C4F343CD65EE5C3250BC3794B24989DA546FCE50E4247A00F6855189FA68F0C4BBE5B8D501E132C04A72,,5081DB1D3E3B4B410E0EA0FA8A5DB6C729E09EEA019662E2C11BDD3537D261C5A53838F64A20EE1DF3AD3939F9D098ACD5A412797A264E34E21963B307DE4E95,,B9D3A318623F32A06EF6BD8BAE68D6468DE278CF3BE319EE9A8F060012D599EBE6AB552FC75E2C1AA5BA2017F9F82F5A50658421278272D65F8D48B41F2D0FFE,,A5FB0E23FD67AF23A074DBA34B213D64CEE2025CD1FBC657F6B94FF30666040A1C859498A11F066B6EE2197279F79213020B0F7D7BDF799C853B9C0DF1F53DFB,,
1,Linkja Project,E2B17E040EC12FE37C917381D6EC64B479597EC9D08D451204668A6BDDCE52DC8FFB99FEAF497395D167E23E43B5387596E37F25E2F47E764A1EBD2597B01680,5B29F84B5C79E3001F02AA7AAC54D912DBB8FC1B64A504DD25D43A73A0A5516DAE21DA18B5777D735E584CD5B8143580D87224471397950F4CBE1A165BF8C325,A65CC611D3BC470D7B0D36FDE6190C4F0F6C5FE7340B4D3B08A68B5AB60AF5DAFEB0955103FE8269A1FD31F8B6478536E3C76E522D2CE59DB2AB9B51C7E63BAF,C9534724875679C5FCC37C3067ED0FE2693EC31E97FE872C606EB5BF09B042DF38A64916A6C0445DF68E93ABED106F986BAE377171019A4B933690DA44114CB9,D38DD3663F5F2960D1969CC3EAEB690C13F02422D9631F76ADCAF9D32507EA35C3A48A879BCEFDAC52C95C5A7452ADD597D0C535229FDFCBC7C853E087172FE1,651113D4E1833D7EBCE41F04B07D43B6F3AFE9E2309132653AC99552325B23F27AACE87A404E5D7563AFD799E2D90E76F218E62050961C23BFA17CDAB95B4B4B,21C0ECD201D7B86CE659431C9885345C2ECA5A831D7D38A7A36D99CBFEED199F8985CD65EAC51D2DF4F5BC6B1E30B13F8B67B07255C4EB913EE723F6C247035E,91F5B48192A5466B54FE74EBA44DD50483A3E242AD1B0B88AC12E145AEB7F57F34840366CAC17E8606016D317236C942967A37E97F6F101B49F0353AFEDECBCA,57D336EEF0F2DB41B7C2BAC3535F4EC8D0E3C127CAF74B9607A2063503BA5864E2D0890556476FB6B08A121728DF8D72CC2F15EE38FFB9C5BCFE82BF51546739,3D1064AC46A1AA8129327C638A5EDD80B63B713061403BA63A5698C68E9E28A7127C40D26B8DF443444044D6BA93947AC1F8D579A445D72C0E8EFAD6DF142E26,6B989AC62079C0C25ECC2CD10F3B6AE4F219DA78008FA1932A7A7F7B4872E6F30F7462E6EE03BB3A8016B7CF809211559E307F668B83F914EDA9349FD0D23D65
1,Linkja Project,97930F8D844927C306235D3EC7834DF78D80A5FC55B74A1F45A893EEA41178E6903CD6BB30FE5C52B80228F8E7A7D38A4D68557377ADAA4BC6F23BB2756750C1,,6E664A9E92E8C9A8134E0FBAB1DDA6B656D4FCB169C17BD47F57DC28DE96A45152DA0EB74D312B7066D3B2EE49C773B2B22AF60AC84145DE0DB49FA548029F38,,E1BDE6F17D3C29737CA77152A9B9C243F2CB5DC8AB4254C297B13236E710D515982D7B2558C0A7F59F69B2BC32E5877EFC7CB7F067639A87444D899F9EDFF3A7,,98A7C96E0EB1259227657DB84B61BF6153D30C30877A7F3FB01451457483601D0C9E4A518835C8DF2B0A9810DC85FFF81635AA0987CE4B0C1F903A0988692255,,BB271FE3ECB87D5E316C94CBB12A30D292E3FCDB68EE16205A2D8D44CBC30DCC5A1EC5E0C35CC7551E907E7F87FC9EFFD73AB790A14B374BC9BC0A9F9B8EEDC7,,
1,Linkja Project,BE173D41E287246A68D4516E1BDFCB7BCC6145D1B580B7D9DA7FE1D32EC41BA0D91866F44273E62DE56443EC57D63A5A047BCE54D860A208ED5674E086404EFA,7AF8B15B9ACCFFDDDD2A381B6832E1EF740C9D9292A677A20ADA9B29E46947CB33E99AE433B03B3D10F6E37FC425A70F0DBCDE1C1E29E347EFC3EB25C44CFBBF,29F7922DF67428FC83B47EC7D4291506E7734DFC2B1C707F567866E659D6FD9602EF3AFA4CDF836A4FAF8D4EB6560D606B864BE349A34D25B8728C29ED0D26B9,E3ED67D036791B95EB79E838DEF587E959CC0ECFBE422898FDC56BBE411025B7001F3A14A46E679E41D2258AD93AAA3727D5E6A34487F55D692A1107A38BC0E5,D9AE89A79BA13043C30DD9B211C81696D5BCF3BA624CFE10F44579F1291EAAEB0F85AF8A74E89EC127AF8765BB1D25EBDEAF68BF89FACC29E9E99EE846022362,135EA3666873E56177D93625385B8B9033AC70AFF6F48409774C57A043323A4AD092D1D8B4239A38419BD7565A104774CC546FD8E9D2085CAB955668F14FB188,2C19B0D61F9845D8BC0740A00F3595AE0377C2A3DA664795DEFC949417A49F714E2863F3D02CE948D4A319F13AF4621FA8BEE7B7BADFE7E304F6146E7DDB3DE3,D22EF833660E55C688E6A6FE116CCC9596F90B4A0C8A1EAF1583D3076C6F804BBDA7A1FF5FB3FB459133FADC5782A8483D433502756C072DE4DFA7C3F088E195,EB43DC3A30529F1F7FF7601316303FA6BBF42AF31BB069C06C96F32F1962725CA8859C8E3989370135E61E91FC224561BF5A8694EF385E191BE13D4041266C78,CF18F4B6874A006CCFA31E719F6C3D0B5251A149E0DAD775E00E38E31C841FD680D68D6728F31E2851AD6899584026FA5EC3B62FBB4F827E2C0AFEF6531EBC1F,164F052DE1FE40AD098766D4685B069DB82711628D3BAEC045D8E46E3E5492CAB32FBA4CEA06ECD92B329A92CAD9129A3AF017CD9B3F7AFB5A81FBB580EEAC7C
1,Linkja Project,67759E912B0A9A1EDDFBFA859C9176CE2F692CCAB0733C92122195AEFA43DEBCC2D4658FEC7D0B9F60B03CDBF3C190DBBFFE23426D6F3E03173F40311CAE5290,,64BF673DF41F478EA8DA6A542540D3F1CE8DE1B837297836491CEF61DCBA6681965339719C096F11339F018C62C43DCDD94FACFCECC0E62ED94FA25BF5053C7F,,0670A783C2A7BB809A1758FF442A219EB877A251EF082967D9A4E80A97B31C48EFC6A7BE03C7C9B81C012FCAA9FC46686D8D797A517DA67A97C0D442CD3A3653,,DC3CAF4514478539F1D8AA639E53CC57F2207D6A3E7A4F5766A0D4A7A479302AE6614C8BD26F9021A3E9E501597AC52B99532E9CBA83E95296F3108EEFD7C71E,,F50102DAE2DFC9008978975E59FF7CB88FC2C7E16D76BE95AFA2A131CDE593473AF52AB8BE93B6825C03A4B716A6D662AEDB542E3D79A4AF4DD2718DF8C87984,,
1,Linkja Project,04FCB95B54F2EE84BB586FAE514A5A6C819541CFF683E203228819DC7AB1987CEAA7DADA2853CBC2EC8C5AA54D3B99CE6BE3828FC285455426B94B5B7F9F64C2,A3F2EFCB413A6CBCBD408A22FA04EF8575C1F6022D1DA196C6971681763061D37E9AC443BF421D596168BA20C3F0BD11B6AF7708DA8001350E8C9AF299F078A8,8948F7CD509485B1342CEC14EA0050967EBFC8B96B5CF03D6BA12E1476FC37891D447B573D7BD47C41BA76970DE9BD380096D897067406909C56767534CD3F86,F532D5CF1EF67C77614D8A6F3AF0E01D454502009ED4FCAC6BD787E37A91C9CA4C68EA2BCC9A794963AB725FD9356EE4FFADC667D35D6C320E85B1C708316B6A,EECDB6E6CCE0EBDE2CBA5AA3ACE0BB7ADC44A0982EEB7337DA847CBD5B8FE6EA475333BCEF76926F7B9ED0679A0B3D36D62196CEE95BCE38FE860DE17269FDAA,4190711AA98CA3983077719F87E5F49101008A12424DF8CC0241E47821B3DF1317CF7AB8C51CFFDC008CBA4C2090F734397383D14B261B7CD2E0489D2F5E79B3,497CDC338741631CABD6869ABDC30BC1DE4E7CE35ED7FA161F08ACBFBF28D67E6528EBCBC0240EEA5AA7AC2F3B9AE56FAEFB14CBACC4B690294120E3CA911ABC,E32BDFAB52E8CBC094C9D87BC6E514F5FB53439C3700EE606E3812B1400E53BAF6CB6EF4CE0339333A6DF20156A5775BA14D2F587C6D610E22C7B994BC6AA493,024634B98CC904D38B272E8F68EE4214085B20568FDE25C7048D5ED498B232D63B685A1B3DC9FE79816EF955DC42BD94F2F45B02F96DFA22AB076597B8B5920D,0879AD341A5FA45BAC56FE72B24C5AC922B5CC6398547863D78485A462F6D06F0E72117E6A108582D44F535196A8BF698B435787E89F7323E0B4645BD55B8869,D09306E5D0C956A43EBE754FFFF54CE1228697686652D9699DB3EA0FFA52B4EC290C4D491F59AF759D6493978F84EFE66D1D67995B344DADBE7BFFDEFBBED872
1,Linkja Project,D0D28C76EFC9171CB1260F8725B0CDB6A41330D3EB0AF645F6F9B2E24BF336EFC01C300247AD059D92945629BDA1CEE19C144F4BF97C378D9DC2BB39CF66C298,,EE8F4C5B8C0229A140FE67FF60FCC258F31BFD16893E41089F5E16983A275D861091A325AB89991435DB5BCC641F15C5AF84CCCE0E159A661CB87C08F288F3B4,,9BAEB27367DCB445D16A2996CD17F62E2AA20991E54E5DFFD4F0A8D380808A802B0DA3C6472D4023E3D38E5657D25E7865311564EEDA12CCDE53038E3041ED22,,B486AED8F02D5DEF9B88B64525B59CA4C832B3D56C567E7038ABFFA5566561A650E35E45627A512CE341ABD9376DF7BEB4FD6DEA017733711D3C36BDD0FEC606,,50A5BFAA0CC02AA3BE704CF3D3994719B4CA3B459F166EAEF5F9458D6A548153ECB77C75DF4B2304A7213A79932D95FF63A767E97D324EAD303AFCF675D7E241,,
1,Linkja Project,4C913D9DE1C448FC6D974A2BC8DBEF2A775800F413FFBD9B7BF6A568E869F6516797B8CE414D4CCE8AE881732F2154DAF1EA3CA34E00AB00ECAE5B7593A17B8E,,76927E70F3DD75EB29E5E4A30367CCEFDE22A302AA2905BC513B350277D3C1B222BCA94EBDD51B505A5273DD4C7B377F1FAA8E86A0FFC3E074C75FE551B767FB,,EDD99E8BC10D7364DB761DDC9618A34010FD7DDF0529FE9DA290360F1CA06C94A0EFEE16BBE2024A418C46DC4961279A477DC8BA2DA1BB808BBACD1FC335ADE9,,531E8EC549D05F4761BD1D8A9AAB903D30D411EE0D89EAD89B3721CD1B8DE2FB1391146D9EE3768694258D6954523DC03732CD044447D93D2553C3531146DDB0,,871E33D28032DD0F4143D3332A33976C89452F80FAF6869F08C1190302E71F6CF9B8FC2A83003C4BA767805935E74F1EA99747A81DD4976AB147DDD75A3069C6,,
1,Linkja Project,AAF607A0C82F5E697EF637D8ABB7DD82EAE9BFAF5DF96AFEC507ED48629142DC4F534A7769DEB7989D94CCC8378566DB260C3BE320ECDDA7DD7A41DC0853BDFC,E6C3249B347085AF1D6E10DF8304F04D52352A3A0B58E622235F1868C600AB658DFBDE964F4F885386C3D215EC5D564B5A62A8849DA1C068678945965D5C0F0A,48C4814AB0BB807A7D11D4F6AD5367D07A72B0D911E70F4978C8AFA5046B82CFCA8E272C303BC2E79E9615F9EA8EC9AB44CFD4B74504B592181078E4CEEB10C4,81C393F82FE8AC0A80853DA1120A84C42F9F634D04BDE58F51B68E094C715FE75FA6DE2922296F2FE52D03D60DDC975B3C7952B2DBC7C4AEEBCF0A35C03F242A,9CD91E7AD874DBED10B266E8AC8DBB11BA0827BD7F6E99124FDF93B8943D76E74DFD55CB63CB7252FDBC6CC8110A8EB47ACBF87D52B35BA5370267F3796FDD6B,9BA2BB6CEEE33F2BBAEFF0EC80ABF198F90333C58FF8F43B1C22DC3F9D14D27C4E5ECC96CD34A7BC76868B6782E4E75516DD4ED2A8E2D7E309FC60C8F1DDA5D9,80748403ED1CC6D2C7382B3966DBDAF5EA2D9BF2027308906CC5EB77FC80339F104379597AA6B4F89DE2C840A7595199898A702D222051D0EEC773902A65941C,EE48F98C547C24CFC04E3F6C2570022E3DF483FE63FF084C949183819C2F440AF5B1454CD0E7DA475C652A87F4BED46C680B299E3192BDAE2B8B444030F5177B,A1B4552A8EF8B6C67A8241DCCE969140B625DBC7630D6CB1A618E6E8EFFF7FC3FB19817D7F5FDCD31E0C2B9C695ACE09951488ABFF1CBC2A94ED2B8E8E3640DE,F81BC0365AE76A1C8E5735D28854421FE3A417DF9FD2CD12C082D75DE935A5A92F865E29CB7B87F5B78B4423028C22B4DDECCB8726BF2D24409E4EDD592A061D,A4DAD6D9EB204199173A6C9E0EF2E66528FEAD44FE9039830E21DD6D706134F73273D9634AA5B7932FAFC50C7E34F858FFAAC86D8B432A62A3BBB2604CD668F1
1,Linkja Project,D1C6F9FBCD9EC5B4E33C9A179BFE024AE4DAA83E3E91B92C05E2B659930CC453684B6471798B46C023F51B997E40DE8AA3BD8572CB19BB8D0FC75DA3A2925B1A,,4D65D8114AC554E1F0A977E28412A0FB3DC16709ED91E24A0C28A1D9975E0C7002DEF7B63C4E313EC2229BBABECB6FDD2F3BF745B3BA8D3B3442212C64B46DA3,,741970BD5F1A4B98135881A9D06D35AE3C338DB539A1BF470DE8685309558746648D8C58259AC210C0F4436985CDBBF1C87AE989065A987103A2D8E6F7644823,,0216E03704457675170434B3EE0A58C677E7AB11C651A3BFE03EE02C5C6C474DDC33A31EECECAA8ECF4A95CB09EBB18B240DA72BCA14933DC5435E06A2CE2DD7,,279D098AB59D8A4FF72E9514740E142ED155B4BEECE10E9A822DEB6ED50D69840E267C077D16853550F5B05B07E8722694023DADC03B5A40F6E948FBCDDD2089,,
1,Linkja Project,CE974F3BFDEAB4329E4E1FA720FC9F4F277437EDB36480389579F07AA47705F0F14431BE1E702CF2C708FCBA63F5A982BD5984062F651F44843A96EC5B76AD35,,617DF8FED31009E5065CE0B928AA95243E7800ACF30073E7B3870670FC7309F4107FA88CB92136155C68CFB9BDF517D06C0E9D4ABB916AC0C3FF22B1B8A6CA27,,ED10D7321DD397A46C66EB27CBC9F555C75D481A6398AD543D83E7DCA699C7BD81C4131DFB7D81AC591581F919E446571DA9BC212A6D523A390EBF876028DFC6,,669A367181262DB8758DD04C3CCD06B8E7EDFA8B2D1DDF2692732B6FE0F7828C0456B69288AB812F6AC35581D08383CC607FD299155F644CAA11A4BDABD3AA49,,6DB24868F11F96C1D35D3765454092C5AF0E40DEC1C76C9FF030E8AD6B80F73D2EAEA1F3C57A84062D399D744EA991D660CF5758D2B20BD80B86965566C82658,,
1,Linkja Project,4843C65013B5193283CF926A656102FDABD1E975984E43FC4A0662F23D53C8DD09D4EA5E99022F0DCA5EA896EDF048687535809EDDAB497D1964B3A2563BE814,,C06B577E64194344E653BBF4E63AA93CDA2CB06A5E4E2EC66C66C549101641BD859D0385706635123805D2A52FDE7314EC292A05D5CA2E74C74F9DD2B58CA727,,E273104E3F25DE7A10CE39816F05AC2547E97E2993CC466EF3C0AD5E4A0590B9A5AAB326BCE3CA79BA4298E8A271093CAA5FCE7B983B7F97409A509CA61C2683,,F548EC70F35A2439EF201285211EE84FE90506E52ACB0720B83E697F8A158DA8F8F0498057EB6498742FB0E5B9B1EF1E935B1A8CEBD8384D5D48CAFCE6724003,,EF7A688FF981BE3FDEB4A7F8404836D62286904D91A3B87E4B07C088B1EC8E5DD5F75B1B828B77DC782D7CF63CF1B37088C89C750201A240435F4FF3BA1A29F9,,
1,Linkja Project,6CE4AD48E5CA72170B83782CD4A7AFF997620A42F54DC2D7181011382655269ACD5CA702B0D3E979CC8B6493FBBC08EE5C6815CB3C76372783824BACAFB5CD4F,,D82B2CAE5D03395872C38822442FA4A2B92E701197B55C6B91A3FCBA765C6C3384DE80306B6A41EB7F04FE36435CBC7231974D74072DCE874DD156D9D657162A,,C8421DC094F46268BE5CD0B1001A7C99842F36E1DC0CA92C43C0DF8AAC670893583D4A32172CD7A82A6D842C42EA59336B4A5F1FE1DCA2720A1F207C4E55F3FA,,6B3D3F75A1B1A7E711579F612EF1EABA797642DB5A2A690C46910605C72244F700907AFAB975BC32EBCE9FFB38DE78F2DD936A4192865E31F9630705413AF7E0,,E0FA0EED2402F5473737511E84FA2EA3901846EB757F45A7C2B3C21796615D6F8F7C90EC38B1DC7F5D54691FB81AA630E5FC3F4202A156C0A5507B35A659F141,,
1,Linkja Project,DDCE41ACB7432119A766B7A91AF766709C8F548E6660667C57E33A75A926937690213621B0B509258A9992A67CCD3DB5CF6A3EA372DE0833F2E11CD75B2CAA23,,57BB04DDD2CF23ECDB508926F7260CCECC36F78C7E0B18A67756D22A3996FDCDE0CFEA0786229A2DDD5B4005E38C1FF0A9155EE7FAD59EAAF7D7EB9B2299CAF9,,8216F8F632F30BDFE10313DD18F174F4456E343B03C16A9EA7A3BD9BDE595F216D75E40C5FAA6DB74A0C46B23E762144C1A93D944D229A7A635B17BE78B1550A,,E4D5B8B1CF8203D1F9D73D7E27463CC9EBD52703443CACE3ABBA6049899F0778883BB5CE6059A1FF1AAEDF79A0C0F810A6F28E8A11018EAC3D9FF12A334109A3,,0A74495E4675B65C58945110CF6E9D620DD3701F05A64BE0791657507EE9A13337961DCC51838A175C104F59B7384981E2B9B63FB1B79E00994237CF5E56B36C,,
1,Linkja Project,8072746FCD644AA5295869C124B99EF1BD28385ECB2ACCF1809BA12470971DC85640BE36CFB2C3EF1861F6E4C8F3BF2440FBD6FA090DDD35126081236DAE92D5,,AA52F9B551D48B3235472907784A7E39190A124942B34CC480BEB55E478A001D2BB7772B7BA59CC70B601D3351B05BE2BB0F13D1EAFC1B8578362CF263A5EA54,,1A4BF86F9ACE576EE469067B677FB8A01F3974ADB7865654C6F258E9A625661E97E3CA6310318EC317A678FAF47D7CB2E9DA44812ECAF46FCA377CFEC653A4EA,,D3773D3D2D501AED53CAE8B6C988F88A5404D995E12F3BD63DB846E7A32A46CA0602F14E3115086C208FA23A70D53C07E3DE92444A811C2C719EF567188684ED,,3F3359BF8D38BF022F32BA016139E9C009409EC2748624878A211F5C7504E7BFE0C1B07146ED4AD5766CD6F08CF7C0B38FD716D3BF200C5D6EEDCD1F20ABCE4F,,
1,Linkja Project,12CE8FD9E228DB6CDEFD3ECF7FE9C0E8F4570862DF8A6C66B536D74D7C2D298C4B487C1B961684263B9A8DDE5C904AEDCC6359D9B7A07874FFD623F54688E682,,335CEA76895A531680607F78B6B8A328A65B0BD45AFCB94CCE060F90E80C2B396D13FAB81D064014C87A2210F5275EF2A3156564C45E98F4F3F89322D2CD50F1,,3BD161E951E89E8E8F8C7FC4371C58DC941ABAE3DF4EE680A63BF90E81C5B8295176BED1198D204EB085C6343C8652B4A447F6D2ED74F06FE1FF18DB08218BB8,,6CE10C16265A562FDAB8C8058B79B55CABB997D7626E4A7FC415FA908C3EB656F8B866D834286803647287273BB7514069028E01D24A4C28DED0D9126B9C1757,,A855D7D0C132A85950D0E80EB2493ED9FDD98FDFF37DA2EE77130F9B6AC8C6FC5961E8ED4546C2D3BD03DF369E572314E1D11A958EADB1459AF5D22C7DCF5116,,
1,Linkja Project,AAE1AFB90612F564EAE55F2E92AA322F226188013CFFE77D2556D73189806201479070C251961535FF203FB308F12E6B29ACC63EE47399B07526172953DAD25A,,FBE6505B98AE2AB51D71FAB63499C8893964C17C8724EB82DA488811B77F5AE364EC4331432C3D4EC033C31133A3B5BBAD6948F910BE95CC44E1149485346CCF,,2D6B03F7FEDAC9CA79E68BA006062310FF3AD4317BDC6653F9D4B2E176FF1E1C5442A221E32935BCDCBAA010A163CDD2875F7A9ADEE7E0267B62E080F8CA6780,,7C6FA34C222CBABAA53AFD32BC0D6B9DCF8C10BAF9A67D0A51E31326BBE339D0984F082A2668CF5C1A9D6F031D820C6AC60429FBE367262F9BDC0B7B6382DF34,,77D6366512BCE16954C070B62AC700C77B422036C17584302E58F718C49587DB6F0CA5C51FE5125CFCD8F174B2B01DB8734E64278ABE96B93BB3ADDBA276EE7C,,
1,Linkja Project,2E79ADE2219C87151BF2CA9E6930B1A3444EB5FA1C442BDCF31CCB8A2EC7C79024B5968AA857BD806E0F81CCAB40D0AA41E16CDA30AC3E054C047502EE0C21A8,4281FA698F65BE7F5934041042454C469839D5E30F32FF16B330EDEAB63F62B694091CE6CBB43209172C14A09C6413FCE520FCDD5F5B767F239F2BDA3AF63843,267E7734864C1CAB631B716CE2E55025A06A4C1389C93F40EADD9D34EA1B7EFEFD8952B55AD7E20245017A087D764805D145F0F763969C6CCBCB655E653921FC,598328DD63C09A72215075C5AA6868731104F226FA6F2E6622002BE3B5E9BC6747B3D0B5F86A46085E96438C39C7EB870E43DBB682F08D1E100C46E1FAE0E488,1EAACA89E383CF82901A057D0C51FB05C9E7D3FA52C9DE91DC245755C68CB7D449410E1423259B687AA4B52AE83BA080F39624EF0ACDB948D1FD47D1AE1F94D4,7A87B5C5D09D2C9F7E8E32FCEECAE6D8CCC5016EFFD9B3A6B4A6F58E593CE3143F1CA7B23B556671A18B3A0D2DCE737CCF0F7B1F324D63F53A634534CA814C6C,B136C53E75943DF5D297F36000E1FC34112BA869C18D37DC38DD092759BC8BEE9F7B693E875DCFD65003679A67C7F305330A1BA740DF85F122A54E37A2DC3C2B,C4AC7BDD135A0D2CDD5ADB8B35793021B346559344BD5D9B1AA0AF2EDE5A268E5760E39ED3AE766CEA994EAC50F80C3D91D890382FA8BE236922783769C8A945,2CB1D634313A8CA1A698EFAF2D1714187EFB5FD9503F6FAFCA2746A520B343F73A4E69E1D18DE62A464B87D9D02E533DA95A29CDF056143ABEEB2E6675254B2F,2172CBE8832B1EA5B9528AFF922B3E23A8A792EF338051E99D0D5E67582D39E2ABBC84A5A5702479F178176A52632786480F1B9180ED8E4E7C2636D743902727,E692E858664DD2CD8A0CE75A5331A72E8027BAD8A0F6484F59987C6493C59CD19ED2E478966919609C172DF2D561AAF764C952BD0386126F258245CC138D6D4B
1,Linkja Project,BCEC8AF6F659EB85A76209C408EECBC4B5B389BB951133BA61627FE6AB13D1E7DF534ACA0A3F1B852C3187DBBB1E62F79B3A6F48C5BDBAFECC1C180611A3C6D9,,05BDC4801CBF349DFF8FD15ACB556053D10EDBB12C5293571BF2DCD3C5863E8A082DFE80D3CEBE30299558B330BAB67F4A7915848FD59769C70635CE436E6593,,CC127271235C97426721A01D2B5ED0B222EC2BCE80FB404353FDA0B625B12B2360AC7FDA1BDE774617305F073FF046BC1D36CC51C1639C15FF1944A46927D532,,6F502176F55D74FE7BDB1838DCDB1668066E6BA0E1425D97B1C88B94D9864EED79A53DAA60D6E259F2D571CE7551D13FD42083D64CCF1ABA00A7CAFF7B7C03BB,,3B8DCE462FA38AA4539C801DD34E5EAC3D10680752C1415C4D08256EF18AC4EFF997C681A4AC9228216416A392B2ED780A997E0724FF3C8DDA69A3CE7E1D1BF4,,
1,Linkja Project,3FF9CD73A6ECDB7C8A72BA897727BC69825227D6C6929E6F8D4D84D7198ADD57BBD434EF507011E976105479301C89430E46B9F751CEC340E00B965819718476,,59583ED57082BED1D7BCC6F8681F88F596C44B9E23926868B47F2053ADDBFABE8D29335549F4C2B71B36034394473FCE62D33D5E3224BEBA71141AAC5AC2D68D,,FCF5FD1A56A95455B55EB6019F4735104F5693EF05C9917CD066985677AE7F1526DFF655E5A94B4C99855F67A1AF351D1A6A1B2C0CD645008EA8B7426B35D4ED,,BC8BD7132C6D6A5A88AA5FC997C32F3DDF28ABD64AECB79869C4A5D6E658CE19D26C673D17C3247E776F18C37F27783FC3DE6ECCA39241280B96FB45B90A2D2E,,01EA060256DB71B0FF378888DFB87DEC7F083109C4BD2955E3DDDF002DB700873A3A8AC5A4C1ACF6A935B1A521F10884C081CE04AC9BAF5CC0973BF0716B3E1E,,
1,Linkja Project,5450B90C074033F47BFD52752166088C7233070C739CA0AD679D9482CD1DFDE386466495C0A6FE2E71877D617C2D636D9E71D995637B811F39EF9CF622C5F1EF,,88B61E7B75D7B91FD1F6818D74508967CCF629BD68F173E2B4B6369CA6C36DD39CE50D55BFFC4BC1F4A3DD704CF876765D2CA680D7B5069A40A043FB44F15668,,F644CFD46BCF3A10BA6E91293CAABBE44D0349F2744C840B0135C0C0BE14550A2F68C0A565FD75C04E34B0009B3E7956A7BE3FA8C974C697DC9BF55C80D315E4,,F71A023B774A65D888206DCA73CB89AE9274F2DEB8F53B5D4527267A27B01AFE82BC40AB2768B868EDF65D6FC77D4D8ABD949BB82A9647F5996BC23EA60E42BF,,8E80A49091EB5E68F8DA568F3AE9EEEF9D0D4732135E2EFA2B7287D9EFB906039E2151A267DF0704D1F34FBA3AE13D297063C4CF0B506D6A2F949B6DBED15C54,,
1,Linkja Project,CC91D8A3E2C8356DF5045EB55ABE6CB99C13348361C38BA4D1EE1D3B770CF3AA280D10412DEE2FABBAB1655F02EF83DE054C399DB234E114D462E6D61ACE55D8,D8A78E6759EAD78C5AD4F104F6E2616472C26F9BEA789FE99E3720FDB928D1EB7E8A25FBE12EDE8649EC176C9162EAFCFEC6A8133C1CFFFB87739CD935F2BED3,F84DD3151410F29AFE9CE11397B531494C9C21A9B2230E34411A525B83477E8BE0BE6B0C03024DD50F37B39977FD7BFEC4EF33D75D23ABD02AAC4B7818805E91,AC4850B56D4A94E0A8554747219E0CFE01E941E7C88A0576A45DAD1F8D14AC8419DC1EF744ADC66CB6D97E08D96B77DDD87DDC570FCB9122036BE33012A1C651,A690196EB2A9513A8BA7412240F8D8D539FDEA6C4B5C5D6DD0839DC3FED3B3534FAD73D98CAC26F65F7F3B13317F5FE746F537C598EF168DF9118472305FEE95,D6C60C8A85F0CF939CAE73985E196E01B75D316DAED3B97731F2F31C668C7C39DC1E863E4489756CC2D10CBED802F17FD1322453B5061E2ECA4E50FE20597787,D1583AE2EAB8AF09A04A65680463E871D1FF2348548066817667D2E557A436599932388BA5B1509D587320756A6B99D195757EDAA41482A2A05BFD8BF6CE290D,E96E87D640E9ACC891E117D3E71645901D8F82BEC0EACAB5F9EC33235276CA47CE84C25402264F4BD0EE818A622D605EA28D5C6BE55DE0A100F07118ECD2F138,45EA4CBD4D6421DCF8F08FDE004DD336C09F43E4EB48B3B37FEB8465843B7904A2BACA7C4678F30B6D2C46A28A9A1D3F7883870C482FC8C0C15FBB3269B6C902,94BC7A00F1521915D6DDB49F36B618A515BADBAD34FC8706377993D774BA491F116B9A4AAA0893802DBD2714A56DA53FE5A904EC4EC850645614404E9FD4BA69,0F554F2730D5C71E281F7D2F1FB6C25284B13E0B9E62496E6AC0E2A349B7D74F15DC2EE971F0264860F7F607BE97FE3E04DB3A3110C5969D5577C8FAFC2398A7
1,Linkja Project,403EC48B852A54796B6B1367236A7E80A97D5383B72D13B54E9B81323ED1C84A7BA77008BA6EBC3E3D6D1317A2F5EA23EC6A92E66E4CBB6AFC17907C67980CD9,C99EAE07F262D7404E0829F0CAB6A9FF5AFBAFC478EC6605D102DE876C8EBFC3D383F7722C1BA90AFDF8F7B25264F196B57912D3D1AF119BA3706DB2345C6359,BD931D708371BA0BC0CFC50A3E6FEF41421C6EF68D15D794D7EE0648CE9FD9B3C19EF65C7446656BA619BA6096EFEBA26AA1F9A926C4D660E37F9D41638903C8,E1365AA450766D29E45BBEA4BA3870CA44071F5B955E09773D5C4D3BBD07F07002E3B98025DC79AD9D00B0575DF8054DA187DE4A4749B9FD255041CA5A9E3A5E,6115C95A73ABCAB26B71C258FE631FED66680743A5C120E0B081C7F957B961C96992C1F7EC22486F60435FA9A88C84F507B6C48E4FF7FE1B2B2A98387FAD3E27,33A3A03E8BF60E69EE9563AE38A60C0B5ED1B497A9704CFDB176688EF4423B248FFD98ADCEA6C65F0144B42B626CECC1EBE5A1C2B5EAF0784F8E28DDFC7EC37B,37F98D18611EBD07ED8369124F79703BAA92687C331973C60ED993AD17052045B2C1B7E234E8A49068FF6B7C8573DB87C0F4C7C3677642118832BF0DBE3D37E8,4D11E194E00FBC7D8632F0A61AC0AA1084BE767B4A07DEF8CCB11C5645DE656D9DE872AAE7B48BEB15EE021123186D49B25CD424EB4D22A0E3D4E88D17DDB97E,0EC2D7BF2779996B540F37E172A08475E0BBB59149B311894120F20C03BE5D658D2C1D4BF8E422E1315246D9F895F22A14AAEA745D1E2182648C70D8A99079D7,27B67B6992CCF48FDEAA6D7C722A17E39C23F2347595BA7E1880F22085963C4E104DF92A29DDB5804BAE4C3AFB960B6C064B5DDA85B1526588C95BE4DF5F48A4,89805740CC30DF29F96C96E025C358E3D0AC18C0843D456473EB9E612F5F73E87F670F28A460F27FDCEF514CFAD0B88B33F6DDE035333DCCCDF48DBC4F86F4E7
1,Linkja Project,DFDFDB7252B7763CE59C67590065A886EC888496702BCCACD99B20421CD9A915A290188AF3BA868CC17B590F2E6827FBD9D967846AC53976A1D3A194F85A9EC1,,4179BAB866126B18DBCE9EC8CE71DCA7A01C4E58F66C28EC490C4F33E392EE532FF63BE042DFA708BC12457D6F37167714B63A1FA0DAF96319DFB514029089EE,,F3959F6ACEBA9AA707D052F3AA3915E605FA41D1E3641EE49ABCE556010E9EE2D36BB949C04B4D7AD78CCB1617876FE117C7EE4A51255B8E8B678DE9F14750CD,,59AF50C82C15F131944FCBC965ED7899F027DC3477469515CDB606EE4D4CD36225B773CD4049176809BF30150DA93662FF0942AD9D0A1F586FACCF2C928D1567,,2861D57B394069AFC34FFFAA05915BFA798BC03ECD47B153C9F8C95FF4679B8943738A0265F77E986182D7B499FB305BB841CA8EC50993F08EB1996F69F76D41,,
1,Linkja Project,F462B91FD0DFB08D99DF462B66C34E2BC5633D3270FB7ECA92703A12CAB279AF625A2485F5B09F0113A943F0C27A4B3D4B5D944B5550850BAF04B6DC9B50A666,BE407018769617BC785053D97CEDC2036C2499AE061C1EE806B89A8F4662ACBC74D28FF0074D8C2E01E8A6B4E113503351A4B4D596A316FB9BB6C2B2BD52EB36,F720441F0772F95989B07EDF2F66D1C41392DB42C160FA7CD6F2E0A3F30021A295EAEB1D2FD165EF2A8F95CD406292481EAA535228EA2238835C6CBC87B7707B,B1E546915237C11619A240CDEC44F6160143F6D4830279AC87F0C5314C0EC8838D7E12F7CA80C8DD45AF7D9C10BB0E33D102A88464CBB62A696E8A0ACD1A55DC,DDD9B777C994A47C64526B079BF1430FE77DE32B9C588C81DB30275489A020E650A6F5ADAF0EB78E4E1FD4292E2E8D02DD024FBF97849721547522CA21C8A075,8B29543F89E5ABB3C66CBE4B1F4F05674A65C3D291AE987887971AEE08F72A5664D98E11DB8B6209E02244AB4B816B4301A6D9535F0A6BBD03778A37C2D48F79,37C2485933251A41BE9FE1FB8909CD1B2ACBA4E602EFC822175DF932F1EDD47EF68AF484DE0C83A1419B080565D87EF7614BA450F80306F8DD2C9243EA761729,CBA5FFBE728B33736080B57FFB0407A0B552B2DC36F13370C1F241D92E4563C2ECFA1EE6AB4CCD867C760997684610C151CA1FE3214DB0D71F454C5CB4068ED3,9D33BBC60898ED6A07F1AD94C4EFF8BBCA9F948040799A90E4BF7DC837FAC059ADCF449225722E04076E04BFE0594B478E5BFC92037EE64F4AB2717DE1410C3A,21051D9F987ADA888801BA9504BF7302A1A8FB6773AFCFDB369D62F4953DDC9537F61F48AA594D70FDCDA92F14E0CE65DD1FEF4D71E74D6BD6B09D4CC148D2A3,879C08E2A78370EDC1153F9AB9EE88F4BDCD119CE475AEF998CDABD17FEB5A11137E61546BD8A1609AF78DE996F008D1265C02F0DCF582AD2847F3AEEF1AE06C
1,Linkja Project,66054CC8216996BC3C37B3FDE6FF344B6FBD009556B7DD127947DA1C366C74495D5FD38E19BAB40B24D6A82EED00C5723F0E582F590B0DCCE098403B0B99712C,,4056AE3701B1251BB5BF2AEC95F63457406BADC62D0A5C12C2D96A8E50DD6339C15A314783696E801315AC9DA80A153A48189706A56901D3B209D90D74E31283,,78CFD7017FF89DB67FE781B33256E8A6DB92E733FE36D461DAE66C0A9CC39755579D5BB21F219A2D77BA8440AB75C574D2BC74F8A3564E233DF7C7368031C632,,88F04E40C13C292BD9C5C8CD93B5262F0489128FAEBFA09ADB16F33D7B5CE2FD7CFF9BA9620D5342C8EE188AF167BA8DF4F27AEB63FAA256F899173AC000D927,,68A5F168E1BAD2695D5978C794C1D31D48643293E0521406864B7A9824D98174A873EE88142F3079E26954C72E69ADA696BAA517D3ECF4DC9D12A1621DCC0669,,
1,Linkja Project,B3BFC80421558F6191AC12747D87EECB502BFC390872726F4C8B7A9D3C1C1EB485FF05B6A0B1C4A151A422293D5E8195CEF071244C34239AFF1EE5895C438D9D,,7AEEC49C3029D1D19EF6F37DDB9B290143262CD8E1DAAC67E7A4497322811CBABC6EE150DB6CE6E4D13644F4A78B5ACEDC752FB826D017A369536DB457305F70,,0E4915C8326CB0E19DA40ABBB83A7EFDB221B0898E1D10E37FF6FA101F698BC619CCE71F3D1169C26BCB81EE4E635344986CA9E15B9692E6F0FEB937C9E7E7A1,,F2EB653B6A8EBB83804D498E93D89C585BDC476BFA20F39FED0F011D06C79E95018F09E3D8ECD8390B8E57BB3AF98E114F7C78355EDFE5C4FB21F1CBD7A79EAE,,A58B90AE2E400052E57D943BB30745DB9734C4EAB058A65558B0A24A41FBFB437A8E878223A0F764D8A5C9C364C4B35F8287CB9684D521C85D017047D0D4BC95,,
1,Linkja Project,839DA353C7D28ECD8E2A93325F7013C46D44BB51CC6B10C51236346D1CCB2CF852C6B90B30F2B9073766B09EC33C94DBEC219C04D06CF43311DDB95E6C8CD78B,,BC3229FD3137076AB0EB6EB13C603DA1E4B633D5647F2E8270EF9EAE8155CA9BCA85C466A38B5CC60E6F4CDF45BACD358C3641F583A71CD9AC10486B123213A2,,35FFEA92CC0DF9771C40F392F258A2F740E631B9D36A9D538ABE144C1B46F60D5BCED139D34F29E26DCA398B27116E3BDE086A2F0EC3B95557D8A9242A49FD45,,4EFB4869616CD536E172CB6BB43D82D0DE7696BE4C9702614AF856CE4A3470021AF08D94BB7A116AFFC5F696F851E7550189A80DE9E095316D4B7D05000C7916,,AA19813205DB1B21AB742251336F1A94792389B16446CDFC31A1F8F108B610805DA634B18F41000BDCCF77F1E766A3E2C0029A648EE68E67511C31AEA7FA0716,,
1,Linkja Project,D783951F188CAAEC377AE3CE375EC0A46723EB53AF4EA8AE5CCA9B04011F1BB7630FDAB9428AA5675B6D40BCA8F52373624B54E6328CF27BFE7AB8B88BD5E9BF,,9C58C1299880FA16C5E646B36C5544622D7FBCC66A4E6BB47AE029609DA0C2F5E583A4692ED3292C1A3738BB9D41FCC8F4FBC61AD79A0C09DFA093D7DCAF4105,,D3DE7EDFE5E6AF3358E174D93DE745676F35533DC2B3A066F076B8A1078F0A4CA3F008B2CB74FE7BA4177CBB02F4AC98853B5AAD135B446ABC80122A616B8ED0,,81C4040626D29AA73355AC34E7BECAB6D3F2721677484B956FA8D9F6F6FE642A59830C378C05868CBA1FB93B5EC39E01D95115A84A668D33883CD8BD65780BE3,,ED10534507F3BCA9BE78C5944778B77AA201B94FC6B647A70358D4B390508F46DC0400F6887C0BF2585304A96E098A84676F3FB11017F64DB5A65EF518F37ACA,,
1,Linkja Project,C64395D5D69878995B42D9CDC68D0BD359389BED270CD7A4300DC948039A2B486E2A7E72978941345768CFB2FE14C19CE8CD280B4B3622892B54375242E7C1DA,,BE1B6E4D26C66682F02655CF7A1882DEBACF58AA4E74C201EB07CD8080613B565530B911D1147B8D1347FF654EF796A8F9273E9C63A7C43A9EBECECB6E5184D8,,82CF0511E44A47E5AF13F53BAAE1F70921094CC3D589478BFF66862AA711D8BF56FEB9835233327937BB7513258DF5EB90141D09506E11CC9E789B7A69E6B24A,,9042DDF949C88E5C58B353321A150FB8E977527126E0E1A444C1A1E82B83A873E0097665C292C2F9601848773833711E093292E7090E4BBCC108DA9AB1A26112,,3AC3B2FB31D9C08953DA5F878F48FBC16494D91E6CC0D780A6E4DD37296FD4AF0D4B7201DFB315EE2009FB6AA0490BE944F376D2AC1BC60C2EA05C568F5B48E0,,
1,Linkja Project,7ECD4DA8F5B5D6DF35C546295E0C6AEC06139247DF4C8376D37A927E4A636888AA66244E50067CC4F5E6C8172F7765B84BADCE8D7327E8201B1E4E91D8651538,FFE5F7AFDD7EA0210447550EF78E00E2A6F3A7DA2056B2739B71DBD9D68D5219BF33D4A16E475E242C1FA2D1B87CA664E28F2A1991AEC3EFD883E545BC6C8114,AF033E09096860A70AA8C59D10E137D209D27451D2F8E1D32E4F821D5C22DEA08A43152E2D470B1C812F4BF7933F11F8BF15FE86B5468FAFEEF94DAE181CB376,D519440346B45E30358DB8F1074A17B383B147FF7CE033AA1FE3E4CAA30F8F4D14772507C7B665900D01C5ED546F9A9469C23C06DCC72CA6CCE947C118C4C43C,A69321423C07F86DDDB4ED57BB102D476596EB60D2665666AE41029BAFBA92F05B89DDA773CA31A1C0AD18D44FC648242F585D176F1F0E970D66F607F86B2840,2DF5CA11CFA75B811CA5F81C779DF36D4DBCDD5E6CCE95F51BF02A43DCBB344EBD3FF2B9F2B34EE17B343ABEA3E38BCF863A85F11822800FAFD7E8C1B52BEC82,0DE10EA843AE3C9D12481DF884355D8A39D12E22CC6B00E141DD19752967AE2A00EBD31CEEAA4AAD2DD8A2167DE54B4104B34D96A692EFF1214FFE8D2A7F314E,B0EEAE47E300BE9426FFD4DA411A1EA54B0995003D8934863B3DCE471933932F1AEEEF89BD2221712520AF1EB78B3E0861A8CA49F39558DA178FEDD64636F0E0,D343447C1373969C1030926D72459A53CE3D6BFEB7EF073E9D5A5B750792B1EC1545BC0C728187AEA8C6FC6021086E644FC2A490FB20A7E1098CE1BDD0F2ADAE,A53A655C744B233CF1571D428E5A178043A1C04ADFDA77282542EFE7E66936A97A05C470CBB4C99998BC30E6709777B16C26C630C4F6E759809D33FF44795646,E5FBF17CD844E161DBFCBC5B62822F8F237A6FAD01C77E69D4F4EA310ECC9A3A75F37B52111AFCFBC7D4BBEA5E4C3479CFA7F29D7971640191963B3D1784E74B
1,Linkja Project,F943B315F7F28A1591DB3C163DB443A2409AE7D80AF1CFEE18D1EA655577D4088803FB893D13A34456894F6A0B5218A7E1F39B02ACAE527B588D21E5FB0F1FC3,,CAF39F832678ADB36C0845337E6772F11117DC6D50D5513B76A6349375F5EAF222D7DC3B28A321572A153B35BC892CCEFD5C1B446E30B911ECD10C28B8821BEA,,E8A770E22EC381F64B928E47E2279A5E347C3DEF746E0F5094EE00B888BA54FE9698FB3D64E0757CF2721B9B45A7A416F6F4F9E12B37206A8E362C9DF72D262E,,A6586EB3101177B49F83651B818BCC2300D4BE211DE29B4800D55C1F93AC373502763E91C1E80EA7ABBB779F4F65C63C1AE1E0F0CF84E0E18BD9DC5F0147B6CC,,CA0D7372A7321295B6DAC931BE07D9BFD3BE3D6513B89487B12D3137454B1C16B690E2550DF0B77D097D5F4FBCF7D3CD6EF5AA49FABDE75439EAED3ADD6B6B0C,,
1,Linkja Project,B6C8DB33864A362ACFE14A1B3D4F58E2136031D1DA1725B3B5ACAACC1C33962A62BCDCE1E5218DEE96962732561632495B4F4956DCD5BDDA358AC7123F7FB86C,,B0392DBB9D857C5DFA81C3F02F1B30A317A62055B2F042DAA3AE295E4BB176ADA84D77FF53FAC3B514A3FDCEF18A505C6F58988D8628FBEE7BCAB01A3910CEE1,,8046408C96C7DCA23FE90501CA07AF3487BA1B4072E8901774F3BDCF503AA9ED3FC947F738B4086C02AA87BB98706221A403194C256C24CFD286AB6AC8C28A8F,,72D7B223B8380AA1F7C784A77F6DD273A5E0145932995ED64CA0D5CAA8E6FBBCAED24C66781162B67724EEDD24A1E07AEC6841F1D60AD252AB90B10F135E88DD,,DEBF216085E316D9299F46B641636D7D0BF193315FB4D395752E57534170EF202C5416ABA2C85DA0F0C2465B98CE63CCBB8DE712B3DD1538FC30321D0F2DBE4B,,
1,Linkja Project,40F922D1C5F61F066DAA3120F36CDD3DC2E81B2F8A9EC5F000C13F848B90693E862D7F86B0E869B63298F8128E3DD440925388BD1558C0E2EBA4A11C2C043073,,C9F976CD0E2DD952C1C553A6764760C94AA8F9462820D5A68F87FC7BAB420776C79C7FE849E8F2196FF9B2A2F4E24AB1039AE3CE9D10D877225A2A7F5AD29EDF,,10793D4701497493D38E111C5870E5AFFDA2CD907D45861276F423F39386E7C8D947BA28134A2E06A68ACFAF4C624D938533B97D7750F9EB44C82FAEB1174761,,F8087173F8C5F34E9FD77AD85A345C6B7D38F5DD6B4D1195483DE98F767C4C001836CD9CC64A117744520E067A7E991758F0F68F96E4533C1CF517291D501B80,,C2302D16AD8A1CB9B7DA10F86C92CC5E4D9AB83EFA7F1514F8E0A1F6AF310A381F3BDE2C8FB52B401B39978967C0BACFB0FD99C38DECB99438A15FC23F03C256,,
1,Linkja Project,FB252A5EE41360C5DD2D464B8E388BA251FF8BC1B744258CA3E08444DA9ECFFC40E220EFDA77C8571C843DB57D204F3780D4E3421B57F1D7401DB8FD4356CB91,,726FCCD22D4B4E7BFF51E60E932D66F9284A7DC08E148E91AF554EAAD7F8C1FBDCE9997D59A8741534FA357FC03BE2648696C0DF915DE3DE75D62E02469B51BC,,B83762461CC26A911E9720357527AE8BAD8EFB33914787AAC608A1034317FCD0A7F189A285E16A7E9FC08B155E716B1AA17EA5A5DC6F212951523E7B8C6952A3,,95183B697C360F88DC4D5D6E2748D6AC35C86CF6920B50FA90A041E11E7F5389F1C7C229A31D8B098C45CCF0CEBF70654A119D962A7CDA70296C2FC0964BB49E,,F6A736BB6F185B21C6C302124C05B7294F7766DAE3C7CE536E414D1349B1A021B3FE249D596982971DAD12A8D28A9E5C89C0A87FB42D8980443A3C3E407F67F4,,
1,Linkja Project,BD00A958ED0500891795C1A48D9F40AE6F04A45DDC3EB2C382DFE082D27D8AEA1CDB689763DFC7488696BF5245FE9F18D13AB622691F309C75DEFD7C55E5EB7D,,26C2EB6F53F296618200DE88A5418D940AB10A3E3888301C1D976EBE07CDBB43E849E8C248F5133EA33F3668C1FE9D9A82D5C8FA67ABEA1181F5F4445F0F76D9,,2F72FF7DE7F47BBD7F694A032DF8B8AFB7FD746C4075A39627E6D3088FF0ED514DDC4854482957A2FEBFD85FE8AD9B2BE90C6938F760537D00F93FA7D9693464,,1A2D34295D43BF0FAE04F39C5BF30EBABD396E8C6637717262E5919CC63E9A51ECA6A2EC6A9BEBBB80943B85606C2C94571AF15505C719DBAA249B194C7DBEB0,,EBD5240454578BD702A8E941F1A346D7EB9F5C3F76DE989E539E0C66263D0C5D5119D3F7B55C36C9D56A87BCB8B499877FF63013E9844457B996F25949F000B2,,
1,Linkja Project,FBFFD684661E5F208014D79E9D7AFBBA7DDDF240080B9C89FD1DE31A0627D87AC5FBCFF80D5EAAC952FE0BD87682E5D8B6AC130AA2421764A46401B18D96B610,,FB1876722AFE16B4BF583E3C4AE619EA2B662A392A68AAA2B4B3666AA74AA44B5CA1228B9FC3040C9AD042BE7B8E8CBBC2C1D8AC1269568A4D18A48EA8AA5496,,8FB75F880F43992B3FE37B143255700A8600984D46A56A5D932DA00C846AA12E6B1FBD732AE7B26E22411BF79D3B54773C105D2B4AFFC634F8F95441607C0BEA,,4F1ADAE12233D96C0403AC04F7036A89767E8F949A2D450327FC3780AB644F7621B51FB6E352E3EDDC267DC9D40A27736A31CF9CDCCCFD438998A0D2711D12B2,,409833D8EC88AB569F395A0F80AE52BCACC2E1A6D40AF137B3DC0D10FD88F16A420FB07120B2DCF2C4A379D8BE8C2CA03889675ED1E2E60474B19372A6022751,,
1,Linkja Project,756993EB31C92639AB14FA51C5C3C99F9FB40DF142B5E6E92EA754133C5461B7F2AC2EDDDB4462889AA89C980B47060994B066E96146ECCD13B48137EFB28780,,2D8C42B02EF5DF92BF578A6E225515230F2A579054F9845BC448D75B83C2A2825F1BCE1A6D470B79FFF775F8410CEEF57D39B599B04FA7A692FF9292CEDCCC87,,8A14DE51F297924975A7A279DB792C965DCAD91D9343BDDD21A4D4B9EDDEB5B930D8FC39421A2D69B48AF1FB41E257950D463AF2539E4BCB7442FEE45D5DB679,,B76A5B02FE77F032ECA573A89944FD66885C0D1CE7FC37EA31D5D6EFEC4169145FABEF38444960093FDB1018E6819617926E46E5BACB8F05D6C30F5C51CBE5E5,,714D163728EF189237F42CBDDC00C68FC77DC6DB7118D37AE4F0A01297711EB5C880BCA2114AE7B58DA681D597DA0F0257A12432BC503670C2D8ADD87CAF8937,,
1,Linkja Project,05D859B4D8465EF70568DE1EB445A4DEB3262181FAB05743B2113B7A48CBC3F30E79050D95230F8DD3B3EC476182A0F62C0ABF092EB7F5EAFA285CC7DC8E3D84,,C8C1938732C8C3123830219CAA8F000664E067CD7C294D2F9D455B998CC9E647B6BAD17802D10C039E29889C8B5357698EA0C26FECBA8309D72BA9943E492D2B,,7B981F0ADEE79464BCD641A49298876279C7B79FCE47ADA4FD948960049C97CE0E01E04B7A93922A9E63C290442DDAFDEA6BB09DB61AB52DAD23B58ABBB9625E,,3C50A6248C0F76D43272FE6784662C30DD67B4063B56C98957579B06E8E1444363F3FC8549366F5DC8024AC80A4360CCD65E27CA4EE7F1D268F143FACE663A20,,43BC7BFFEDBD91D42E9DC2A37AB20EBCC4F515A054DF733540457AFCC02087F38C6FF7A359D46023C2345259EBE70924DCEC865D3A90F7F79F3D259B81069CD9,,
1,Linkja Project,A708CBAC1C5956F16C0D727BFF0104AF7E3C62687F3D28F54BB4B2DC248CCB977D8ED01032627FD99BCD50ABAB1BDC2CAA679F107F563D1991982A729A310595,,EE4850C5F096FF95AF34C82D7051E8FF6EA8C157DB0F8DD4730523BFB6EC8CC324286D4E2CB2D9C534EE1114BD63F9A2EC6F417E9EFA8F5F87E7FAC25E3ED518,,7AA9B1E9DDAA0E9B4001DEF87045426F36ED193E7DF28EE2D638C6EDD371A0A92A5812A5B76B2D03DA187943CB26732599DF8A2BA5B1C41BF54B1C45957C3FD0,,3A00FDFBF9C346E88573E39302B0191C7459B11A4F947149D5CE9636C57D2DDFA1718FA4BE1D99BC35FA6320979255EF283522C6F721D438409F22AAA1F8B4C9,,780E9E6150337F37D55814362A41B5DFD00D8D4D8154D2471DC77796AF71D3016F7F286E6B7884C8DCEF5B93FBD8782C69FAB439E2898D67B333ED9DE0297D8B,,
1,Linkja Project,7896F026B1C6B4D106C9EEA6B8AE870262AD924F0DC6FE130F95F7E1286D1972E6F8BB425CA27AF9F4FA94770736A840806513CF4F5C436F53AF3AB8F7E3CBB3,0E9FE405F878549913904D1ED231ED7B3F8ECCDF46BA0B54EA72235043D95039C7433BA72843BC53AB9922B06DAE007453DE14B22CFDA3C035C80B2E7BB39C85,F40943E54E1DE44D407DCFFE0F06B54010177727CB2C9EB4762200C99D8F50B004D4F87C206E33B225D7F65DB6C8A652B051A6E3F3F9E3285A9B238CB1011AAA,048D4D2A86D6EA870E0DBC5DCA36DB0BB8E7B174645C2CE1C8C59123747106CE89BC7D2E47E230C9151BE91354E86FF217AC558486ED7712D94BE6373921105A,B3AE5D6AA8101F454DE13F577FEC94C40CF835E1B1C22C95DBBFEA3998B82EF77BBA886F9A614F95E8F303969A132E5D3B87E97C798113994060AAE7FC3E4B0D,77947D483B08EB3A4EAED4ACC1C031C14904E49BFF727170097C950062DA654B0BD4E30B2955F1D5B680E69FB154E09DB268AFF15E0095FF2CBE5D8461A86BB3,63DA1ADD9CFD96D361E865B7F8F26DD218ABC868428C4970F6B9A06804B93B91F02830F0BD78F7DE49E1862A706A4C5DEE00CE9E5C5CA8FEF345938B75875119,4CD4849B5D5BB28B33DC4599740E9559B1F8DD977F7C7B18CF2363C225D97D3D83B183706D32228273D6D19F25CCEB875BD9D9013769FE245759687702596CA8,3FE31BF8A870001C53728D5FD764D222322AB0271A61D34E772125ADBE34421AC59A8C38634C341394BA907D404C7AAB052FFF1865DDDB0D50797C92873E6243,A3F8A9967F4A9C8805A5819A684C17C12260BC90A667BF2018FB215A802AAB55EAAE276C6832594CC4413099E1201671918B4A3F53852F11338CDD4F18B54969,D1F685C2D00E9D50F006B3635094C922062DB9C69DD185FC07648232E6A70F437E30E8EE8A67CDD3E049423CF5C53F785CCC040B063F6D78D5B194F3CB0D60BA
1,Linkja Project,9E23F7564A0FA80B25B77D9259464F560FD3F1B48DC90DD0A204BEEAE9FD8898995E2D1148BFB2595EC7CF8ED32B920BA8A9611C372CDEFBDF55601D6FAEBC43,5A6DD1E35E9E4A4E70CB5570B4A7C39395BA24345F8FF224814C0CA848E34DD03C388CAFECFA2C12B7097F93DEE354B4631AD616FA9695887CA09219B43C1CED,F03B7543AFEF28978EB4A78385C5E8EFC63197A074BF93160AFED25898C95265A6AA9A49E3F50379DFFE83DF119F9E23ED182A70E8215DE115EE38EEA20F6C5A,3657BAB7A2B38F11CBE870BFCA5C2FE21A2B9E74490A0505341ED757D9D31A1E29F5FA22E79764B242AD35EBDED08DDEE6CA2D96CF3A5D7CDC19A3D2F48601F4,B581C1AE3CC5F51B62927095027D7CEB5D076560E7CB7021391938F7F5F5BEF91F0AC3CCDC216954E9069D429BC195D56FAABB4C8E9D0AFB75ACE83F060E17C4,92DD70867BF7B8059671D0E11099E1699778E4274E0125BA526DA35F7B6FE34EC8D92552DFFDD2CBBFCB5BB358750D1C43324E0405C199F3CF835D0FE2BB5F50,DA2B176A1AF1AC77EDCF023CC40427D140F3F24238E9CE6C1F297E361A9033E7560F25BF2D75E869990C1BD42119BCAB931C3A8399730D3A45D54A31CF96477E,CDC447A4E2AF12E9FFAE27C28C8C4962BC4C5ED22F6F5093FFDE8B243707FBD7D95FDD5434EDBD8BCC1EC3AC608FE8B727478CB25A53B795898C1F7A2AAC57D1,F04EBB180C3E9460C5A892B07E639922DCDAAB3BC3F42ACB99145430C74DBC2E8B128F5970C1641672C5325B718683257BF4165946C1413D93833C6F25E18F01,BBB55DA6247973EE020BDF3DB66A5F6E553D1EDDA9B1652476B4CB0C3C6DCF1A29A9A4C2BC87FE79C86FA39BD50EF5DCAC3ECCC0C90932089830D45422E6CCED,8719ABF55311AB8CFF04AA8A5148B97C210285B1EC95C406512EDCAA5020AF0E14E6DB50BFE4EF8FD99756C96B6C65627005CC0D776544346287E8B5BF57CD05
1,Linkja Project,BD8755C99B446E9AF8EB1F4B1DFB0C94E707B2CA3798786F0D92BBAC97D77B7A46854E314FD2BBD428EC40402562A995D4F82B5B89AF99C3153DED631004BFB6,,249BE81A1875A49F672F00EA53FAB0C71605805FE5B72B7712E3DBF39C101509A855FE797C886EE4CDB9F2C3A8481E1E7408DD190641ABE410044E48A4B8A8C8,,D4228AF8AC72C4CB9A16AE5F1F99E0036EFCD4EE6FADDA69DCF0CE481B7BC0F8CF2C0C26AC15B8A1EF6B66EEAE475924ACDCEF1DAEF40C07A7E9621F055A1382,,FD1F1ECDF85C5B550BDFE733CCB77AB400F3AEACB7D65E3C3A082863553001F48FA16F16465A9EF2CFF2DA8998446C6C2B682827FFFE02C8B2D09CA98684C803,,16B7C59453A137A99497D88CCFD82BB7EE3FEF1CD07A35B69C3F8EDC2D0F3E13508FA035024986B7171EE9834370AA9EBBD456756822BA068D92D6D5794EFAE5,,
1,Linkja Project,CA87D6DA1EF6DA6F967F475CF532082DD491DAA214DAD8E18598C09C64EBC245BF11FED09FB1549A98EEBADF64D9D852F4E69CB7A0B0306C0412F97347C0A306,,103B9B80D00ECF0C48393FA0E873526A353977A1D1CC1244CF98294F250C9A491D96415FE98C7A7A84BCEF8637482135D15ED818A22819DA4E093DC5B529124D,,2429B8D9EFEE3FFA6A071D83A83C6D8AE561FD5B4BDAC6750E0EE581DDDFCF083B01F0B5F6A834B726A8CE7C4DB8EB9D6B99410B66014F9D51B92E1461D0E2BE,,64575E7FABE9A12082437A7A1C165539B6709012645C689ED3C6044E8A999DA867D3C0FAC932098F9D8D3CE994D1A59F086DF050440A3EE46D36E229BC37E5BB,,A9D194EBB581D9C3505AA2DC1DAC9996EBF37E769D75219B4ED6FADF6DFB61554CD385B3655963A138F1E061375E7AC5FB9F59D54A008BA3AFC8F1150EE59DF9,,
1,Linkja Project,8ABEACCAA7E27679AC3C83FF84D7B122C4C204E869E988043D63474EB2B576CA81C7928AA2CBD2CF516A73A586D2BF647CFCACE41650FCC01F8DDAC1DE72E9ED,,08932E170F3F4831232ACBA668E3B5730278B0C53269EF27C2D77AF585383C976C7FE28D2E93D477226C57946B830D747BD68643E3652E9C050C8DA532605748,,6A0A1C4E22E358687981F32D12972AFB9636D719DB43112ABAF9FC5E400F2CE65CC39E5AA78B9D3A2C6C0C3D502648171C6A91822E3C2A27AE2FB9E3C17DB9B1,,C98CA0A6E5E0632E5D8F5E77D2816AE42CABF57347BC3FE7E513C71D642D5447536311EE517FA2A300305305CA9EDD0FC2CCC988C5ABC81655D1A89BC84D51BA,,5A7AFA9CB3C87A1DC642C3B327013F2BF1A9D0F542FE4906A151564E8AE8837792832B6947D9606BE10D87C8BBD428EE090328931BA979501A8A47D2A13FF9FF,,
1,Linkja Project,A790AC33FA2B1930DDB0C5B35065916FB3B2A83713B81FE9FE2567257A7F5AAC30CD14C89DECEAD32E7AC4F2A3026EFA6A37623D17F390582A4D1A67DAC947DA,,71291D22B6B2A381CA7F4F6F5F9C8C03C94929D735890D5A4467A1FC3C80CD92B2CB106BECCA35DE353B2BC7DD77926B365BE5B7CFCAFBECF28D2C0C71A6CF8D,,8B8623BEBF942E793CC7FE1E232611314EC4089A7AB6FE9ABE9DAD4201F94BF94D145B464E7D01124DD8F93B78DBAFC4CF546266153F1BDE025A706DC19A89B7,,CAA5055CC44AADBAA3CD3E9FC3B635E3EF62D0D7E46BD9B5944D673222BC23A552ABBAB61DF250F0499806C31F03D8CC638F7849141FC1B2DC31169EA86760EA,,6E74CDECFD3105808146099BE81E313E25DF9A26D122019E00A64BEEA6182AEA03D0DCCCD5FE982A44A6C12929C586FFC9095692272174B88621886021D859FE,,
1,Linkja Project,2CF3F8A6823C1471076E49EC5AE8D695833DE2928CB45CDC9AAB003AAAA84B6575B8D72F4B2729FA8754FC8EA4CB1AF172BD273330484922C5DA6D36278ADE17,,241BDE57806CFCF4B5F813D0A14F9244F6470EB271C36C26B982C139F4B5BB47E80E8F71505B6EF8E7A1A94330B1986FCC8D90327925C0C803939ED291904A9A,,FA97BDACF2C78B88496ECAEB150BB92658C906FEB47529AB51BCB9D53B0108C656189CD374F6847610C9C4FE08B15862038FC9E482A9A1369AA1901167789317,,6B6A0366F385C5E7C8A313A298CCEBB24AAC9EDECF7B5BADA8847711E52F87BB95B4E67046C20621BB52A11AEF6731CF7A076E96960FA2B299FBC025F820EBBD,,91121DEDC2FE91D727DAC9ECC2EB4387046CD94502A5CA8A6C8C06E99E81CDC643E2FE89E22C8A2C39B8B2A69D5763F36110768A7DE8FC6057AEE4E18726133D,,
1,Linkja Project,5D93467D6E47DDD9693143AF03F588ECC709026B94B52AEC94419028D323B1FD2F3D940EF863D70CD32295C2CE97E5756214EC8E765D77A46B55C1A3045A0DFD,,BA49957E7F3DE6F525F1BDDA7FD61CB9757E811B1FAAE6BB20A75D40060EAB1F80E4B60A0FD94071EA5C07566020311613221A521FCD88687916BAE4A3EFAA1C,,B33959D1304B8BECE3CBEDD700CA9AF20BA919F58189647DA9C0B03A7EE7D48F9AD02DED7A9F163EB974CE7A77261D12C03BD04F89EFC600A2E3C7B12887E2FC,,21EA429C6BFE1D4FEB27B3DEFE5442FA7B4A90AFFA0094E94F597C5397EA3299702BBACF7C74F4D06D146A8EEAAE3B70374FD83E8B996AF6C3B00CAC789619D7,,86A1F64461A8092D85F2546235E4CA226DE0AB1A92288A191C9951A6194FA454ED9191068205B5307BF0B9340EE84DD8789033C77801D5B8881D1898B3DA3A8C,,
1,Linkja Project,D1E535AECDF2F6E622B795A9F05E7710DF3CD816142EF305005B8F7D671E373E97F18D6FBBE818ED5A145102F5E70F0B04B1592D5E1E4BF4C27F62BF508091BE,9F244984418DE8EC2286894408C771DDA313FA337F7477AA9EDC40AACBA62236B81CA96C7634724C5C3BC2F56B65EC2660671A2B9C2177464A4C11F553316E30,2D620102649DEAECAB5D89256D648F22DAA64835F4579C30BA6F9CCF674D557C9A7BF8A09D10E55555737D61D1A9F0110BC31B09627441153C5520C779ABE09D,79770D5C182E6A7BFB4336BF927CA927CA986A8E071F2914DCDBC835E5878EF085D0799AF2B000754CEF57F24FD56E85A3970FB6779CE5C6D79A18A8E59AC489,BE7D52584F35B18C10A0764842B85F683D708606CE8086F2D86874D935B7B57ACFEA8038245E60825C53042F66AAFCC7A2613EBF141B5ECC8AC02F145F036E69,7AEA4CC7393EF0B5ABDED9FF92A56D30C3E2E3B42F1F1C306BC4739C8E392795064BAB51700C53FBF7E7FD2DA9C16693ECE94EDBBA5FC8DDDF768D68A681C91D,475A54047B70010AA1DDCC1CBB9B62EF8A85E396E7EDD9E0AAA567059AAE433A0E699F22224FE801D67AAD9D57C0C26820CBF42A68FB0AB6731CF18712586CF3,71EE5A508F1ED4B57453BD8ACEB66AC7D0968AD648373BDA6F780EECAAE34543F1241D962F5DF9DC014AF93AEF68CEDBFD5D7DEC42BFE238F954BBE4C9013BE7,F6F146B7E2B031524AC699B2ED4DBF24A3D56D24F898304336D28993732B78BA5EAAAB7DA1FDCEDDBF2E6A27DF49A512C40D9E90B4347815D486C1F32DCEAB22,04B2B3A581BDE1618101C5FEA902CA905D72E87D12B30B8CD4985C04E918AF4217CCE13AF236EC5A7DE14E114AB4E3DE3117CCC4A1141FDC7A932D57AEE6738F,254855E0EEE175462CAACA01C1A2EFDF1229585780CBFD721BABD9C78557EEE987C2D2938EA7FE5BA3E4DDBCC4BA6D5D5A7A4D9659D01A0E01902DBBD97460BC
1,Linkja Project,DACB249321C548A21705104E628F8ED0473DEDEFD8D1F9BEC427D6E3319FABCB5F8F5F38E747622D9F6F6B8BDEEDD14470DAB8B7671BE2CC11272A1C39968B15,,DF6A8E2BA60A2B5A8D1C07D8080CCCE44A1D5E2AF22E36CEC92F997954D599B272B134DB60EA917E9BA35DE3D35C07F58242761944918D19FB325F0569B115D3,,E62169EA2D4534D1D60BC028B06CA646B0FC018BD30266973E0D0194ADC17E8BD2E45C5BB6A860FEE9B71FB548C5C866F01795DE9E60EADE479E0D4EA2A72134,,34A63E84D234612FC6DF5BF7B768BAE8CCE16866B7668BDD3F56A3C6D9AF0BEBD17F983F73BE40BAA789966301E42BC48691E9001BECA0F286459F7B4FE8925D,,5919099A252D478E21833E464F8FDFE15262F7985DB3738D53CA834C7DAABA568C9164018604154001505B875F967259A85DBBFA21AD5566F98072FB457EE1B7,,
1,Linkja Project,036AAAF27F19A012C3873AD290F10FF7B66FE3B98F229452643991B04A97740436363588081AFECA1909A9185E54D60D125DEB736E632D6F2D43E68B0FA409E8,,5D6844D15A61D8091F3FE688E61D4C08E53C86E1A79FF25A5B1DC976E746C9B8DCA257E2686CEA3FA6C9CE7FE4A75A2B8D2179B3BF1E8B3979466E2A7C6D10EA,,67655B8C8F491DA7F5FF972B08AE9A60A51960405B6575A5D2E90F5B8642B6298E31C484A80F163351F351B1EE236A2045C4AE2C9668A9E7958F86668C92717F,,82CE3FD63A1932044A808B9F35FF2C6B50F4730A4F1BA1108708AE851485AB9933DF335015875267ECB2BBE3E45E1C25AD3EBA8AEA3EE9674F3ABA24BB289A73,,612344AA05A66735E6FD62469966B9DE35A755987FFE0A92D663DF8206D840D7E9D1FB2BA2914129084DA4DB62ACE47EFEF4CC3A62E1984F9EB1D7E54428C566,,
1,Linkja Project,90D726297E219D689DC5328B8862608774397BC94535B6183FCDEAED28AF383D0BC0C63D13FFD0A8CB430A7DBED4EBF5D216A91151E640618FD00287802A49EA,,42F738FD61F123735C021304F533B2737997B5410B4636F3F10B0CAC79B20A5B816974CC20F7D13C0C219D4787CC6D3ABF19DFA46F5B9170281032D0BE0D5DB5,,278D074659B575BB983699673DC1ADA8C980CA25C6DFF4DE6B4F25E963BE24176939575F03EE01E1FAF895743D1B009992A88DB14C1E17A316F7924F3B9EDB65,,AD749676BCD00E3EFF959471BDAA8F356ECE7958A96264B50E1364B52771F695C7CFE1859ADA8497882DD77B4CBE875551FDF1393339A123160BCC6CEC56AE3C,,E7EF45F8D599A66B3CF619583BED43A255F6C22F1D5244AA2C8DF0BB68209DD1D0EA251B0B8779FAFCA3FF25D91B9E89DB4E4F42B303650645B73E91D4871883,,
1,Linkja Project,6755CCE524000FC62468BF9CC2BBF0A3DD6F47CF2060BB9DF506E2CECA7B50962ECB2BD0334A6A26663A222623F7ABE163D551806F95B5A4BFBD3D671548C133,06AB0F306BF468D3EABB733C9AC28A18FC33796FFF9C9A54C2FB7EC57F0E9D9EA23F0ED181E9848CB26315E3EFC019F0BF16242AA6CB9C2BA6FE3A05F85A3E1E,0BFC8F7769C9DD56A63F89A0478FFA50494F2B48B3D874D83B475080A0D1FA012183E7804BB84CF8B252A073E232C0E21A4DC5A2430E908052075FDD39FDE230,2A88811280649822E66193547822CC3A0B745D9E366989AE8F0674BEC1A3E1D4458DA7BFA4E39597DD1337C4DCBCC9EBEB04590C22C561FF3D68388B8F455B09,398ED01FB5E89928494CEE7FA4DD27C51C89772124B7CC6AB4567C31921274C40F4050467C6EC3AE92CD41A9797069393A44A22741BAEF2BC17C2FC500DCDFD6,3C3FEBB1F1CB1EC9D11A640340A8C438D00C7861E53CBF3D28140DFE4563FB8460EA583C65FF55513B0E98B42D35AB0F44D46303E9D2DCC7A1EBB35A09CA5D9D,9F46AF0653D7B561668E2E87508181DFDAA678610D051BD850AAB12814659B92AF2B368195605F2B38979CEC171BAAE16675E649140986CE511C233B0C5B4D74,8567C64F4BC1B6E629AE128433E4603E37871DE99FDADB83B7E697E72B34A368001799772CDC499CCBFAAA040E7A37008C696C836ED8B1A3B12A7AA10B6CDF68,62F311532B87C034228B46F175D36A090F1052B9BF45F1B62F2676755190C573512E0A62A7B1876D2F55BE03AB0925C62DFC29C71BB7EEEEBBF218DC672BDEB3,B7908F714C03D3F961D1FE0011F6E646EC2D64D944088FF35A9E491927A3554B6C896506E9C11F57A99B5D00057FE8E6990F2FC55EFF120F26A95A716A449CAD,E2298B8FBD9C5B14501EBD03415F8E9B06E096152D20D67A5D493E0AE399C5762D448784E4AF0E5DF45E7A4C5895AC3CA52A482A74D693A9BF50B042C0AD59EC
1,Linkja Project,FBE153A5F8485DB1D36B49C973D242187873026B3C818917EBFD94A249D83AA90A140321B72DC3AC110306B69C09CA28FB4497B366D2D3CF4D201210CE5956AE,584531A7D76262E179E7B5131A193F31E37EE757BF57CDFB6D568CB44B67DEF12BB069E29088E9282AA9B7B5C79045B9B6061F14430B2D4DCB1ACECA997E69A5,DB0E93D5A41651585EF63FEBFDA6BBA09E9C984C89DED05E8C499384C09CA621416E946B854DE2C08AAC8C33C2BE86E25733711E6A0FB65B6C1226303E9499B5,FA680B7965D55B63A12F2DCEE1517D689CE30B83EF019776DEBF13AA0352488F8060EF23EE8BBC5F17FBE077583EF3F1FB1A170F79E6A57A92D10BA1B7609865,C639B162C3D862B5C7F150DE22A7E96840AEDE3D2E59D0D4D44D4406CB16EE094123F9B15CED7D094A9F9A0CA7F052FB9B62676D6D05E48464EECD7171570855,81BBA9B145D9B8B83F66A6A216840DE20BD804F529E9A40193A618A3BF7B052948FCF5E16558FC972DC86DF342DC9395FB3AC50FB90876B956537FFF31646291,FE1768D86DB5DBB7BC534367DABEFA16E541699C4AC4A77E883C0B1AD57EAFFA8AF9745DCA24D84B7C502BA2BAEF52994FBC584CAB5BA0C5BB11C114F8369722,3CEC70AE299D1BC7B24C362CBAAC5BA95B373162465E50F39073A274A448519684F4C9463E7D00D77A518E4101C8D019F663FFC1F40CF8463F277C2A227ACA6B,8AA5D0AB9A94BFC0193BB2F92F70D6C3AB10713DADBE634EEF24C395989018FAB35105A9F35F9F3E6CC8789867E7FB7250D678FFD6155FC10C69905A9B742135,4C514A011852C6B8BFD5ABD4FF37438290635D4FDC7CFB286ADCFB9D79318BF575CC29C772E8EF0FBA35D852CF5D798823CC46A93041E7F50E5B1EC17B0B5533,5F43C2172EC0AA462A263F58D0F153D934E83D92FAA90CF31F169F5539E4B72305D24749842AC8A95C1707E3BAE940C71C9FFF673EB0D10299C543A78CCB42AB
1,Linkja Project,B04E53FA900263E7B9205D52BAD8785D385CFFD3CCB1938186BB2BE88CBD464F75F431CF34A00E0D8F96D427A5897D174C3B8674D0B09F890D91E597049ED294,,D9BA950E38C44B449F47CD8378B237491F99D050404CB9FDFCCF983DA5208B95134570A95FF59F78F6A4FFEB593194B3765087473956F3AE1CC9E0A0C8247A1F,,44CAF97D5D75B780A749EB618C1B79E04679164C29E2E7C20149AFED198BFCC658E8738CF8976735AEB557A8AD4C6D0DD86958328F9A65360955D2404191ED8F,,1DF10EA308FC69917A5E9FB08F15CA7A1A99382FCF24BE3E56AB9203CE8A11CEDCBE8EC22EBF5E97ABE8875BD5E9054268948B5E41E7082346ADEF52C1B3D8C8,,9EB4AB37270F13D71FE8F7078F008FA6A718740B2E4367D26B3C020180F69D6EF4A7A85471783A76C589F875DDA7B85295696E6F601EF94E834CFEB1E0EB4908,,
1,Linkja Project,294F7C6B02334A7389662EDE78316A877662C55B7DC4FC3331A7E8440FFFCB7A25E50255A8E3E2502992547462399D16602C6FD26DDBD2CCE4F722B71C320BA8,,71CFEE1CD162EEA03A14223B274B375314DE652317469D623BB2E4D08572D97B2BEF140653FE65CAC0300AA12E9ECD60347AF0083E6B3167B682D37B4D84B8FD,,C00C03F05D7FD7EA7DFDA8CF5A562F7B5E766AA5C23DDD57921658AFFC79B3F9FEEA1AA87C2DF9A2E2CB071D89C11AAFCA850EDFBDA002F766CEF08C7676D788,,8BDF959B91EA75AB10BFC8B691D1C3ED2CA268687830B90B201C949A8EB6206646FAB25A0EA1DD89F5D6A7C9A9720FC05F10FE8892E32156EE06BBFF4A4B17D0,,A332484AF65FAC082937451EEAEDA1A77B0D16A1B6C5682A833DDD94C6FB2799FECC863BC96C484A03057859009BACC6356059EAE0917B0150CFA4CB49AEF3CF,,
1,Linkja Project,D1421B52ABA9E0A5D5414EE03AF7359F3C8384964F4B1871E3875A730569216FA80F5FBF493D48B3AE2CF15E1EC26595A8150E7E1A64DA1214422491F32B5652,E2DFEBF94057234BCE961C952B8F6058A98B72F75CE063608A9F654D8890A09EC44280043DB6FBF22938172BBD0D602CDF32A12D90AC72C7DA065DDDA99CC0E8,04615E36EB804C26F681041A7D84DD8D8247058739E340EFDDCBB7BD6F770E2DFF34761CBB8E9C65A04DAFD5D7D6D1C7600D1809BD1A8387FF1017E119EAF2C5,C82A525F844A3D40C05F83A9CD50E3BEEF856E459D8BEE5B2B7F79BEE02C104723289787AB0C9A57BE46359A5851C8798C8461DAA394EC1488F2D42E271B61A6,8475CFBEABE0FB22864AD9F2E7FE437593E2D887B2F5D40A256E6CE11AAD57C93997D19C5212F7C5FAAA891F426842781B3DABE6666F95E376956698E83DC858,B5587F77C844E6E4D711E4798733A824ADFE8F6314E20481901ADC3797052D11DA61FCC33055D37D4AD464C8700FCA54EAA7AA4D059358C279EA80FE47FA94A8,B3D75520D7D36C507FFE6559E95A4578F312E5DCC29D1F2A2D3EE5917F62F08517D480A6698578D00C3EF9326097690121BA253ADBCBCB333C4FF109FEF278F5,39042D318B898AF83CEFACC8F37F7FD305BC3CB6AEA2A7D7481DD20B8999A2DEE88183D85C52CEC85726055E1B5D9B3A60160B58DCA6349C3AADBF794811BDB0,E99F20F406F27B3F97227C5365F2C4F624EAFC0BE5EB724AEB02861F4266C3278EA9157DD78A71441CBC5F3E0330F8E110EBCF9EBA2AB207DCF11CC95BB59CBF,662825357DF125FD056C1748EBA63EFEC6E011CF3C4B1C80DC0CCE297AFBC0FFD6802C08E75C9E5A2A621149AD8D49415562607B81A917E372780AE971F40135,90221AF8491E471D42C72C2780496F2E241E7B95BBC7B3077B481778BAD9AFCF81BBB8F0EFB8DC92A3BFABCDE55FCCB83B51277AE76897DB8E8654AE75ECC5E2
1,Linkja Project,8061AC95C1007E9E857C5FAC490901D6C786596E8444832FB5037B379EE778D845EA7AFF6A203CACB4DE5A2038F5C41ED1EE7C8E043CD9DF8D04168AD7E45AAE,4FB65BC366508D651A82246409C3458D36DF8B94DBC86A345378C87E543383940CE4219FD67B75E5656A3D1AF2E767F7C0A2213FCB1B6FFD3BF31A4F9C4411D9,ACE6EE3D7F485FEB1954BE29AF4391957788F61346E10108B3A055EB542E85CB90D65FEE0DC8318841338D4299EA0DA26F83D06D0A27220FED466B528C522582,8EA7609FC2347D31A6406D64D94BFDF391777ECAF73D2C8881FF3B752927186E7ACA03B03A45A7047C5B6FD19AC1989C9492CCD0AB98213C419A3F90A3BD8B42,2BD0CD0FC26D32B056132302BA62343B3CBCDD97637EF1A530965E8CD13F8646CDD6360087DCE36153A9BA408D863B5E831ECC56CF20B00672AC231E4162DC65,6D18236ADE03448EB7B52E0BC9A5433A52F81FDDB3E00CA5F93F1840086D08A2135E240C2BED7D9D707CA97D7DE1E67D239864068E37A8E84C2AF97D3B6D95EB,9D2BD9E0D97D7CE85158CE1533CF9AEFD60B77B4FE1869D5F56CE8A57B3286FAEC650573D045414A4CC1B892BFA2A390C94369E2FDA859C69372514EDF7D7472,879ABB3EBAE41AFA9C5009F9143A706ED8968C7151B2C54F76BCB227DD9240FD7F9B56421D92F0C3B2C39E879AEB0D7B7E8AA433F820D2B822F80A0ABA59C331,F5CA758EBF1E8C4C06809C064C80E12B088BFC3997874DB66ACD1898623A11D1BD5F7A6A7CE988C37724DE307A13456CAD502713755C1F4848C1B833CCC5E70F,7BE382D3552923C05D20192E28DF7AE41D37ADE99CCEF7830A74F3CBAEC15E63A05B3327B9C17779CD1DE5B5983717C8C7F6E120E0FE3B7AC2BEA368C7D3F02B,75D0F04CF50729CA5A7822E6FE3C8135D26775BDC1BAD52CD57E2C42BBF386AD116302783E18A468F20956D7F0146033C46DD5557F506E5118B143EEA5A659E9
1,Linkja Project,44637DF4321AE368EDE1EDFBD6AA142E9B41CB64DF7B41345867C5CE404A935A83AF9EDC820336ED28E9F27AD0A441B93C591360C98878385BA2C2E5A4B92F5A,,DA8696026D77203EB422238AD1DEAA2ADFBAA89EE149134F1B79AD55D55DF01CAA011F7B20FC1DF013F68EBAFF74CB5D2AB0D9A01FB523B3383B07E9694D91F2,,E24303788077C3218EB336D9DAA47244B67751D283E363E7E24BCF62D3F00C27E09CF5D0CA3F0CE7D609F6E9C044FDF0BD867BF2DF51415AD17C6F23F3522DF3,,BAF88D3592E836CCE6ADF355A7F245231564EBE8B8589D90A7AED73D471C93E5F29B05AAF4859F81508FA5972157A2A9E73912A94948EE25CD61601EBBAB1A2B,,A4F52BD87E15054C9D596433511185ED548899322557A98AB1C5AF24DD80877F68FB7B4449F2EB3D7192E20AF4D932BCF8E862435A48AF5D065B4ACA8F49E1D9,,
1,Linkja Project,762620437B907E57CCA91B0D1408ED31BB00216BB1B199C455EC086CB807CDBDDECAB9FFA8DE6CB17AF686D90C431CFD0E3F1225B3F404F9604836BD58F72600,,0AF9D2230AFBFB8A4CD32BFB720C38AB0A5B70599A6E95FC214B698A46F36B5367F5E0F1E6BC7CA9530A25483ECE02EE553104D3776D07F58B0DF743B78779A6,,5FEFD4451F779CA52FBA7EF09CFDC39CB31324ACA0D040DBC55D318E9AA6DF4F723A91F9F6EF05F778A8E3CDDFB5D68DD473068FE68DB071ADC9F9EA67471539,,764B818444557902AE5F9BE1E1997D842142AA51F187B20966B9FE7270B975238C9BD13B8C61C6B3F6AD9C7D0218E9A6C9AE2A6C4DBAC24E67FA485282FBBF75,,A0D1937EA47103CDE574737436F3F43828FE0BE5316D5A581CE5145B327926282255C493B2E1BA868A6DC2FAD278B7B6C9B752D67052CFBF24420EFF7F95520E,,
1,Linkja Project,E2535C468B5190C8E9C4C6928AE2F212E32D6E370FB69B9DF515CC64BA7E22728525BE5AE372E42B049778502ADEF78ADD0E4331ADEEB288B6D86BBCE994168A,,8AB16C3ECFD1DC470F3E75B912163A6BFDA400B43B2D493C78BBDD003DF03845ABC7ADA83768A5A2CE5F58742C206CE085A15AD5BFF60414FC31436C7C9F0D98,,27B23F5C0AF5CF6D79D8FB59E0D64DD88849C485A99AE961285B8DD4BAB1D7A9A12FDC7DC892DF2CC5D3FEFFAC33D6CF529E839C2E1258BE425A0A66FB18E959,,7D85D5A042CD352B62CD9E65A9F5F671857997E4CB42AC09306F3652F4D8ED1FBA7AA4F998F39161FB3383AEB4BEE65FA0E28808981F2BCF84CCB790476B83D9,,854F6B69C5DDB8F51BB5F23BDE4FF8EDCAEAE77C0F35CBBA267C4A999E3CD36166A990B998747C0E6DF772B36E1BE4D4546385E199389A2B7C7574F344C43050,,
1,Linkja Project,EE65CD33AD761A7ED520F4EE58F5B3ACB8C0EF3B1D7F514D0167495B74E8D290F585FFAA54D9A476BC2C17FEB3306EB5359900D0CB7358BEEB63894532D6C928,397E785ECAFB491F139BC6C1D789591424D22F2D4CEC613347349BCAC5DE58A09548E509373574C16005734258DD35FAC34D9E1E652DCE28F8CF8C14F4877A8B,13196D292503623859946B26AD14B7B78BFA94244EA1E71B3786751E0BA8D238BF00155FF10AFD43C74A93C368A200E84B5DF16A01C8BB02C9D241B8233C6ED8,B110312DDB6B40329AC0A10554EA0DB53BE68352957D23E95F1C3B25063150BF002FE9B1A9CF3CF13FE42FBD17545BDFDE7C9EEB08A2386D5119976B86380C1B,AF7ECE073653B9DC1FE24108624268B71138FDD64BF356A2151166CBB3E9984534E2BBACF6C843D0C598B835FA67E2DA9FAFA1E7907DB350164AF1F8DDA44C31,51AFD94A1EA8B0D3F18582F8EC76B2908B48EEE3674D04EE0EE2A4E8435F545AB1B2E4A475B6AD5CE7CDF61B06AB4323863D8AF31288AC32C234B827655FCDF1,F28652DCB1C286AFD4BFAA6FA9C39D89C711933A93B412CA933300C2D00941602001FE9DAA3E7CEF7BCFE281F41984115825045169FA391759C566898EE5ECCC,C184A8801D83CE12F7EFD3E2E576ADC36CA60A19B3DB5D06595DEFBE5258EF693AD370A96CF0014D43D64D05153D88B616B1BF92BA7635AC68AE1B20DBE66094,DCF8886D9E6E601138B5CE8AAA52A2A801B05B05DFF58495AD1F95D1A24530563E52200FC0A3082437F7C35120A9F0EDEB3065CE927206AF97DDDBB73CC69E74,701338912E40DB29CCBBB917AFA2C9B653E9E619D493909CBDBAB80355902A6B6BB343FF356FA19B4DC861CC0A61DF6958FCDD0CABF7EABE72454E06D950AC98,0BDC1D5148526F70217708F2046734C938A9507863801445F77BD9DF401F662CAC2608B06549D83C8934460FE69C24C0EA8548DB833FB174EC901EA4113C92F0
1,Linkja Project,6B438A2E60C87266807C1B888AAE25B50C66469C8978B49D3C34B1B41765E1B67DB348CB08791EDAB6258914A9E052E10C34E906BD3FF0979B50B2F87641FC48,,42E43887D5962E7544A81A7F6F3CD5FBA2A28904202D3D536D0ABC28EF4BA148D9175CB16CE1B26CA91C0A5A4552072424BC9F523730B1D3D0E8DCA99707DC89,,1DB48906E362ED35589D3F708BB3E2B5BE8CB24F604DA86E893DC654F82DFEFFD18CC547E63189699FBA857C5FA660A28A09D96A66708F4FE0DADFD3FB83B693,,3107B59CF0C5D9F73EB75F474A0859EE8F1741B3C896004EA30EA2EA683E39689A38E3A93202884957621230675C4F6AB2264288FCC179606B1FC898B9E57778,,E63566B41AA3082A2DC1A86C0EC5026EE2C905E8B0AA1C30331085674FB4B92E951364C7F1C5BE95943B62C21B38BE506FC36D15F85D8513902CD11BE0022294,,
1,Linkja Project,EF4F2EFF5F28A340351227A55D341DA76705AE99B76CC28BA28E42EF3DE11AEEF193ED14052344670FF9CD88FEF6241386D06DDB1C35BC7E0C81BF359A4D43D3,,9367DF27B5BF54FFF1B4C39B9CA68D8FD41B8F8B1B75D0969D3BFF911E2BFFE2DEF85A7D41074FF3EFF1E0BDFF609F4733D23079CD78DF4601E7E3873F5D5401,,CFE67D4BBE068EF814BA6A093B0F938B7D35C15B26967A64FB266D6F4352305674A1A28001B06AE47AB7E7A54EC08F773AF2854766FAB20CEEFBBDBC86C85098,,1CB96866597906A9807A4D71DF91937537F2C74CBEB2C161871EE0E55CDADA6199092DEC8B9D318B278DA9D9EBFD56D78B4F588588A631B0AD5CDB2F23FF77AE,,9927843CDE48CC4A83ADDC2EC3046665C5A526BFCBA436592BD83EA9CD9437D407D21EE2408D077D5F775B675185DA5A2616F62D0E369833400A58E60982E784,,
1,Linkja Project,2282139A6C4A07C9FCC88D74545873DFDBD3C886BC094A3E0B04B452464ECA670AFC65AC112EB7B46B135B5C63423558F7A5E8BAB1660B68E9FEF9AA3E026DD6,40F685DAC743F561CE010516DFC10AD44BCDC381155F27E7932A6B7371CD8568A90016478C29D036E21CC0AD845F33B469F779DE37EFCBFF3817CD7103CBDCD1,2569B14EBD9F36816F1C7E8D1D1AC5E9D7AC184D63C12E1B0FF6EFB4342923E423267EE89F5C23E90EB2CB72A5E1604B10B91094D625C03DE7C841F41A844388,DBA5078F61DE8D1DE2AFE1C83DCE3B3F6D586CE008ADB9028988948A5EB3ABF654C6F8EB1B45027A1403B8C2A30D5F5B56F32F06CC2F0FC5BF4880B9DEA3E0DA,72F2ABA5F66A00610E271AF6F74CCE2B632B28BE60027DAE17F7C0575EBB0B18660397495C117ED1A0BB8DCAFED10BD4A43D61CC0EE578FA333C7B896C7F3A87,57640D85EC0AB4A667A9A5B605B5AD85350A222260CCD83C1C2577251CD1526AE5D4107BC4D10A18A91070ABAED898C2167E09108F00BF4CF15D23AA109A9F7A,C2DADA961086D3D782328BB701F5C8A1927DCC8223D1A8371F6E4060C732D5B1AE583C5D631F4A80CD7B6E0D0C5F51D5B267BDBC2CBA7E1B06957D1158E334C8,8BB83EA4EF33FB751A1F9537D15002AF6F30BEA385148A71BF2D0B8DCB647BDB8E3476578C07BD0D1D7AE2AA08D6CFB5E795723506CA6ADD918AF63CE9036AEB,C700EE0418B85DFF4D3CAFA2A83649064C365B944DD4CB5B4E94AE87862C340218BF4E005367843D46FDF314552A239E911A52E334EB0D328FD808976E006D2A,E7C5A769B707C66FDD3FE40AC218A0A935D646F4FB7981DF81F1DA61582E8FCDD737660EE739F2DD83A20B9E3AF8D0F860474430754D7C3C7376BBEC65FA89A2,B2AEE28C9607840DDDA8A473107C3268CC0EB49960B87C083F03AA5658229BC5DE1D8823881461B79C24BBEEE45F80AB90F72AA218B8BADBBFD0C33D536AE54E
1,Linkja Project,9525CA8AB48ED929D074E0CF5E8390F0F4487F828EE557A96757EFE3B0CFF3B5D071D832143DE25F14D8E9E41275B3A81CADE141C0D12A4306A5D98BF4AC59A0,,1DCD065C46043689BA5DB3163F9EE623EC15FA18E3751FE896C5F2E17537A0B125F73A69C88548328EAB024FF62AC58F0C5CF5B6EE7FC1C0B9FC18A7A41A06BA,,66D21F24705EB4B9FB282CA0DF9B5FF0A36DD7C346775A73C693E568173C073044464ADA794D4D6D3E7EE7E556DB87F701FCAF0E5372FCFBC205E52FB68961BA,,EB873138B19040F1DF7D7D32E0C75D57534C12D2914D7E140C106DA854BBA617F31AC36B1BFEC0CD39355EBCBAE3F5056ACF2947B82A6F70D39B522D0E43A680,,317845025A863D3008620F497AE47E1BD926956FE567FDA103B58CC8B9D9B8010BF83D5782DFF3868A1C6B707D851A748438885738073AADE02BBDDAB4461835,,
1,Linkja Project,2A0420F8E394367C4C8786464B2AF189479207C57BDA931B19FDD8DA7E8886BD4C8605DF4C70AD9DD6EEC65FF9108D0832F1CF4B90DF962D12B30083CA49E875,A0AE91E72A8CCF6D12D8D219EFC77D33BDBBB664253C14CBBECF4FB98701C053EF41877C6749796267189688BD0F468857D35D4088B4DD9A0F1768D2CF4B5195,9F0BCB78969070247DB42C93CB47DACBB4A1E3F1E4C3D4971C3AFEB7B7410268862301E5B3A66C5F5B452FC987D2BD57D3E2774E810552020700288A5B81B152,0DEE690D1BC46A38B921841E4364C6E0D5CB64CDA8CE47D8F3B4A35C5BD6B9D66A25A07556A57595CF57225EBB8C0757834FCE851141D4DDF1F716ECB783BF6A,E3CABF0299D64F7593E416FA2B4A9138DEC6BFF3B91016BCC17BD1FD2747515E7C3470CD93401B237F9E014C70D5D512A8DA5833497BA6A712ABA917E07CAA30,FC7DFE5C8BF7A9BB2CCDB6219FA7BEB36F64A6CEEDB1BE65CF0C0FDD2D25A1262C7E74BFF9B482C19B98000E39309A5B2453DAF69E27D6FEF5D6A84420943DCF,B776FD223E55BC68D66D9D28AA43A85700B338F3365B9284285A5D8E3C69932310890D46A72614B67686DC661EA7EA9A54CA57A737F9CC025D323CB67F73B539,44DD30A300B506B3B3C2E23D3E07408821763C00FCD144145B63FCFCC7147C7586B2D6606CDEA64A6147CA978F93E02CB107C9B8EBC5A57B3C72F12FF0BA15ED,CFF3CC532326D023B4A26CFF89657E081AAA70F24C6FEC32EA391F7E1A105D8FAE74F0C0267D848951AC6437D4D18C92FABCCA90B1418AB13F96BD53907B803F,4D42325AA7F3B7F10D26BFAD77383479F9084FC97AC82825C002F6970E87F6DE2B7F32C66DF1F29CF084C88D7DAA009E1D0785DE156811059EF6FCEAE6AFA421,94F41B38385F639EC7E3C034FBCBAD7418527C1B1482BE77786808A26E7D12A7D046E685FA632F0898D7CE69CE9F1CC89707871BE282CD3E21FFB6F46832EF31
1,Linkja Project,18BEE6E38D0CCFB9E742C47BEFA7A905B324467069D9C976529ABA83CE65CD587CF9F4C5A6599C7189A281554DA56EB4F4A1A5DEC296D4E8217DDCF798C33E5F,504A12AC419295494BC375776ACD39AF1F4C43AE3DA3889A9CACBFAE663FAF0AD42D053D37BDDB3E1D203B9A9F3CB20C82ACE85729EEA41567AFAF4EE5E7D93A,61685CC382573111BE5696137FACFB61EE56A8EC82652EBFE8712ED5DC755428384080666FE6BF4D114EE84A12CDD229FA47869FFCA752FE22F84CE35C90ABAA,513B11895AFCDB90572308A120B7B52B3E71BE8E754931A4268A42647606657AA1B29AC9FE1BBFBAF2C9E66FD2ECE2F0B34A27A03C83D65F098E534AE5E83D5E,D269768979568E33899EDF763DE90604CBAC9BF4F128CB5B558E09C63B7B0A2AF219CFB77D942C7F9881893BE300A6E9730CE102A5046A495F45BFCA919F6A5D,3C488F3EEBE2469AC7EC49A58F96624999CB7D5CFF666D65B7884BEF848381943AC6422B7E32145BE32BAD63E3A6ECC361C1C740292E519975EEB93A0A8C3680,B2E90A6B6E993C681B6AF9FF85DF7A5B3A6817DFDA2C77CA4E615A69536BBD4700FB4B3268FE4D2772A808448B53471B38E67253BE21AD862E6882244E7B741D,C2606BE43CE432AC264B458C6B22D720A66BCC7920D38FA1DC0E381683FC590A4EF6C59F35C090130AFEFFFCDCCA296C49958A1A5157303AF9B79651614A339B,BA2FCCF3F2C9AA0309F05CF6EB73E1851AD446375EC86407E6FA7E0BE4B98E9A78C56D9C986F629C7C353FE5108DDD7AB22939EE1D072383B32C3C37C39E691D,2D7236EB95B600955BDD755E996C4C114B2B61F91D8A16627379053D5368F82791CC0343A8EA15ED3E13A2E5263CD28071096F1BB9DA0EC7B748B060F432A909,70895E1DEB0EA0D08EC015EF4272E1FA414FA2ED196351D266554E97FAD7731FC0F1201C90F0EEE91313E7821241DA2C939CC5F1E0DABC714DD173B0720E2680
1,Linkja Project,EAA25AA819773858B5FA5DE4A322DC9CCB166C7D0F4F4CC47697719143B76DD8E4FC6E72F41AF85307D97D4D42B257E9CDB483878411B856DEA0A0F477689216,,995AF36BA4C9C34AD61B13061374642A3EBAD7C21D271E12876171B9A66148FAC898EE2668BF7B6F5ADFC2EB28DC5003EFDDB95C61BAC99B4688809301C50E1B,,E433D1C9DC18AC31C32B14A69E23E0CEBCAFA627217C935B04C3C86E3D246738E6BE9BADB6ED7139DE1179778D4F6F92046957110EE089A8C609875235470F81,,95F60B42570A9B2F6C415FBF54EDC04BD0EDB1A1429AD71244359B25EC11BDB996619E194D3AB71EEB7B8DE6CC844BB380DCDE8EEADBEAB7A15B4DE9C7588E1F,,5401290B872181A79374E7C6AB4736299F3C876CBDC9ACDC53CC285BBB9622A0E7DCC7948F53CBE770EF7D98729E67D780D3555C1CFB412DE9E8B407EA270154,,
1,Linkja Project,FDC66B0E90997FAFDD84E431633740F0230218A4AED0B2C401729801C8A4C2B82193176155B89D988F7C0D5F79059B7EBD5C4325B6E23F5B0A4A2487854C651C,532EE8060C2FC83AD17E205D833231D76CFB5170FC7131BA7340F3CBD440BE6F3483760A82A6E1610D292CC6744955DB98999343A1457F525DC964A62A098287,B01287807679257E0ACCCD81B632D6F74A3304018E9CD3B62231C8A64F94ED474C451F8E27554B237D6D58B73DAA3B66BA0DD9848400E1288D677EE225DE138F,14252D35A41B57269B95F28A4CBA528B3CA66576CF09384971C7BF0E19037972F34DD4BCDB9CDF7AB980B23F6AF964A110785CB1344D033F8BF0180EC98836E8,695894928E1A587930026C811E10413D3DE6F73C2672508B24BD54469993CDA7B0DA4C4D824F47BC57C0A1B86E66D00FCC8C3008C18699A958519D36D0EDC96E,FE254C9AE43AB0257E305D096138434BE7F087521A2F979906E0E20300771E233A88157B283ABEA812CF36F2E433E748CC3ADD396002A94EFC4F0B9A73F1A653,1554112507C7A11D12F1829DD368EDEABC95505524527BDBB6FFA78BB36ABD3E48F4F054BFC1AFAF6C1508D3702749324F2BCADE728015A8104DE231D6BDB1FC,DD3D9D5B77341D64F0000C8A35B6E3BB6D96F553E9601704D2304F95B0C9431D433FFA3690D13D7BB8E409BCE5B57B3DF8933B5407A539B063DEA481057A0793,552985F608603A9B6655C24B461D883689BACCD7066943F61DE4A8445791FCE7F1EA70A784F2B5F5EE5F56CB7F8B726E8E5C973EBEADAA0E0D3B362D9DD68586,04E3C74409F3F565CB51EF60217F89D7024228BC5EE0564F8B2C306450C1ABB451054E575188F1B119110E4DBA94FF6BD6C885AC5D508B4C0B1B5B24EB83E579,19F8D5495B947E155DCC5CE92C5E81762C22F800D3D02ED2480933EA43F436BD9C9550BBBA9FD89C01BB404A943F4A916CDCAA9F5E40FFE6774F041D63847F76
1,Linkja Project,5CBB388BF2818E10DC3B0BAE8F0BA45272F1A84AA7B8F1581B3CD3AC91665A8B688A40098FE8810058B82B3CCD8062DCC3B2DEE57A871E6698DC893B1B559CAF,,AC74F3672A2938B7ABBF35D8F944997B80A80171D54C215B5B4F418F24CF3FF389D33F0C44E8696E0671499FBCDBCDDFDC543FBAD0E339CD0CBC22CF57BF059B,,BA5227A029DA7E7D9746918FB49C43FE47FD2512F151B4DA79D195B7C174192A25CE1DD6411BE81ED165A9C00152E47453B4981469FA23B7C047248BF5FBD1A5,,582A5FC18B015C9747C72415775269B2F73EC078D0AC74DE1C643D6678B7B1AB6C3A96BC273246E15DA1B8D95EB8DCF6B750E46DD38A566C3773A6CB7A778F3D,,87319802E459F12150177599C96DF895715118DB2FCB3F960F91406838E6E7BF74B52E846CF8BF8E0573DEAAE1DED6626EFEF1639346AC4A6974F87A780A65C9,,
1,Linkja Project,3B8437D3AF8A70EF47DA05D33477D5E4DBF093B17B726EFCAF1B3C54492E2965C0D66E62963D5EBA4213214853D9C3E99A10F1FE243933BCF7135C470ACD8FC6,,23F2B5DDA1E3E57F6058589C2D9E8F8BCF6278C692714C8F0B2783634136FA749D873760EDF44F6E7342C56D25C3A6CBAB7B090BBFB873385820EFCE4315B7E5,,EC3AF1B4DB7DD6476F0EF9D0EFCBC7EEFDE0439B804233514335699B84F208FDE42675CAA43F89A56F0DCB36A83E0EFA9B15BBE601F493046C455531C056E9F1,,5BA43204A3A6421375FE80CCC80534037F14641BD94E02E2C414A36454D088E4B612A306F023034B6D24166B1AA82CEC103672866B22861C1E64C6FA57AEDB2B,,0D2D22AD3611B7D5719894CCCB766E115C87FDD986336F35108CC866F05A1EBF2FC3DEB75AB1E0BDADA11E49AC37DBF7EEFA029A4B63643479D9BC1B98F8EB0E,,
1,Linkja Project,94D2F321EFCF5D937C436DBBCADB294552D51BCB09C4110BC000B59CB6D2ABCD83B9BD484FD0CA3729217280FEABCA96A933459BFB219692B772EA742EE3582F,,C2718FDBBBA27BED720F6EF0B65215540E2F591417817FE7AE70410BFF70E353D2F54308261DBC74072478137C1E09A578429503D01A9B1AA71D0581B4192AED,,15FFE4E29D1216D7B25E0DF96D319C1FAB2CF8D255DB0844D0371D4684EE0466749EE8B76B6EC2788CCC7750F7E39AFE91C92FD324AFF2C6D9C6DB00B0938F54,,7638E1E7F214C38602A215C92B3BEA217416BF48EEE9690C816B65FBCC30483F785C33EC6DFA48B7E4B277624AF3CF8231B98D1E81904DEBB6EF1F0FB2F6F6CB,,B6047080B2429CBE8A15955EEB3BFB369411AEA0F7D68499525FAB34F35965BD06D4355078FDC041A076D1937F1943BAF15A91FC77D07682ECB632D94601E63F,,
1,Linkja Project,1E9C160D3A72EC16FAABAB926B584ED1F34B950A6ABA0DC3865051D652F852682F20820339D7AF0A6B8BDA8066C2A21B4563767C7A3B07695F14B086856B4588,,580681E2A95FEB56C13C37780D5539C06F8F0CDEBC434A927118598FBA479691715C8D6BA9C07695E346E3CC74DF10C1ED99B8B3BF3CB0D763D8216406CC6F31,,6BF514048227E4A7522A5C34431CF15B08185BBB20611696A623A62625807D154AAB963CB5B2C4BBD75A8056DF1D17977E2232AFEA0E2CA0D00C289B0EE3504B,,CB9CD87AF4EEC0B73086D98853F3844D134BB3B53D481605FC3DA80FC0F4C4583CEEB08880A062DDE07667D9CE842F07C06FB838094682ACA8FE7614CED7FA46,,EFD2709B6480D546F08B87CA30B84EB133940019873E74EDC0E09C2391C2356E366835EB5415FC42412BE2C801C7B477D00B66A2D0D64928C7AD8BC05AC83E49,,
1,Linkja Project,6E140898A82570D8D18C56686E70D2F4B8B1910B137CDC88CD507B5213C1C25ED312BC1776F4366A5189CBA1423E73BFD2E022529BB54C8B78F05CD97E398350,,EB9820E23F723E266BF0622F4ED013B9C12D9004299EC3B5285BBA9ED80D326BD742D15B19FCAE4CD0E491FFB1502AC6591885685D3B41477D7C9C1F3094F36B,,5929F12712E429D0F70CF3EF4DCF41390D6C2A94505DDF63D547E121D47855514D819EA8FDDCC6455C06510B546E40A36CF724ECDE085A7EF0A92DA79F987C25,,DE727858570F4777234685B18A4D81795C00B0F22D02CA82C953BAA40099001C41FCB293CC5CA0EF9367413E9AEA51A93CD57067E670E0747EAF90F61F3FE49F,,05541C514AAEE41A26EB713E416B77AC90ADDADA96AEEDDB63F90BB513C16322DD38E61479D69EF37062FD8219BC95EA3A579AC9EF5CF480DA3A390C5966A72D,,
1,Linkja Project,3D8A3274B126E0334B865D22643C0742289E6B5AA047BFB39C9969267F5A5E3A3A79BEB2278DA734BEBFC57C84DB4DC3E4E1A0047B0EED8EC1430AF775588ED8,89176DCEDFAD201B1A5E47D921FEC9FD54A152D1FDF0E4DF404843E66AEF4D7BE90D0F6FB08DAB3298AE99D2D515DBD54121B02129B5DB323CA874A17497623A,45F040B2D7E5C24F806C069E8C6EF816D6F62A9B368DB5686BAE537A0BD2262BF83AD98518CD46FCB2F710F7E1587887AB636F7588EF0FC4136224EBE2A47150,B5046C0567B2E98DDE565B080AD1576B27C296EF342BD8044FB78EF15060CD6A8B7B63ED5C7B7500AE768AFCE3D8BAA162E8E3A82DAD2842FEB0CE6F507B4481,8A798A9D1D39289FA8C3B8ACC27F9979DD4B9F83245281B876383BF9C5FC107855511A1063AC7679349011D25FB0FC3B6C2D5A5E4D9115709E02A99FDA0A9678,09E99311178D569D326B1D4509C0F1C53132DC9A5CE82A84885E130237C247D45ACADDA7A9A65CB1ACC4E15033EAA6785C6A6E8F1FB9C422622FB30CD6CF43C4,9EB92919A5EAFC8454461C76C92DB36C9A29D5D13E34F79647860E2030D21F169711B995EFC6FBA07905232B88D2C079B0C47A7E458A24AC335CE8D8A4C10F2D,C4BD11EA92C6D62F1BBF326A8D18483B142F706FF19B9347DA0AE8419323EA7D951AD205E44FCD66F525763476C7387346E2F4CA9E2561D807CE5B22308FA6D8,BC48C11BB09DDDCEE6ED519298A5C05EDC1F34C07B9A55B21ED89CA1D4C972933F96434E31743781A747484FE1B4A346B0F6E2884965E13B6EC967FC5D8E5B76,15D85168512CCB68E9D778B5C95DAF181935D869FD2A396940369272B19324D6B9DF4AB9DEC6F3AB9E5B5A0B1B355221C5121F1B22F523921384E2667603C6FC,79F3D37D9AF8FD10FA792AD0CBCC5BDDBF22EC15D331DA8AACC525F384F16CCA15628902F75E601AF351ACC83FB91A77859A2419B52B4BAD4C26D7F1CDACA1D7
1,Linkja Project,3153B6E5D142140AA92F19A56221547C98AFB2CD76A8EAB72C94D189B8AC1299C779FDC64A88FDEB343058BAF1E01FE2B5989380D0DF182F47BA2512E55BF30C,,514EE45F0E74519B9DF348D11BB8C8A43CB0B2C4175C9B2684C6778A5C96FE8FFAAF8E661522F345071018931CDBAC917D1EB30D556696F0E70925662B4FFEF0,,7A598847A87153BFC28AA6CA172520473EB5D3475A016A2E46C5CEBD181E455CBBE4E903B59E95925E63775A3E1C28EB573E039291A8A6BB9F49EA854B7BB167,,319805A8AA7805D25E0F3E15E3524B8EFE025CE0FEA75EE9E690AF7830BC358DE3CBB92E318CB300FC8B9F5E2F94E4816F0E6375944627C32790A8ABBF66B882,,C694048D4BB72084B864F955F2458177596098FE343DEAC1861ACE27E799A8F861447262F4A67FEB8D2E228D58116A877CDA8C8717FB508BA72F1DA21BC1F5A4,,
1,Linkja Project,018CA0F2B45E0388CB267222D1C8863E42C64E3D221ADE68A61E0484AF7B94FE3B0411F9EE581D988B531B1AD3DEC490677904A95C1E344385E21409B505B13E,,48A02C8495A9D5A066DBC10C17A1E9CA914118F10C53B4A6317204BEFD2ED6C40DAA5F4A1CAF815291B52A67746EF46CE84BECC5B03E3410734A9EB926F0CD9F,,62D2CAD39307B96C480F446664A7396685B4FFBC6DA078284D9CA1CF3F352C0D9E4C30B61E2A115E1F8A875C761309CB0E71659CCC0BBEBD8C7CCB61A406A675,,3A94A0418234CEC69F01B5276CD031D24E13B144D1FAA9CB8F264343F0B3B8DB57FCCD48C1D544289F8714C36C833E9F6749ED41A3CBD2626B306A8D1DB346CA,,8C5FDE2048A687B048164074B87B8B88AE082AC9A2F2D81EA8BFDFD930BFC78D4C0D0E60FABA30E0B2536A054FCCE1F6C05EDEB57515A8E721B06E790616F0D6,,
1,Linkja Project,AFE04964BBF7DB3C1FDC2291D283C65626DBC928D7DFAF2F1665E9E8C44C028825A639186E72DED00CCC3B6C3AED95BD1BB887FA635D7714DB44BC7EBCF60637,,C012896F45AC7A2DFCB7DD0C2D05C3CF6DD8BEFE53FCC68CD950688372203001E5D29F9E810243CF074D96FEA9DD1E9295D8778E0B8D6D39F08DDDC95F0AC829,,21D0C8A99F9201381199EAE4628AC04E05DAE4B6E3C7CEBC6240FE470D8BAC09D646B79257340A0DC5C210D982AD6C5E7C3BA570390F985E7053BFB22CA37C6B,,B9FA65A304F35E91D7AE0C2CA583DD3E8EAB2035AD0DF5E07D57DF931F6BAA08D2E96EB09019FBA22DD49BDC847976E0ADF99AAA8977D1411EDB4147BD7D5485,,EB457B926FD83437E0645C639F3BCD9F1224C5CDB5C82A5CB1648297F2EBB1A0F73E009BD90E6DBDD43194BC9BF6716917584A4FE5E7F5CC2181EA374CD933AD,,
1,Linkja Project,ED6DE51D465CEC6079B2A55A0995A4B574192E601D72A40DDA900AFAC634A1626E2292517428A296EFC915DD5E467349381B6E9091A618E69BF9475AF8B33819,,EDAB7180C046E395BA0A224E2FC2AB9D55DF731D42C95408D8BB59EE74772433B1E7741F08299236E86BCB3656D03835F865D84A3946C5CC14850E97BB093169,,9C6E6E2C589A25AAF8CD0F679ED8F15D8A44421EE953EE2EB4E128F3974D7B948A6090DCB05F8E769403073B307B041826DD43B9A7BEAFD86523CBBD53537E11,,D931EF852D68F9702FF9FB7B2F6747F3A716FAB68E91B53437E8ECA867BCA2C4353A3C5007BBD7E973430DD59CE7C314DBAA3CA83E65F7735548202B380CACD3,,5B4699813C5E4E1EBBF277973F3D879F234D3F0B85914EA1E2332A82F56D0C56F76367A87E9A085320FD9EF69AFBFA353AD1DD9CD3D44CE204091F90472D2551,,
1,Linkja Project,AD3DEB27DAF32AB615182A512EC5B5A05CAB75D3CBD7A6B2E945E4A4F99C462163849353E274AD4A9E6ABD6C0F767592F4E0FB70DF025F82A5B8409FD89AE689,,9DEFEC9227238C9FE080E66F888F89CA76C43442EA8664AA41FDC6A5199A29C5223DDEA9214D683A85F62B9DC53536E73C71E93EE854067C4545D2413EF0BAFA,,92C32915DEAD00FEB342B4B05316B7C9BEE93A00C6E037A025684C4401969940CA72823E1E1B78D3CD2B7D02E8211F11CD279D05E1510BA44705877C00B6A154,,006B8E271DCA26376441157D55D1351CEDFB7916038E87CD7694745EB205F05C7D8EF583602ACE6DB7B70D7578C7215F81E659C380E64CB8615C3AC076554A68,,FE812C45BFDDE9C7DEC3A5363F7C6D9AAF43AAB13D0900BD68BABF2E0A3CDE01584C47A2702231FE17ED043798A9C0690D6A85BF893C9CFC4B4E733557AC9914,,
1,Linkja Project,E1CCFF50EEEDB8FB8230178C189BB854905CD8EB387C4FBA0B2FB6274D5B7D05370B669C52CC20026B09CEADB07C673BAB70CD4E11AB5D55E88CA7C2052CC0F0,,BD10B6B996AA6284C54F081065499F70A352BB0737348BC5A3E7BFCA038FDDEC7F66FEB0DCDC3679BA1854D93BA28650B5146FBBD336EDF169DE41F6FDEB96FA,,548331AB9EFAC8A56D9663BA26CF36CFC863020A6C949AAAAD603596FD55F2272798CBF9E720B1E9A8AE872E549329229163CEEFB63C792088753FFC2F2BD0C9,,1DD30A44B394D3982F593AB25397F0474A56FB99CFDE86AD69F441DA7EE0C63523905CDCC6CF58FC3BB01BE28A1D8F1D743CA6544F7C19BFA5A64391B98611CE,,F733D8BAA699C3080661CB68C617335FA9221CE821927CB46EED4718DF211C07F882AE59023E5DECBA628DEF58B6468D7FB94E35ED17A8F823D0EC1F0896C1DE,,
1,Linkja Project,3936FA00B9C6386035A21729056BCF472BCA581F0441C9AF1A150EE63917B8D78CD05B36B3674DE722A261DFD468150D424A2D889ABD4FF866C89A62D734E532,,721E169DB83626A0723A29FDDA5D1C24D488D3FD78256CAFE0FA2559726EA1C1FFB9CCE84AB16D665A334A622103A3DEFE8A7AD01FF87910242E49BDDB222F47,,A5174B48CBFA9E1EE5F3BECFC73985DDDB0153E5901A024CEC5C0F6D843D79FA173603C90A098FBCA4C06E7B4F9F1377C324B687B6036FA5968DAD31E03A8A75,,E1BA65492A42A73047ECE95B426F8E612EFC3870D0EA889300F5A431CE63B2DF69EF88A17FFEC0ACDC4A4E1EE6F3A48EEEFC0C6DFB3DF18C7A8D1088183EE0C1,,7BDBF9EF69060FC47347BB21D093AE9DE08768F1E8DE6F2707DAD786E76080F7206EBC9C6DE566F9B78B766914EA3D1BDE11E963F635014C6F02A4EF828A4296,,
1,Linkja Project,FB192176AF403D87CE88851B02B946C049C6E15AA8CFDFACCA4DD390FDAA13566EE700E46108C749B2D8F53EDD693F6E6B687CEF5EE10AE791B72FAC061ACC8B,,865FE50317B6155C7CFCDBCC95B3134C7971B505C9F82D634576007C50F78572CA418BE5BCBBCBD1AE6E887C3499457149F25CA379C16E94C4E767B283CAACAA,,AD6F96BF22E4D13FF858F33168DBAB1D795C75288E549CAB57821C85258516BC6485DE57EACCAC54BD866AF1B6CD0583D1C68136FD147E7C37338C5CEA5F1982,,042CBE2D0DE2F1816DCCBE0163C08562ECF9ABBA1BC555574D164F12F71DA4067CBCDE7547A72AE0D16B9D1B665C7A2B2B27902F15CBD55246EF6DE8CA31D4BF,,85CE39995F593D7B7EBFE12C5E814EED3A5C1632A45E00F08EAB0F6DED45FD1D0C97EE744FE558ADA42B576BBC446415B0653BCBC9948B8513B20D41247BD101,,
1,Linkja Project,D3A542E9F7EE27DD09496C386E6831B6889EE0BEC3E4A4528F2321F9DE49AB007E3EE0C32DC5F413BBC5F747AD359EDDF90B0FB1D7FCD4905A6E53FE49273758,,DCE70D54C426AB8E9F73ABA81A01DD7013B9F3038F52771D33FCCAB1A1B2C893B8A03C9E691B439651AADE548EA56E9FA97CD708BD176A7A51880673C728090C,,8CA47C86882B3233F97C03E8FB9B911A44BBA1BCD18A34C7A0DD9FCB2E3CBDCFDADDAE19A8AF963EACDAE3D090EA28949DA15C3E83FA7036F61ED1B4205E7D51,,C821B787EE0CD4C27C8FC1C689DBDF9B74B6BD65B6DC6188FEDF3333451F2C29ACE75B63B3DA1C14CFDADDB17A010D3889C1FAA33B659E64C93008969FC70B8A,,BD147081097D40B8FD2889FEFFB156F1AA10817CE79BA80B9A5AE6E4B6FFED894D79E07A3FCDB12B47BB1656A68A340958BF08915FF8D073F749D68FDA78ACBD,,
1,Linkja Project,BB01CB60BA8CE8709AE877CC07100E8520AE581B18D07680DB9B5964EC1BF85D5F1F61EFAA24DD227605DCD2ED6638F84584F91A9EDB7E21DC137BB7CBDD90E6,,D805F9C00818065854C543F7E060BBB6A98B69442362BB53416DA6DE67C4E78F294770FF56326C881C74FDB1F17628745B77D1175756FDCE1AEAF42DEA788CAD,,6D20B6D89999D1639DFAA26CE2A20970F6F341F1322767A3285F2C421975499FA412658E232659D9E31E685DBE807CF9BC2A0183E27AF170E0464B492F604EE4,,7ADB0DF6872AB66963D8043C0B07205734AB4C663AEA26FA4ED695C1AC1BA9D83EA024B5C47164B9B41C5E003A981BE1D7573651B05F670B09093EDF700FBAAE,,9BC18A28FC1CDEC984FD52F12505D1AE8683753D17375F328F487569F9A6801233C6DC462CD7CB9432369AA888B746F161BC74D4052C268BAD7655A80347AEA3,,
1,Linkja Project,A9775A42859B07A61B46E5BEB0941567A18D961B8EB183F84F600427F969C9BD288778904754D95E2F8EE98CCF9D786366E297FA75A8FA360157253945FB8CB5,,FBCB647B31AA8F1C4DA4B75568D43A93D4F1E6CC1933D7B4463D5CC985F2AE7E1162DA513A1860B3C6AB0FAB04B8B537520983958380AB8268FC1F4FBE9B1D5B,,3CB381C669EB689AE4F4F2C7E9CD404180F4953EC32BB741253FFC2E24DBEDE1595DDF65B54B46815E69C7EA559914775139629C5B90B860FFF0C307536956BC,,8ED536F04E2FC695891062A997044F886715C12B7388907814B7CF28F84BD8BF419D2881991F6B5E52D4A7FD11B6C57FF45A27EED8B5B16C0E445AB34296AA50,,7F1091696C71BA65208A7002B449CF65EDCFD6477B70FC24A122DC868A754316021FD4A2E4C1D6D5935373D4FB085EB4660FC3A6E963A8F7DFF3DB8399507367,,
1,Linkja Project,6584DE19111D45AC1F19432BB518CB891CF2DE724C62824939D46161F8C663FB3109C35A25F2254E43C3B713E3820C5E8822761D650A69109F8A97F94098C607,,DEEAA9EC79F1662DECB230A589DE9D0AAF7F99EF12DFE90559194BDD807005A3450F53E7C4DAF361F642B32CDD90FC5BCDABAD7EBD3144E8D54339ADADAF71C9,,3FA5BE6C67ABD57D476B4355ABE8A0102FFFCF48826CFD482C35E2D0EEC987980EF5B401D20BB3C00F3AB22C064232C5C2F716BD02FC7C2955FB10D779231C9D,,57C6EBDAA8FD2B5870D39E1089E1A8800F5656B1D28B3C211CD1B29B34D45402CBDA567F7EF3BFAE71695844DBE2A83EC3716D847B6D728BC0B3AA0A713C28C6,,9210293ACF6607F6A787766CEC1A7A17E7A545F38BD414AC80B2B921F7B788E87D1A4DDA94D7A8FE54707F8A00C940A5706FC059BFE9C55FF45606F59A712EF6,,
1,Linkja Project,CC93E9FA0C1C14E333444C88EDD5C84125EE54BA4993977594EAF8FD4C2DFC19DFAC0EEFFCBB870D2DA36469529A0F007CB43FD97FDE13F21C97862D87A62DB3,354EA1D1E811C4E294FC6527B63DB4DA370BC0B0A3ACF428AE2981DC766D32BDF8571D3449B61D4F3B5AA4366B9A6BC6E623902F370136BB056C4CBE139EEE04,98336142096921EC540B0529744C9CFEFBA3B3E5AA468054AE01B13D0B8B904DA4209D844433138AC36070326AB23711DE609C5E37EA659E0539844FB27793BC,8D6A6108F313B4BB5A8A44AEF01EE4338195B6FC5A5A9D230E11C741ADB1DD282D12D5704DF4AF3D7B537787749CE121C270BA5693532A740326BB9E2C45FE68,ED90B754A27898ED2FD1BAB599B5FE5B2569BCCAC36BF7510B9C4EAEEEF8B0F7AC0D1643A90D9ECCBDEDA4457A92647703B3D13D4E08B49E660F9EBCE49AA8E7,3DFE2FEACFB76AC3829381819961F2F9303E4D3E37CD28D896EDBA64466BB5380BF3FA84768DDEF4E1FAA4A424DF0E76CED14182F27F09AB722F2CDF46E8BC35,5F6080C54638901E552EAE0AFCED59AD53E2D6874E13756B6EF4F02F7335DA9386D0C4AB9420C68F11A4C3E1934EE27E64F5F8DDA2A4E132D34E9A47D3FB7C47,B41C72E9E60AB3D437861C0CB5FB61C09B15D3AE4B1ABBBBB30DB03CEB8567E63A5BAE6A9CAAC9F9BFD766554E9C608FA46EF3E2500D1F857A1449FACF9EFE5D,CC76B4721801A12FBEB3614E663271C10C7A50EC15E6BAAE23AEA3E82E98293D9D9455210FA14C4206FA8F1A911E3DF48774B3218A4A9755FD12707479A28D80,EF1FD1CF2CB8A1A218D0EA6A726ED1DBA00A738853F625ADE19FD61BFE71E5908331C4A73EB14D778A633CAFC4EB92E8C90D4848F6808D10F863A666B2FBE991,CB74C2C94A6AF300A0375C792C1920F5EBC11019D436E00299DA88E8CF7099C9F6AED27915225678A3B36521195DA23A4F39154357B168B17196713BA39A0E6B
1,Linkja Project,FE976EDABEDF36364291E95B67D89B1B90548212A943DAFFEAE8809CCFDC083F1BD40D6DA1AB9706CC4CE4E61B571668579EBB33E047727812F0B7DA9C26D9F2,,DA1B8BB412571652B1D00060CA155B59F4090A80B329191D34FA7A7131CE48945661BFA27D303F6C7F4613FB7B7210350FD35E756D501ADD9CCC9229657F3CA9,,850B0D79655C43E2FAA73BB32A779842EC9CCD19B5D386C8492E81BDEE59FA87D0081C60257988A017FB3681265E578EA4353E66D3694E57710B5D7ED58B9DC4,,4C137E3314351F965B592101AD63F2375AED7EE4D085B82126DCEDA339071CDD6F3581A684727CF1E1DC80F2D94BA47E410F99674F84F87816608AECEAAA1193,,99F962D2410A3ECD780B761B3B9EF53684C94E64F38EEFE99BCFFB669ABBB387C3DC8AE40D7438BAD33FEA583DDB5BE5D582FA6BBAD91D1A687AC66DB7131603,,
1,Linkja Project,C10858202699991EDC7BBE7014CB22C69693DA7886DF8A609B1AA90A912C1F791B94E4B3004031275AD44B589D9FBB468F936793E9D36FC8A69A2FF8CC225E69,93B696DEF548199330E04CD00364980154D5FDF8FE430D843D9952E5CEF9E28B88FC5E2C0600A14EAEB6ECE434DDBCF6723F90C6A2668C6561130E32F150B949,F1289379A6A61FC5E679C1C2D17D998C1EBBA1C31B32032A24F5429D23B76AD66C6179C5C567AE35863461B416A3F6267120407492A9EF86CBD87B52CF85B611,0E74C53E96CAB73E909E183AEAF45305B781E83749F672FA37FBA068B7C16C1C9950DBFAF7A1D57DECA47470DC48E8F55E6F6C1470AC34CBDB1FE402724B7F16,4D23AE6F542D0B49912F048EF2F4CC7B1D12DA0CEDAB70EDBF5D5307DE8731120318D60207C0AEF2FE11B467954F295C01AE085B348E8E20ED770BA260895475,C88C3702C57B3054D563537FC7FD315E26D741B47872EC7CB7F92CD625DA8D2C109896631CE90ABB5E9FFD32819505E9C07E82B86983FBADE67A6477DE0108B8,8A27BF3F78C3436E0044A17279317A9AD794AAA3125381F5DCDDF995620640E42A2F942442B6A3B5565FAEC14B68E57EE3F9E62CD96D80B27A9A331DB249BE1E,090686B2CCB154E7766349068F412071E82C7E4579A42A7053165F3FE3F7057BEA83841D73569FD20D573157E7535E4F94EBB4C2711AF7AA9A3034D3DFE0DA3F,2E57D586536F3056BAACBC1390AF2122EE60AD21D466C40EE0FB343C0420F84BD10F73856F94B07B40637D771CEBD1736683D7AE8D034044C4BD0AB9D69A3019,257936699246D3E7463A60F0DCB1D1EC2DD3348128F189860A32BCE0EFCC863F680C5EE825ACFA4C5A0CD52A66D9A23163BA17BC2F856FDC12EC2861A2517846,66F457B33BBD93B30F744FE18190723A5D6D3F954CDAF9228227D2092BEDD0BD35AFAFAF2F2EC7945EA9B408690AE07DCD4BC960DFF5893BF76FA1B2B8FFD357
1,Linkja Project,58CFD22C4C60C44B453A538BDEF792E6FF6BE5C7A2A9ECEE787DC3044DEB598311A8D618F1825E44C3A79A8DB74474CE0B0C37CB8A8195EDAF3BA2152892863F,,43CA0AA62D041363996E2566B70A3F6DC566FA9B6B7D4AF14ABD5DD8511F478527DBD4654444B598AC373BA787D49D5A75AE8C136C224823080AE141A4E7B48D,,7254EC1C048BA3A466CFB2CF011FA64A37B5E873DC98E6C93F984497BEA333E1458DB9A7768C7027D8F97ED9E325C6BABC4C3E09FD57AE69820DFFE8AED6550C,,71BDD8615CFC1510F8491788527282CD9DABCE6D720D5415F462645074838B5B394C18B624E01B4C355CE13EA1E8E349D36F78FFA550D28178F89EE7A148BED5,,43ED3627031BF272C55236610AE84737B828BCBC692E62697246B03F4A1214CCF442FAD924113D0FB65436C7A094EC827A87A2D9E8CF643D793DD092FC7AA556,,
1,Linkja Project,D9C2CFF0353D64F5FAE9CA3A96EDC16145D0AE055AA47E822FA805B3C99354714CFED1C8BFF73420A745BDC415CB69B6D63FA6036F530FD4CC237319A47ADAEC,,2FA31584420E135B8C35C76AE403D10CF9876BA1DBBFA067A30FB8B1D3376F69E5549E40F83F2945CCE460F3E6E053B655F500E81F098DCEC7FD87DB85082A04,,A8AEDEE02852EDAA751EEE286D285411348F7F11EBC4D1AFB9F78AF81542F442EC1B86384400A043F3A92201774B98B812ABE2FF5303FAFC95E2944D25A173B1,,1232643F9795FC20A2213E87128E672644E81B89EF29751B0A1DC167FCA06FF44A4B569154C96577E25BF87EEC95CC496A95A50C23E4949736A7734D70C74AFD,,5454AEE2A5F6E30BFB3A466331B6D24B5472FDA703762F258077DCAD7212E6F88298A03D2039F324B60FBFE69044187AE5023D8B07E6B5030A166A51BC839464,,
1,Linkja Project,E8D668ADA98BC31F300CBC9F06061C242851E8011A3752CD3624225522EEDCFE3904DFF87560393032FDB58B8E1DBD456C30289104A42551E5BB97F0692D6D31,,BA4FE6F3F8D00E3A0C257D65F2C3523A313E61D1E4978AA091286BA2C15D904C4A8B5ADEC7B1584E3332A922680B1629235D01585D7DF94118C3B025498A4216,,8456D9785121C3F68FD279EE71DB463A4F76C5856B3C321B6D04F931785F8BD95B528466FCE47FCA9A1AAB2776E6C38E43C0D857BE9ABE5C08AFCB004C52DD8C,,E989358A3340020EBC34DC9E5924107DF6623EE507B3840220178F2EAF71BF76B1B385615B7223A2D31C22E28396E6F93BD1058133B5DCF8EE838C5FC4CCACDC,,A653D430637026FFCC1FAAD2CDF985F320EA80371BE32A8C7FE18AF350608B4EB6CD275C21C2DF46179F98F92BDEB9D20E4C50BC00FA3F715F7956211F281994,,
1,Linkja Project,8F1C5211E58488E475E98EACAE879E4A379376A7060C14E5178ECBC59FB6108E76288BA0BD94216596E17BBFB6A36134DB98067268808F29D985A9E833F389AF,,40733AF1A094A437B7284A1B84C6D83D5BB08F03E54DE6D7DBFB2BE1C3D83DD7EACC1363444ED61B022C5E382DB6093683A089D3DC81931676E6F1E9C52DC092,,0E1B8D583647BDAE7513D236156F75CCC79B177CA4586A4AF5B8A2FA54BBE9F2A861A06415A90E3248E6417DE157E3E95FD1208A3813BF42D4275E126979B53B,,4D21FD6830E604910525CA0A612FB4527F5E27121DB6A35374C7120A9B15C3FFF8E2E2482D8E2BD93AEB6E4BEA65CDEDD508D5749A9165BBCF541FA89AB1BDED,,CCC7358AC97374ABC0F13848913AEC35A3A1E972E14C107C855E53E5EFDF13A506A4A1ACF4D358A6186642B1163B3E9523B29AC0F0850C5B63DF573956FFFA34,,
1,Linkja Project,57F2413FA22FAD6B273888D194BAC9297414837CB4BBF758F61AFF2F3604E1CE09CF26E0C12278455E9F7A5D5772C36701B964C40541D440715C47AB632057A2,,3E8376621E52B66F8455C5DB26A82B5830310D7413F4851E114D59933C6AEFFE7B255EDF5647182236B3FBA0C93106B66B3A8F53B666E8CA9F35DDBFA1AB3432,,408B3A3C1CE67ABD0AAE5D5A1476EA3DD00907D19B29A4B26403BD38B1131F1736AA6A6BBBB17ECCE7591C0EEFBB20591C319DFC9142D1F71C3074E79CE30533,,7B66A59FF77A93F76EFD02350D5AE741E83669FEC8459F487EA3DC7E3005F40B7313EB25A709CA8CB1899BCF162270366851E179419F2C2ACDD76654771ABC0F,,B1E378CC88E10516D1B991F64B92ED68A9925B6972A3F16D5F1EE64DC6266B31FEFA61C63B67A3EE3D26175AC8A7D221FB6BDB4FA1673FF53CFE293E3B393509,,
1,Linkja Project,F9225DE0BDE083E78B63618B55070257339376C23F487359F522D2E23C2AF8D53B8B96332B6A06C2C485F213BE62DE99B4ABF6BF7DE79D65024F740CA717E187,,C23E6DD449A1DB2BD53A45A0D4D9A286113DF3A724FDDD7684953237922E859BDC147F3E76F0649D20C3A21EAD2A9039AEE46C2F8BB729526A15EC6C843F77C2,,4E9F2B3F04872030C95696A351C952BEE4ECF3C6B437172EB53002FA9BFA4A613B91F2FA6F9EC4EB9C5ECF331F5D71A98E114A3CD081BA6E54FD4193F5AFAFB3,,A2499E38AA9A84E1EE25305561451A1FC918A1AF8B2743612D9223F183A7B2799D6103D95B89486016C1B3D4C013719B1DE0F73B13F81C68DE5760903FA25CAC,,1E202C61C88D5211946D8D041A7927D9214A4F321FC04A0E9E9F0746A3E9292D84D55864360E06369B82D613FB6A844D3565063A2ECC6F9333C5059D2336D6A8,,
1,Linkja Project,17D895BB3193D0E18FE93E64AACA1FA4F018709ED38084CD59E522F6C1FC2666A0216EEB4488FD83C168614EE48768AA47B09339E517346E7945CF689D7D57F0,,6C5DD3A583A5997E9A27A21882FAB32CE3EFC966A5C4C8FAD888101B53D26A4CCC2F42F0D2B8BB08799F7E9AED804E1CE51FE0D83A93A2338491CE2F76F52795,,9A0AFFA63243F798374775C2F39F73B936EE3B8443D06292CE0B30ABD8E0B21E03AC1739837CFA8375CF893CB2960101F54009B8FCDDE94AFD26A59764038250,,9E1FB2258B32D8712587645096DB3A517FCADF7B64E5F8A850967F47BEB5F602006118BA0849C78F6529B246ECA57618123F9A9A138437A5BD3EDE22B2824DFF,,040BD26FE6F38AC5F60F9E8CF0FB8169E1C760207E11F097B716F66E983D1F482A08652250E230D4236DC0FE6B7148C0375E2675E17E98031D54394ECE5E301F,,
1,Linkja Project,5E9399F9B1673EB9AF7FFB913828FE44754EABF47F2F3F1FFAB0BAD511FF18AA3C15B8AA394B8CD107EE217BB80E99525F5FA3CB4B955FBF12B71DA707FAD866,488BBFE094EBD6A49231AE04606F8B4D1725A3CD66658D326620DA58FD1E9A9814B0DF0EE0CDD10ED3F37037D10BC8C6BA9DA18FEE427E6FDACA2FED158C04B9,6E61FD81D1BDF7237276EC86374642A32C1FD24AADFC510562E6BE67A4C9D727643AC866E3FE76B2661AA67DCE877009A278DCD18EA2CCBC149171812782F5FB,3A2E2A57D1662496FABBB5D98EF4C4F4F43B7A1423E7DC4D8C065C442BE2D4459A861C1ED5777FDA02987B8681DD9B53A1A593717BDD398F4755EC8E3F89B1F1,8027E37C46A2F6B86B4FA20443970AE9C2AC2F3CDD8F8EFED335FC74482B10F550A7C5436730E38BB9C9D8990AC98E37E6F33088DA30F1AD668C5C536EFE3A3F,6D4C0205C34E23C78F806B21CE34B489024C07750525C0A8B0DC49EE32EB5AA7651B7741AEE49CAD769DE51C4A5DFFE380BD9E4958FC16C0F38C5DF73FDCA4EC,C17049C5EB15EC86CB5377FD2F5A1232E535EC5FC80DBE11DFD814ED2221E591977447EAB1FBB3A4714878B6CCCA2178C0B5EEAC100BF4AA88B07859CAEBF3A7,E6BF4AFE1B37187BDA717C5062E519D068E630FEA8D706A2732F24163AC71230BA43A100C29857128B3913373414243655766F925458B896F9F93D298BCCCA67,94EB42FBC53332DD1D2ADD6F4D4EE99BDD6C28164898A80697968237F16E6A4280008A01D744C5038E48CCC094AAFB9E0ED1E6E662ED52AAF075FDB026A9B155,DE5EAC015D97A2F9C0BF918063BE604B8282B0CB47E58CEE2B94CEE654A0A86CCE04E645C633D37CE22CE64EDD47BACF7D2B7274A65447CDE03BAD5E1535715F,344272B19BB70410349B93E868EDD4CA080E4F18569DD81DD96B425AF84DBD03AC698E53B754EE123F8E961DA789364642931E5954DDD54878D9CE3D94933BD5
1,Linkja Project,BFF88C9096450F0BAFA2FB60C4386E578E5E0B55510E3F1A7B3E7CCC18EF3A652221C281BBB0E378DA3100A0D852BD3D2D87CF7A4498A6BEC9DEDF77B2A061F0,,09CD542D4BFDC6E7E77A36A4A6E1573D8309BAAA1E94FF642ED2A814D191403457D76AAB36EAEF6CC3CE23AAE0B4AAAC370171D142D33070E85412EC41ED01AA,,60DE828BD9A11F9FEA163A38314C82C23FFB1288E26BF7706D5EB5E323DA401EA94316497F9A927E5A01130D523E0AD3A4272D8E379AA8B163D38A31AF408C15,,6DAFE23343FF200906C33506956C10954BEC03A22D762C801156BCC272C1EEF830DFCFE28CCC2D26BD0A4A4ECEA2FB23619C5F94949BEAC1946805E117E7BFAA,,AE15A1121E4BD6BEB91F24708AAF926870ACD4B662DF8FEA722778352F0F5A05A937C0EC287F182BB3D78A1677BB09E65B98A321058705E48EB6CB4B3B8B749C,,
1,Linkja Project,FF38E08C6EE7909BFDD0C4EB8764A10458A1A1B4EC6D15D69335E12596BE7114329F71E51DA5B800DAB12A133BB7137C841869268283B99B67170C0A79517736,,401235150412FC96D9647EA3AA1D2583E6C6A0982D8DDEED516730CA6DAE94F9E11D4510E2909246CED923D513E217322347780D6A95673C7459681FC5FE7BE3,,CBF533434A91FF98D93CF70B52861D86BB38945CC8B52EF0CC7F23B26F47361863133A1E1DD8735C4FEAF327E491D241B94482C7657BE0BD0294F28B2E67A183,,66384DA5E1266CFCFE71893592E3DB51939C7642F5962299EB4F98393C64369B5AEFFABE9FC46C86371BCD7663E8978F34C594BF1AA7664168D1F39F8CE21131,,BA9B4B8B2BE5FE40A63AC9D24A1056A5A89B35D08F95431893B31054AC116B3C36EDB683842B7677393E25BED0ED808CC86E00E5BF319E7A597DCED095C849CD,,
1,Linkja Project,2F5BA3C730F9515A2D462E1527B6B42C1106FB2CA2A84FFC1DCF44A3CC1CEB34BAA1632C0AF441F5DE1F06F7749FA814418F8FFEE39D20500B0C69734F668511,,904B587C4338A140D1A347C6F5892F413B5EF48BE16A8585A801BBBD9521F4BF7ADBD6063B4243D7EA68E98AF4E82F9498CC9FE71E23AB68500E6794999F8E8F,,EE13BFB4FF6AC2CD18FFE8DF957751996E459538AB8CAC2A417ED8B959DAF30FC3DB412579EB75C1DF00A2F7FCC03B7AACC1006CCD853BC6EFD199270854119D,,42D87F6D95F49042DFE156240A32E0488276DE391EBA4CBDF6CF333CFF7D843EB86262029DC0DFCED93BBB7EA0FBC2E20441B339CBB25803BC862FC3402D8EFB,,1091C324CE233D0459B1EEF35647F06352D3C90309E120A7D743356DAC64922D89F6EA2D1DB7E0897CF02DF5A5502C4CFEE613E686125F4A521C0E5B93088767,,
1,Linkja Project,992928F41554946D27574B718538F71D694E7B05B34DEE78C3B7F44E80EF041A26690B3C4C81ECFEC2C11FB20A55DF5B06708CB372D4B7B8305C6F956CA89DF9,,811298EEB81974541740757F3D56027FE42E187C5AB0D25C971A81C0A738555A11DF241C0E882D8B1BDC416C88FC5695FA4A11402876C8F18ABF1610EBA80318,,CDA26CE189872EE6EADCFB2BD6BA4FD7FBFE0434630AF344F416F67926B494D39C705A7EBD74225EF310CCEF170AA18B83B94BC395EBCAEFB7F58FD53F29B918,,F708CFF46CA9B51868482D8D099E86CF7205BE3A25E14A0DD32EC3C18DB32F27A9DF0C83D33848D1EA1BBF9788476D98B62AB2D5CAF2ED6ACD6DAE0C3C0A7390,,7E1742BCDDD07835D41F12DC7A3313E0ACADF992F8EEAC49B4CFBF5963B771C4F309014AA9A2A81BE23008E35F7000A799CBD9F05B8569F173BEBF2A97B8DBE8,,
1,Linkja Project,21D77D286293B0178DD1BA36C2807B0BEDFD7F6956E9EB24B8B5CCC21EBD272B48D4BFD2E0701F4F3B59FA4F63A2344D4EE90E0D3A7D83FC699967E677F44696,D2D9768217C013FA443023550056421774ABABB10D315832E064934BFB00C18DB0743AF8C7DC2F74704880117B3C9AA9331A1F421C968657F0BB35CA59CD004E,F25CA2770249D5ED8A428BF4B21176387D75FD8AB494FDA46CC311661B6B27109DE815CBB9C3C8E167C4B2AE1DC94363BD89BC64DB92DA446201FE70350345AB,8ACD3FB9239BE707C8AC92619FC3D23909F7560B5CA6E5EB628894CD671F0BDD1E092058DBD42550D3EF1FA818FD5A88B484B038D99CC0C5B3A8EFE353175754,E8E3F6ACE5EF5A539B5F5B690F707A6925C6D6AF8A14D898E3F7232DF48C3DC46CAA144CDE48C1E785F0321B8CE2462A58D62A0EB309AE622A85F71C96456745,BCAF42C384EB35423A62E71BE96700D38CECE289D958237FC5031E07FB242824690E420B7D6A88DE070246E17FC6208373B1A874985A278C3F1A3B42FAEAB187,ED294E6E43B75A15F8467A64233446C628BF1865691154A231936CA2B9844ADB7B9542DCE60894AD7B43CF52A6CBF6B6F6BBDAF4229EC2AF5A68F53E98B925ED,818B663964398C2948D807EEF9FB502881557DBB5FBBE1290D8EEDFC8824F6E722F424CDB702E1571612A6B310211DFEED095126433E5F67B6AFFE5B1DDE37ED,5806BA42EEEB53BE69062F36644ADF9198ECBE502C91CB4E3E7AFED7CC360FD7852787D20A6DDCF2E501D108D8A2AF2AA638C4ACECF81DA199FC23FF2F384E10,D7FCA82B7AFBC0321AC6224E7496A7B08616B7518B6CD228540978EFF7A7547BE9E87AABFE35C2B5CB985F76C295B37723FCA92305230A245FF8331D85470EDE,C5C7F3112FD6A89397C142FD389235A7C4F593643AF65ECF626C1B29FE31D4C43A60016FA4D3777891612D32928B90C2E4A86A4491E3F2B3CF471C1D5B5FF7AA
1,Linkja Project,7971A5358B21FC9610D161243A4D805F1FEAC857C298C065EBD6CEF37CB157C9EBE5D915A15F3596680B97D37CD707BFD925708A905A26697FCC572656E20424,,473C7F5E02773A90F7C80BCB95ECBDF35DD7F9170D00AD13205998FBD63485BAE54000EA39117500529319F8624DEEF0328B52B3FAB1E2FB472473AD9A20CF8C,,87F2A49909C1AF46C442EF372150EBAD22E5062F31A2E54D169BEC3FA75C44AB36700A55BDCD68B10CF42C258721DFF037F4BF80CC8A41529A3B1A6492B68C8A,,E846479975A425734D2D1FED510021164C90C7CE2E9863B85DFB541FD0C755B5981FAA9733C6E2B0040400E5988F35B52A500269AC5BF66604B31999D48D7B3A,,524774D84D55F7766661002AA57B66745192C1D79842A584C2643E9603B7D0751711F2137CCE235DFAE26EC5A8563DDBA1520683C59D70994D2ADCD50C9D34BF,,
1,Linkja Project,336420362553180D910AD56734E1C65E9EBFEC264934C73F0122EE0CA24EB9E239C4FC4110A330346A7B44ECE120484EE8D49DF520144BDBF899BE8DEAF6C6D3,,FC0E0CD4CCD1F831D6DC610CA557ECD49233D9314C6AEB453C9C920F9053554DA5BCF68733EA14B23C5D39DAE9FA02BB0E9D7D3C4C91145A6A3F14C4109E3057,,19851CB2DCA671D9C70B237FF5A21E6BC4B126BC753D07AE927FE5AED52F79A73944CE12994768F0DDCBDD18625835DA7D9550D280BC3C4EDB0273259EADD59F,,8B7E6FA93C2D6CD779D3FB08B3B148F2FDF8BF8CA08B8E796C7C0181970818ED154F047CAC7BF9CCC1D63C56153C0D133C0B713BAD4C701415D74777C47866E7,,C31E78B504644F362A89CD32336788169826DA971F9106094CB4F6E1D9110472015D1CEA12ACAF0BD3DA5400278CED58B01F045FAFE4833FDF0E63D216445042,,
1,Linkja Project,6F1AFC62C84CDDECC9BC6D0FBFC00C4B2334D70E30677D4F6C7B8A8D317AD21A6942D359C7E528D9F8E0BF9A250232935CD340C887F3B8D4D51415419A82364E,,6FD01320AC3E75B767CA182EF12BEA0BFE00E3E2551F30322299C472D5DFB8AF8ACF8063150F0B41FE35557ED5FDB587B1E64E2604443ECD5297023CCB065670,,00A0FF95BBAA81CB10B061FB42DBD8BA3CE11CFF19C3E91E8B55930E750356558DA34C3D8789B9205BFEEABCD748D459C572E754546CA6E08CD2BCDC2EF93C28,,CECE3DE4C7C7B0520DC00413FE38F2A3877A0BF4CEC5CDBD683895091DA50B18CEDCE0D38869D9EB2E3DEE2AB9EFF02729D154A8161CE27BDCD5F0F3DD7581AA,,E8A3747D8835B62456D9C847BB2B6550A1CE6F9AC88C781AD63C149185624DA3B24BA589469E3E4FA24EF65050E31DD5EA32448B05ADF0189407E790F55C6631,,
1,Linkja Project,CFA8A018950930BCD3B3BC786EFC08EE1D513E051E27815D3FFDF74911B373276D5D33379D8C030D267639D2DF41851124F9EDAE639A9D771B1963090BC7D355,,9F34E55B3A29D6FF29D81BC2E0890554599934467C18A99EF32D39C6EB88FAA094CF83CB0ED1B1E2D056578022992B8D9A59E0CBFC90B4379FD0C8B182E488C5,,AD1CCC2DC4EFF7879F2226AB446EF771EB308DA5DECF76B8C40D278EBC4190F72182B63D64B40BDE6328BE21879851D489298F60243E3711685CAF6D50C8AD38,,576AB70E29FC248141E83EC0B63A56267A0440A648F3DA1BE92F698858AF3F4973524A066A5720E4D55A0E8BA46FAE8604C50F1F8F0E528F3AF30B4075382F34,,0B39FFA538AA256046C3B0F08673C2BEF4447898568D7750F5E771F421E4829412CB2161F68A8C007755CDB6D373CB3EC1FC54DB8CD579252DA17868708031C2,,
1,Linkja Project,FC4749923F2E9EB07F55216480D2670039CEDFB01A7BCE54CBC6B79ED1BFC35E2A7977104FB3C79B818827138CB7703910570B45BE0AB9AC801022C9F33FD2E5,,8E589A389A09C079643903452DC2D2F5E73437812CDF654A7F210334AB705D956C63DBC094C6D70C88A9AB612637769AC1EA8E2ED82FD465007E6AD65964B1EA,,317C5EA5DE2F93038218505059A2C02B1F4AD05A4DCF4A860EBBE8ABEFBCAD776581BFCDDE3E2B75D0067A3910068769449332D0F20FCAD1AC22FDF0A8A66325,,834F241DAAB7F18EEDD65DE125DD10F5A96BDE55DB68CFE21775B13B4B8406B34FB75DB0279AAB2F0B037879A3AFA4FF20C0A12FD1093BB37D9B58E339D49C6B,,D323412C7D7260EE31FB0BA0A96D5075823FBBD87FC0C2EBD602CFCB4F74E390B18E9AB8E3F85C9DCAC7F4EFFD0D70D5ECD957D3442E4A015CFF477E678A2368,,
1,Linkja Project,992917B61771FE5BE0EFBBB39B82F8EC01C3F6A50758CEA44DC851A1CF122EE27B8E83CFAFA87C80DAEF8DEBE00C90C74D1AFF23EE00D108422CB3B4D1D9F6FC,3826BB60A35BF462B15775AB213D7078C8B3C5B7BB4D35F227B19ED5C27446D88108FF9987D1FA3EF5C9F09A278AE4D65C90700C9944FD7BCCBA4CD9C8B9B80B,36ACD3061D74D7AF8D5EEF882C3626ACFD5A26CCB967BC4421DC2535E9805D917F64B671FDEA189E805C769F341BA0FF6A24233F4E1DEE835FAA0EB8904C0555,B33080D1783EE09BC156FFF22EA5390EE8EEE64D96023C558253C9865986F63ED5140A2F9652C5C0D4DE65163A75140796CB74DA45FCC401594656362CE28501,FA337887504FE05DB8845C171B5C762CD6CD2C5E473D40B8A8F1C10DB209B2D40222880C1B538A70932A0F440E37FF7AE9944C0F450AF4D77A016BF0B00BFDB4,B2D150B4AB752BED1C3A7D84B3627FBD4C440A7C616BF7B2C74B533A4D6B6971FBDB193B8DAF7D55F214E3D668AAD820697EFC0734BA710B3F42331951721636,9A7AC318023A1206BE8981C6310A77B6B0B200175F21039B240DCA1FB1E434BA102CD01507D0501243E4E795810FA398521ADB989192E0D875CEA74F4AE29DC9,1E8F85F93F60AD1EBFB838B2787D172BB509E1E240F16AE531BD7736ABB4552A9CFEF434A87905E359812F3758C9657DEDA9461B49D6E6762E852E7C6011F4C9,FF068F778BC6C690F1708AD0C6A3B4CD68E4FD4C20F5D4041D47BCED8FEFDF8DF8B135936DE8EB0DD2472B79D4D319CB66DD659411CF0ACBA1731A87F86ED11B,B15430A45E00FB20B295506E36344E5F08F7642AD587249EB0532F299B28C039D1AE55934F43C17B87A376A3545A1D4692F4EA05653618AEF038D1718BA329D4,5F0F1C98F36BB8CC4D3860EFEF6C028700F6ABD6861B3FF0B545E441AE3DC3956F4CA84A36F4889332F7DF0C8DC6EFA488D8BF250F6D48793D0FB5B6E5B8FA42
1,Linkja Project,3BBE1596348C5089E01D357D37EE560934EF35CAF8207195B30F8F68993FB1869AC1AF96A173E4C454F462466EB86FCECC6BA5726E57AA9E3F00ECCECCD62EFA,,A132C9204B6C0A62A84C9AD37886F145CEC2D5DF25C7BD00DB7FA246F9E7DBB62D51089CD01444F2C14E8DDD441E345E45A18BAD6F4F66AFE00CD659DD7C57C7,,B5031942018160712666C4C8BA8D24AD9360DC789F9ED5FC2491D8936B376E5C603C3AE1A3C41FDD2DA95E4B454A7D78F95B9885509D46CE600C14AF0B3C2F04,,BDFDA521EAD172CDD94A025780354B71674B1F4380261B76E58B7EE7B55DD3600BBAC56D9C7B36E32F7E98AB192DA09393BF778772ADDE8C69752C8C83D2A767,,2EA457AF9C7CBEBBB078A2E2F323C0AB3AF341CD478ECF59EE8BA2A7C598A00AAC78C15936D21E9DDE83018A4C12B1484CDD9A73936ABB66CD4A3C051768ACB6,,
1,Linkja Project,FA80821411B67C30400FAC5598F2F9E529CB7312BA5664D05B78E4040582A8663C7DE55D809D8480FE1C382606DAB0AE9C745D449B98AEE52384919C181609F1,,7AD8C79F824D68C7AB061236B3AB3F634AB0D9D9B4F6BC28D4D8353E53B871B522E00D8B1912EF71EEF1661A6561C2D2AAE4F4548999BC6E5F221F92D4F4D2B1,,95F450B52A067C9C899CBC5BF8740A739A4196223D16E412346BDF2787DFB06EA08B290820B46E2E7B1C4AC9543AF0DAC9ADADDBB2758643959FFA71ED475A5F,,75A5C6D2B32C711492019C3F2708B9EA248B97FCD57A00630F88B6F22872D4F387BA4FF6222E3176A8BE3D5E7F8C385F722E26922A45114A8189CFA46A4A4C30,,5C1CF78D29CB6A2D0F7B396A97A2E9AE7AEDAA93B77C45FE931A792C7D02428890647F560C21A25EA8CAB906969BAB84F6A75A2BD2897E344DDA1C31C5FB5455,,
1,Linkja Project,EFC2240EA05E95094948035EB60F42EFEF078513BCB76F52C361692950415B7534857377E93E037B5123A20CFD8BD1000431931FE5B90611AAFE2C93E5D01B56,,EDF0617E19323E2C8E491E277E6436CE2B95FA1991F420C88424704E69D3C7D71948A6711CC0B0AEEF6331589E7B10CFF401055B437BB8F723D33613F82D50F5,,AE454544C15AEB6E097193422010C35C7B889B3D21A97BF60526B82C6C7F1E1A96133AEAFC31C5E528AC0E9F2E245D0E670214819082BFC99AB71CAD035A5CBA,,AE42A97ECC2937AA7659872A7E7208A8110EA8C0325916930A4A73707C1585473F4DFA60549293FA9F763ED977C78546305D88ACDD1E44788DB4C782F11E81D5,,FCC0E8B8D2B710B8375BB61B8CC7BA532E533D791CCF79FE7B993B659C1A84A0A3E4B2D1D0B4D20135504B4F02F644DE540954D82CA689B0C1599EF967556BDD,,
1,Linkja Project,13A755BFEC7C43C1DECD4C1225DAE08D2EAC151745A6DFECBB1DC14AE683239D931A40666B0954BF7722B9B36FCC098C416F16C58D63CA8ACFEF0636073DB232,,3100B6FCEC89EC714DC8B6E3F9DC3B58BD1DD710C03650353C3A5449DA085FA176885F7AA60CA351FA1C48F61F555096D513A54F1F04EEA3116647E6E6EE00EA,,1B99522DAE51B33E8692006E821C47B980E6960FA6C4EC68AB7721077A94B7480AD80777CFBD52161A93C332B8169C41848909E76F8A8350DDC6F472E344B70E,,8E56DA9F8B9DAB7143B7D2FEED3FA78E4588DC3F99B8094DC07DFC7AD2DB906CDDCC56E2B85ECD4ACFE6A83E3F26A1C684CF6FAA3233989C326ADCBAE4BB93B8,,13E84817513132AC48E7F78C7DEA12AAAF8933E4F4018FB3CDF1B0BA4229B3E2A63D350C0069244E1BF0B8BF501F1B1A91B5637B749973C29261F35F047069D0,,
1,Linkja Project,88FB30C585FA7CB7FEA6A7A1D0E6AB3199F2570F4DE4CA8360F87538459C17A1B8111D218652042B62CF4DA3A00CA4C613A2737A51F5D43D60BBF8476DBDC134,5E0F2E4529EF1AF4E10BACD867DE04D68A27384039779CD25C9A940CC963D4BD4C9189AF84E37687936F454FCDE91BFA1C24E7DDBA0A978B549B7B8E7C05A484,8D401872D75F525157A77B3CD0AD3348F0D39AEE47D6B14EA8710D7AFDA55FA4729F6550AC56FBA5D970E9D87A9F8E59B8C1152EE2773F8E5ED9956C040A9061,F52707EE0B7A1AD656988CA5FE78102E8146EF84B9AB2D19192062BC63528768C7B2403F7B26DBBBCFDC21B9544D148FC43ABB1B2BE9FA6CA51CB0E3FA86E8F1,3AEC5BD811DCBB322D390F90E90991EB628F4F92217A16B4D165955C356721E8E56D9CBAA996E74C41586181FD6DE5C9B0CE5FE41A309EB05AC801D97E7E118C,F056EEF022145E84ACED1DC255FC03172C863C171793E5886611273557F84D47F356468106A8B2DA1A6A076F1AB56FA05F1E63B817D99441C689D236453C6BA7,0EA1F7CD1851D2EEC0886C1DD25F4520164EAACC7B8FCB3E277F52BAEAA962891F602F63B2BFF635DAF874F344DC82EC55749B7EDC4DD624AEF87901DDD1F05F,AD4D0AE0A027CCBBA7B1D5A004893AA1D99634970D3483C6F267BAC0E4B6C062641C6AE5B4F87F02D5089B7104E56AECD2F3AE53379CA763EF9BEF53570F54AF,9B19F76F504AB6B6BD5D724FEAC0444FD245C435277747710C139C405370EC44739D109289803E1B250EAE37DFFC41E0509897EA2E338CE99389AAF3F225D383,F74F61A2A4D77855A0887CE47BFA62CFF8F1DD191225BAF7E215FA4F4F0CE5D888DC396B19FC7E9E3F22BF529743697D91E363E83AD649096507ADA8610CCDE5,0226F96D2BBC483466451C921F76B085033740651CACD70B34D3DAAB306E69CCC8D72FCE3B7AE5D2E62684497575BFB006FB7EDEF450A63EFC14DDDB2EF570EB
1,Linkja Project,B676635128EF407D240BEB7297CDD4F29FB45D3CD33E7D50CD5679A9A6C67C044EE58660CFE989471BDB883F0AA3D6BC70098DE48C4A52F28536DD51DD4C0C58,,8189CA6AA3177EDC3E04BA8922CC866758000E0F66698354800358820D821F2645D497C05D6ADE9698961061AAEBDACEED7692E48410874EAD4DEC7C0D15842B,,8607E658FE1D3E923A3562F09A2DA89F92A0C2564AFFAF021D04FED37F164A2F9237D192AF0D4350F2C5557FF866CCC1DD07CFF9C2B71D38D8C7D5DA3E3019F0,,02035BAE4530C8E7D5836CD9EC5C3A2973A688CC5339820D062D2A4D30089B4027360919581C2C8ED518F5FBBD3C2F20CEA6448C78E83EC58492BA107E5F05A0,,4BD97A445CC847FF7C3723BEC23165C550DAE01E803526227A17366ABB2FCAABDC19A31AA169BF0DCB0EDD75A76095219C24743DE81953BACAC35BF25ABDDA79,,
1,Linkja Project,EEEAD09D2157B3B4C7ADF2BD3CCF34736FFB70FABB836D8BD125823B3BD0C8536B8E759DEF92F1E6769631AD09C9CD7FDB8CF3A57DF0B953B98E41DD64AF1ED4,89ECBD7EF7F722C6390EDF4DFB764236DD58F8F46C5F98065D58CCE95C2D0A52FA8EAA98F48EF8E461B4138AA2BB6F3D071F9855CFA20234478FC966C521FB69,F34E5F4EFFA3B4B5278E50273EF36931AEA7F70191FB887BB91CE241310817E7AEC8F3E5D618E77C9D53C3B05F0C2384EBD808711AB1D31B971532220EAC820B,D7D1D5D361332A58B545688369EC0A8B262E9610B7A232FA9060012CD575A4C508249E12D72EE0DB2CAFDD00857999601497E9EAD893416D7308ADBD1C2B940B,DFB7B5F9750881AC7CF2FF39064CD2DEE1ABE20EF6247595164476131D67DAB30E5EBE1504E4223B343318DCBF8172DF3352D106C72241F1897ADCED0587F7CB,5139869F11A27CAB462F39258D796D9A94984C4FCE2CF9615D9E4BC1377F736FBF677048B8EA180B4BCE091D95E4A4532765B6AC7916535E1349BBF9DA2F464E,C131E8694D0C72C98BC506A8B371811447EC4D2A5636DE34041D025BBF8D71AE889A6E5C6AB91AEECD37D24096E0896F14A9D4B33909DCBB020821DBECF5A644,5C93CD3325416B41F998EA9DE671ABDE6D5D70B2913C32D9E860A3A4781CA141CF7C6F4733A1EBCDEE29E04CBC753BECE1190DF82709B17565B49B8379ED0BBB,4364161414C048AB133EE4B005506E2BD422FDFE9D4DB7D78894B0AF354EA04547D61E46C73A5D67288F889F9C07998390E2BFA00BDC1E6952C98992511CBCEF,3A2BDAE3D465D40596CD1B3F2870FD99A4A052C91D4DF156906C1A27AE6D734A094F5572E8529C2C36053D8F3CDAC519D02124B7A03E677A411E0107772E15EA,4DD88886FD1B86A6683E52F1F386B2A5D1EF01D616288DF0A6CC43A1A7D3C0C0159998866D8E1D8995AB0249ADB4B44953BE379F8991265648E42C4A1D850284
1,Linkja Project,E63E01A5A2FF5ED95EF22C4B0111E2B3FCBD762D0FE1DF18251092A161E67A28CD1265F6086680ABCAE7F5FB40787BFE88A7D8E4428C5A1CA886CE351373B1F2,,0C68495DD2BE32097BDFB1F49BB00BA44F3A8D53B259CA6A2FFC5E18D8A6EFD6EC681A2FE159D734B5910D5EDF9A1063AAED7FB55F623C52CCD3AFC8E632403A,,7DF87DD1CF9612ACAAAAA38D8C5B0FA65426484A4C8A5F7BFE446067C013FFF58BB3AD3351F5A42D1D14722E3D87CACFF5B14C180E8FEE5B57C92A532B801D38,,5AAB1E5E8EDC31AF8E2A3B16ABAF9C383401D5EB006995C4A8699AF6DBF5136D33AA8F3CCA3C95C385F1B31E99687FB8C67B68EC70D51862B1E3DF4C31D1390D,,5B3872BAA0E787B5786EE92B515902BFB8C2CD6697575E355BAFF770D477BA65B7D59022B45BC22DE93B408C7532428864BD509E386893C6FD832ADB0DA5AE27,,
1,Linkja Project,234121003633C360A010B431F43E60FAADC1CA689750D722497B77A2F368F8797FD75A490C5D3E61FD6E03ECBD423B8AF41A994F7B180AD1CDEA3459668B12FE,E689D81532EE69F57E5E696DDF46BF09C73F7BB1E8F1248776236D1A975C181AACEACB65BEADBD36887F79C0A63EF24195CC0A9D2AF04C79CE56841B04D0151B,E45A0E73562763E85C309BCAD1F4C731F27C226B559A9E238EACB3A3020F31A911A93228B5FE889ACC4E624546ACA278AD8499ED8C1FF5CCD3096FB9286CE69A,8645A600DADDF9DA9C9C1C306A559FAC0842CAD3EE30E1D8436A28730B5F53720947C887349782D23407192B2E0441AF80E68F6CCC17C4B6071216A76706F725,52B1AB7D194FE7DE510ECA3CD08147DA05430183310F337DBEC6352EAEEF08BBE1B98AC19BEF718F5F01BF183018B4FF2F9BAAD296EA8FA6404D08A7424B51E5,450495C0280E06C97EBDA66BBF1F0DCCD7E370E7D24C32083967B92F9AE897D4E21C2359C3316B711F76C98A2FAC6700403158F0454732A1A68D2047F42EC1EF,0ABF15F6FD418377ED0B61F2D62E2BA11114FF89183B1A322AA0A10FA871FB10FF5B70B684D2C875591A0D6B2250D3D877F7F22345FADDC12C5EB407DB4A29DF,F21221DD2AC118AD77368213E1D9FDD680F21B61940F5984C89469FE01175A11709845A073B9329C8EDB6765AE0B778E67BE4FF6BA2C582E4900301A768839DF,0264108D01063DA7CE94FEB0D5CE2274CD94C6AB8017F4781F120EEF9053B18FAE4187824DC316B9638287FD76BF518014D24A6C2625FA72C0D400571F5C4C40,8C446ECF256C7A3691D3B04775A810BC2D79BC391E6CC73CF0C1E3B6A86803AB00992EB67ADDC823CA145895F34E7E6A5CD3A34B4D31B4555954720342EC2E6C,BD710EA72C1191974BEDF8E379B9FFFB8547BB6F1769C151CEC2517201C3DA5037B905BCBA13AE94D46606A4CE93F659DACA5AFE6AF19D91858FBE841A98DD83
1,Linkja Project,B82E5518E1C353C05A041EDE77ABC39224F86DD5E6D199C07890576C1A816627E67A59FFCDFBCDBF9CE54BF7A33093332CCD2212AF8DAF2CB2BE94E398772AA5,,FEB16632DEC8608B48543CA80E30A1D90189426BBC103357E1A01DABA1CA688FC63BBAC80A68265BBDF4CD6293E2A08CB547B09D13DB5ED12384706ADEAE5E91,,31486C3511F2B8CE7A464916DBC40EEF97213A04E3FD5B238AB596A83378485E7286597690D6B1E9E1A7F6F8546850C90F29A6BCAF769F09DD1F1E53ADF649FD,,8D6B9797026F5830E1E69EE72DC9B1599FBC46D953E6823BDBAC2740EB230AC389202E3712234EA33C1CABE51422AF2147D76321B5D14ACA2CB440CC05A57179,,3E2532C25B3601C92F366CDE49FF7713333105DFB2C542575EAAEC0090ED8AA8906313B023F683A812C26CABB9979C4A56F296758E5305A688253583039086B7,,
1,Linkja Project,CC8DC64D9724A9F54545352C4A6DA11773B19248F3457DC53D787149AA5B2E63F71FA9568002356F74BA51C87C2344F48084D636CF2B87A506446D23FA9F2641,DC41E32C285B236764A70949295FE0D23CB294EE45E8BAD4FFC0DD8A1ABDED72E21D6D2F181C0DBB3851FCB5BAF7593E4425EBE10D0C31D5C18A1AA583E6B595,E715BC1280C54417A5C540730842105EEB4542A4C0B0148F65C6CAF3EB5CB426CC4E7F957F0FF55BDE173E75E9288843DEA4C5138296067BE26F4FDEEC393DDE,AF466A9F94B6472B43629C06F0A04C767E2891A376107D7A5F23172AEF1642F8D3AC1E53245580F9CA696FBE01E8839762464EE7EA870851FB47D1DDF06883B2,784BBCCFE05471DDBC6C17BBAFCE4A1FB03E9B79D7DAB3FEFBC2FB3AD5B13CBF35679D22ECCF497133F66F59F9EF8773C615F174802BC2932F9F837CB4C7C5FA,F8F948AA82EEFC269319C40F17629219190431EC978A7897DDCA906839B8001076E604CDA6066CD5C25A46BDD5FB5CD294FA712C3D8CE84F788DFE2F114ECB16,276E8C7479411FA8B9A92A270A89E70A5AFD2D8A98C43B2B485681148C10219D91BE87382F2C0AC043683F7ADEF2309E2B91309EFF7DB361E5D48C197E6005D1,A7CC45FADC28C074FADCC88AD67AC91902D4C84D04088A59E228C5EE7509AFAA116DE49CD8F78FDCC9A8D3435F31BB8388F47DCB079C75400D017B2A9C0059D3,511CC685ADC600C0AACD56F35C65F35DACA019925667BD8518849C03993DE52930BC3350D6A65B68B1DE00D048678C24A557DEEF796A8E928D0348427C23A8FE,240CCC29A3FB100C9D2DC586456470DA61349E13BD1F7E24014DBE3AD19F20E3694106CF551D567B6631C560CF6C2104ED9997C96AC78348E5EA388161FA7CA2,F1C4FB748CB261121DE9C5FFEA3A8211AAEC21DF48FD4509FECAE562BDC1F7D99B1F76B6879DFD50A4369BC7F4F5334CC5519B2C685C866F0BB8B4882815E5CB
1,Linkja Project,917F215437999F35FB4113ABD5DAA906FC4C8E318527EE8A2B3930028E5F52CE040993F25504D96C5538CAF67214FDF7B7E09337BFD88ABFE40B83B5D58DAFEA,,AC6F505D73333A517D9C5A7FBBE455D9370C6A0C5FFB767E2722FE728E0AA2588F445A092C0C0EB835EE60AB113F1C6E0E852D0E3669E5F9F4C6A5299AD6FB84,,F70B86B585AD4001829C09D489FB8F8030A17B18BB09452C92F7663A5C980D6D79F28C120E76E62D54ECB5F540E7AF3B211AE7F559CAC106C309AB746EA8A5FE,,BF8B5FEFEBAAD0EAF16572C453FB29150917B4FE23004122ECA8E56B937AD368F884AB899A59ADD123132FA498E2F8DE1334FB433D7BFE97D69F066DD2D5CF4B,,4BACCD5408D2455B10F8D63793152AD8004976331ED2E9ECBEBDFF6F676E122AF198BEBCBC09DB07CC2114E77555904B20204B683497EF4EBC84382569961C95,,
1,Linkja Project,2D3EE9964F8CE341FAC8B2C256498D9E28336D738D0FF22DD67841CAB8B781BA61FA2D1AFC79B29D0F32C8F3E84C4D8CC63F18AE98FEECFF477D877946324DA5,,439BB972C095622F5790265D67A7AF9E29DB2C241ADD812445A5257594DC72896D34D855F9AE779B748F4BC575AF5566372405EE3EC3A4B3A995FAD3536B703C,,5105C1A732198601CE7753D6F5C08CA818E8E6981DDE464AA23122F99922BAAF37AF8FE9E8B03FFF00D59086E35BF0948162C1146B90FE2BBAF965A3D4F980F5,,7E1BCB34CBAFBC4F01E6A93BCB0570BC280A1ED0078958EDB341D4B0AAA58EE2F0D52E332459D0EC30352D4269D7082DE78194C5756301A4F62AD2CDEE1E04DD,,CA4FF43C2C16197AD582DF72AFDCB00885C19675E73F79A4C6CF67A52A265C1CBB32EAD0C08DA5476CA3C39F55E392BE4D6FF9076059A9013421D24E9B56441D,,
1,Linkja Project,B606D6E3CBD4D3EC64AD309C183831FB2527325ED7E5565C633E526F84ADA368E9E6D0D7E7587D228718200B3A2BA73859F27BB8405A9363FBC99A3CDAC1FDBF,,2B48FFD17F21146E14989EC2E8E925773F47107766F1326993C8B5B9F71BFAEDCE8869148C9964989E0401A4E633FD9CEDF0840B54DDA222462E7E8D2ADB8A9A,,1BA40BF0D4F9B4546A39523BB4A39E3AF6A917AB2B53CB3ABA11B392A90B7F223F946F81CFCA261A956498753C1D955ADFCB186D18ADFD125BEA36B9E3846583,,D410BD58123BB1026ED9C3FDB7893F2883136E552B753D434FAE677D05CF0FB451323EEC65AA82E59F31F7E69E83D53EA7612221E919D682683D4F286DC75593,,76A25CE8D9A67B4F2D2832F7DA8ED9829DC62D9C5432949364988B71764F5A85E8A4AEA72E835519ACE78344761E2AFF3857B957AEEF3F31CFCEE18A86B282A9,,
1,Linkja Project,9DEA4451571CCD7D21B650B573AD21C6430BFC23E83926582A7C704C38ADFBCB7834D7A6CD86981970357FC23906534929C5E90514FB94FA8DFFC0FEF61B751F,,880E694BECB59B76E73D669ED4D55F32914695E470AAF748AB3F16E7D586EFCD19BC22DA5478DB7A86E8572FBE945FD36FACF605F89FABBFC914E1ECD07159DC,,933AAEA80870A20725BE4F6A3F201AF817DF064A4874A8A13D1866FFEF4B193FC1AB29D79CB0E0DEAA044E4EF625AAF9050CF22AD1F0FB51ACC83747E51A971A,,DFAD5113A085C72214D64440F1CF3375940FAA9D7333F8A10B6044BABF5AFDA49C61B8697E9DD545F81D1562BFDB3F81438B6220939D35CCC098B193C296B27D,,4C0F17E14BEA9DC38CED0061518168006DCA69C7333AAE4796CD0D657D343E6F49226E5B1157CD91016D9A1FDE34DC0AC23DD391EAE34FAC1F7BB5D0358BD74B,,
1,Linkja Project,DF272FC93C13B66F32AE83025C0BDE5B175642DF4FB2A573801A6E6D9C4EAF6C50D3A77D4C6F907B54C70094CF95391E49E8FFEDF76B8889B30F78D722C231F7,,2D4494103D984EFCB05DB6B27701D4A5A673277EDFC9373C3DD2BDF51938CD9773186B7B7EAC860573DA91105E57FFEFB4EF2D913BCA970EE8A41C32FCACB658,,971B02D57C2F57E9BB3B486F1CA09FA586E69A9C22BF3D600497BD75F6686AC2AAE8592099443BFDCBA776829BF71A62623736C316B2996DCBE28606F26625FF,,AA2DD4B4143AD531F1CBDA77A35548867BEE0D93E4C6C3778F5E214EA101BBEF9A393666B335AEC969BED4F9905755FF967F802F95B1B7F098294D7EAF8D9440,,A8F1B739A53BC367CA34C564F79ADBA50133FB6FA1CEB2451040A9765DF52C82FDA93254A727DC37ED1997DE1F93124A38B4F8FC422AE46BC692023DC740B694,,
1,Linkja Project,69DF8415C560F32D2B50DCBB06C47A7020C9299C0DFB96B508C0065D4C7F1C0869CA78E49E6B8CF6641AF87DF43727BD4825B718E4248D934770F2E7CF178215,,1DC95D14B623D70C379F0840AFA2A77BA107C604351F0BEE6257A1CC11100381D444DBDF7F8EC14958D58FDE7AB4F80904F8713FAC8681C4724DEF4577BABB1B,,B94632467778F38823C8FD525F44CBFD02D8FD20C67ED9784086803AF637E43C03941C1966328F95C36DE63CC8CA84721306032B304E073BA0D433F1EBE92A4F,,B397514FADCCD260115733D4140C08B97A50A0748B0365D5196FAE50F8A662389BA9518AF0742006839912B0FFF3A385E4C3A126945374C03F8F3DF013BA7CED,,D61695931940EDC955DD325846B37894EC6912895A7CCF0481563D91CB1132A7898E8A7EC70A709C74EA84FA8BF557FAD24992987011A8828E44BAE34A18F7BF,,
1,Linkja Project,7F68EDE21DEE226212968AE9D1CB762FD8814070487BBACA0D8A26376C7E3E6151879CCC36D6A268608A41B32723B8730D623A50DAB989ED54A2021E6241A70E,,2EDEC5D2FC8C0344CFEB375C606E89A12228964EC40C76A11CAABD4934D47DCB6D68AA65BCDA47B808E364CAEB46B1C9152AB20417E1151D33940F7F9384A32F,,6939244E814C3453934717C030AC4FA819D6B6DDCE4C690F50046AB46149F77174789CB33F1D6528C1BCF35B719A5036F79E97D92DF658BED89007657594E07E,,F112A522BD017C5EA4069A8A69496CD26DF0E5A54F27E538A13100D1C2A9A28ED7FD94D6437A62F5D7FCB335A2EAB20F283AB4D13C884094759EF9F16F2B5EF1,,79FA5D22894AD3F02AB138846EC764A08537820557D2015756805ECC5B9A23C5D946BC4372AF42E66B54AF020B77FD9B8D379081250BDE31D910454420AB5CB6,,
1,Linkja Project,4A395AE51C7211D7F1DE3DAED0DBC06D15476CB5669429DF52E68EF52972288DD3E568A203DF4CB452876C8EE3B2D6A6793E50453EA9D38686978D763F981E3E,,B4677019132D0CC5FAAF0FC77FB65BC5FDCD211A0D5B9138BDCA270EFFA96753F7AAA9E4E64BC7BF5D83D341822347A1E031B61D48BDECA62BADAE363BAB4BA0,,14E814EE7A868E279F61E308F8E0C87DAD833A99A9CD4EBCF2A6020F3BDEAEA3903206A38C00CF6C6C240FD689C33960605C3ED2B500C2596073BDB7D9517913,,C4FF94DCB24080B4498EF95BD20ABE136A23AE97DD3B81E72A89813FD3D90943CB2C769166AA684B40DC9E3EB0E90D79BE3757D5209BD87D96CAB0DEEF91CDA6,,818A55133814693FEAB37D5A212E241095AEE0112EEE7AE7B9D2DEFE9816CFFB5188BFC984887C484565883C0EBF36F42D28EBBB5ED2AFCA796C98C80639ABBE,,
1,Linkja Project,33748CEDCDCC2782A2FD7CCD9380B9C99F25E8ADB6835E84A400E73CD18270878F3C0EEAEA79197D26CF09650A76C969601E944558406604D7BE5129805FADF9,,E099481A6D49E9D0711EAE17514A12125D831A7A94BDA73C472DC01C9210CFAB5F1565D05954A510D19C743DEB8388B77F2372D902468378DA6E440356FF863B,,3D7F7F8A82068FC7C7ECF14EC2479AD94807948A36B35838D51A02637D59FE31FF9D52E2CA31C7AE4077B7FA1A5294607217684A8A09837E95CBDAB5E84429CA,,BD33C45D732B2C1B7B76933D4B460074FE8325C2C80CD2F3D7EA22733968FA13E36AB062B9A6125CCAA1E8BBD9651B8A08F3C2E8883C331941B4835742292811,,0AFA0E915A13A51E1517BB5EB9258044FDF0F5C91EB16831F02D6A62AC84CF5EC0B2B723E18A271962A76581044D488D29DD276F2DCBCABE85092486FD95AD53,,
1,Linkja Project,9596EF932E6CED77C524EE429543D0FF0BAE5F5F360C24B0CEA80A6A8CB3A2FFC73FCFE00D35D564816EF07802B4E191378C00795C1360EB1F158C754EB9ED42,,A825F59F7EFC43003FB3BB81D716088C48AB0572BA30C805A1983023F58CA03E89C172C86DEAB512F0BE1D9E1934B583B3F522B9593F16AA8542FAF82D96CF08,,59364EFD61D0D8F06CC65D8AB46A1AD47804227EB6F66871C383717282BB3A71D3D3C677F30F6DEED84908E661EF652518A1A945AB4846C5FC4BCAE51E636356,,32789FF7C2DA59D99676734DFB1193DF832DAF14345C4B18CBA29BBD8533E98D32777188AA5B954C388413950529C4E695E467AF2ADCB16BF86AEF794F480BF3,,B75DCF385C0802158A47838C8CF71ACD129029247B5732826D816ABCD2A0199BCDCE2859EA1B81C25450864B509FA55B34307AFC2C543EB4C56DB3439123D1DE,,
1,Linkja Project,16BB887238B644F90E1117655ED09C25E2D691317F15F5A126CB4E7DAA5D96C0A6447D11E0953FCFCDA86CAADDB6A8DC8214339C646343C3A96EFE24AC103195,,486E376DF29719E10E7D6CE0AAABF38739898ECE572C79A245F1C446ED08216A5A3DA5A958733DB15CEAB5F7B9A1950BF7374D2CA603AA72D26DC9A202770EC2,,B6DFC0CEAE2D92A6A368F8A518720A9F71CF4EF8D57A69788D9A040CC7ED464E4F0E8E34CBB2124333B85E60EE3E9BE191C3BAD919478BB4B0607540711CB55C,,527D3B4FCACD33489C5CEE5A3FCB7C864F73D49BABD40E3E6CD41EEB6A8D2C6ADB09C85EDC6AE90FC477631A49FB9231A5FD6A365B28688438688EE94CADE58F,,873C2E9FCAF30117E6F2C2866B67E57C438E7EC8BF45745CDF5A2A3CAA144B5EAAD9E58C7D4AA5A943921ED8532A5C9D70536CC9E82C38537B8352B837DF2387,,
1,Linkja Project,A5E7D45FBC82E3B6A56281EEA683A54BEEB7355CDDC458281D876B7F8A8BF968C0C80C4AC2D73364418D0F6F5E3FEEDADD0931F0A0A8E2E7BC342E83FE5B6934,,FADE4A85E3B4571D4DA7DBF37177B987AAB7CF0581E0B9E84F014CA987F4954EEE6B621896C087A69A77B7FF85175353FE88B2FA917F4927F3733DBD85866D6B,,DC53C6C0A66C072499999BE9C7E3246161FACC1C2165D069F03FA61B469422FA904C8218B993604AA1939F4276FDD195B765A3F9158BD39536902521FAF6A0A6,,E067B59EF4F6E981CA294861839512B7750481057AEA1A7A3F1691B6227E1E4E29A7704F6CC37CF201CD4D75A1E8BD8D4BDDC8CF72D0CE6A0F4721EBD6D34840,,868E25C07BC27150BED999E1EDB28ACB77FDD21103A42DFA286B9D389974FA40B1A5DC045DC7FB463EB69171412FDC3464C9D38A5EDE2E21BBBD7A887CF769F0,,
1,Linkja Project,D8B5A886680315A1F4DE6728C51A7F6D4F31C3475F66E5575681F1947191711821DF98ADD9BE13B3C72E7540DFB93ABAC245C8C2F92468B2D11651E857525BF0,,609F11FE864B0CA07155E916B8627C1A9E8E8DAC89C7C34A5227EAF62B8DD6417E06885744267B46906FAA0E97E69F13087B7C6B597C649E265F9EE27BB48B6A,,78822F6A72EA149D51D6C2447B864724A0EFD8162341C8968C93AAC395D8F2E11AC77191C16D9CC14EC54AB898D77F112CA18F9464E239F0CFEE606E4ECFD97B,,E8C6862D79CB0A237CFF300D5BCF83B4D3570F13DEE7FB564C425F3D46CAF39B909773121F2CF7C467EF78F7891C7F487BE37DDC585655E486823693FE676257,,79DF3A34AAC93BFBB13584088BB549DE387F01A37340A6AF3AC1213145FBB8BACF3ED0CE2510D7C4A3037B5EE9C0AD5A11FE42EC3C78FABEA7839AC6B94FF065,,
1,Linkja Project,606D4544B01E9B63A810A756BF60654C8AB3FB00D5630E91252F9251627DEA9A25DBD582F892E409C1B37409DF127084EDC397EBEF3FDE66BF89B69FD65E0190,77E3DC089FBB34093601B5FB7B6AC28BFC0E075BC4E041265DCCA4C010AEC5CAC42DD90B481DD9EAFB598BFEF46D46C9800363A2F0EE94069969DD2FE35F8638,266D7BD1E67FF74E34734E23319365E0304DFFBE4BB04AED3F18A8AA91FD95BF076C21E5EE670B96E937596045A068FDBF8D9C1597851812D5CF78E1B024F9BD,2D95AC33016532A208CBCE6D5A4E08A8FC95ACAB8F0768638643BF1E62872D4B0CADA7646A1267F4388BB3A607DDDF8FB39D56F4DB39BCD7D1EBEFA2A98CB87B,6EB67DB3CF2970ED68245A2470C89DDC9D9189A6A020F87CB86BDE3DACB6FE699B92B89EAD03AA82D694C658470B3701A160C5F2B68409A185F7C88A5FF8E40F,95E1D3FF591E8D6779D4F57A2F0A7FA3F9FB173749B0B4D62E16FD2CBDE10835C4B0BA18AF695E64B7E10A6D83F0A817B8DA1EA72C3F0F13A97CE6FBE0B9C2B3,DD68E1846B7B69264A5C0FA6C06169DE898F66D9A8B8B60F2A93316E66444B6380FFAF0DDA17F832DF2A654D8B223E311E3A82B00A9C44399E92AAE7C02C9729,F0C5089E1AEF24453200F0A764F595567D55798943148853E821E1522579A582B2974C764B12D69C8F848A6C3A0729BB62E39D954E9B309EDBC40E4E58E2EEA4,7E05A0529946D394AC050816C73C13FDE8535785B9926CDF31ACD1BFF3AE80106259ECE65ACE0CD29630533E062979D5913CE444C757DE99FBE67DECE5FE3E0B,687B10148DC0C3033A88A80FDBB5BA057D8D153EC002299D49CBF60769D5FD829E19B50E2E8454048CFA9ECE8311FFD51A6560DEBD7217098967B4E67E243F3F,FE1B210077D6FDAE9D4F7EBE53BAD3243FE3D4E6AF16800193CA5D4E4DA7AE8E71A18385A4BE644FE910F72CE6F3C5F7B7324A62E2FB0B04216FE990E7030630
1,Linkja Project,A55F45CF685F6CEFDA02A6B0D1E8F5C5D730E47A1F0AB8158CF6D73C4B7F2A41DCC59DF4592721D753EE30183F6C0B381E0E7A23C6748A0E18A2350B39D310AF,B72592FD8E197BF75FC5DCD6A1BDF000CE5192F16DC984B7A36B4E404AD7726678025FDDE88DFC2CA59C27732A6C8F9195189C2B26A7754474BE5FBD11979AC7,E422273EB8314DB8FAF91236C4B459632F65DA54587A13D2EEB45D6D15EF426ACA81F33EF04C4C6E0FB1EE6199578BD493A4864B34D0CDFC4B2DE8E48B84895B,0CF6210129BB90415BFB39CD75D244FEB0C3F05C99165BA901BA7B1EC6F9AE3C0073AFE2C95C345E2367A3C9590BD15DFA32E3F3B013AB2E20AE913745EDD2E0,7589FE46C4E0164FB2BE10934B972101761B448C6BE896CD86687A526ABA076812B60C1DC3AA1B54805F9B864B0AB5ACF79B68DB2E036FC455ECB0CEF5337D61,45713E8CE1922C9AF65DE22D4FB2F64ED87285C59F4553C9AB51B188DFE9C77145B29CB540DD2A9E454ECD3B6CFC647D57816109B4AC9058189847DCD2416C39,21E6B49B7446E53824891C61AFDF338640A0E21D974BA667BC96466C0206D8998B09CCB47DC8D069E96AA26B1861D5A8EC643EB670DDBCD7FCADB642BA498157,521BBBBA3E1018253AEEE0BAC39B1EB111BCA3684696D9DF8BC30BE152BE08DE89BBC60516C78CB58E7080F8892DBC421C9EF3DD3613DD29C44035DE99FA2002,74B2294DBFFC65BC5D9CB19EAEA6F8FCE64ECC5FE38A329E5C2B39861C5094F8DD5AD16DDE72ECE927FF723BAAFC2626A008B291A9FF70DEB21A7386341E902A,5794FF0663A656A8AD757F0499488B3F34C6F0ABD4EEE582CB5E05727F283E8CF9769048F2690816C6929F64A751C9E8E8ADB024EB594FDBB7200BAB7EAC3988,FC03450E3C9F36C92B6FE5D554AF99731B3D2D12913D38CFA47C05B30FECB5C35DC9FCCCA419F6C70C5BCA2552F1E91D61EF176540587DD8129FF15CEB444D4F
1,Linkja Project,6BFD92659165723595954A3F71ED12872DD662F831B50A4C51C132FBB212B68C012E594EE6251F726822B8437F6A93710167FD4F220BF11B0202D854FB297E7D,F55E3F6BF4CD67469B1ADFA00E027295503691B3E04D2478A435F2BC10E558DD501D106B5AA3091966A6CA7C755465DEB5DC2CE644A05F1D6CC20C7BF1AC23C4,E6FC2E0ABD762C8E35DAE0F680E0137E18E060EC33B67F6F7A49BB64169FC2418438DB9B9DBA652ADFDE3F8925A8782C6FA9A2DA6B00ACAB1C49C951D3B5B6B5,2CA774749261B53236F65598E7B88B3497AA1A976CC3C28E2891105FA2748EE03849E89404702346DD95692DEB97D9D702A5C91D1A641B5CE0792F6B578A12BE,F85194290A17A8073B01A1A0955E53F357B3729F54DEADF7D90386FA31D27F475244BE7FB9293DEAE86C46C836BAB049ABCECD2247CA9FAE74B38667E8AE8853,178219F6DC5287E859B8136800B217879BDA408A1B062CCAF6F9D0504F39534A3D087A6D4EDDCF65A495482A7E8F94AC73D0E5C04E74D3F52DCB7CD6B90C1DE0,71A0022F0791C6BADF055C0C0A7CE2EA701977F207A7BBBC7F3736797F9E09D000BF01AB5C2386331B4F56E3EF8971AAE196DBB5C17D49BCF87A37108057F8A7,45B80F973A5AC74D094588C428E705C35FAB5592F8DDEB7EAA010A3438AC2DDD9AECB4AAB7F5CB0C92A4E60B7108A084A740A880D02487B5B47D23A18A36C7FD,C7B8D602208A8D4E8EBD0ECCDF4ECBE2B2D5E143B75B9A98B5F8AF155E38F972E981FD2A3899EBCCF2BF16C4B142A989D776D19CC5F6E2C8A0A94F9B1D0F58B7,AB3E7F8B584556B2E7A6914644460820CC151350EE2196F0B0248E46C7F03D4B8D03F415F68121F7199EA121C944E6D5FB01D4B89C79C2136651514C3F107F65,B5C3E4FBBE3BE5FFA7153D0D6FFAE9AAA11C901E2081B3414B72427C8A4E1258D5AA8A48F34D67A94756CC35A6B054E8CBACF5BF5A4554DE33CE1705094A308D
1,Linkja Project,D39B205E982D9913189CBDA12EF1EF3C6EEA90C2B34B34CBD7BE290FCBE5D1D7C580E7D13880CB66DD51DA0C89ED0CCFFB6CEB14A79C8C10D0BAB448313B78D2,,6D5FC5BBF297611691C984F15CFBE54120505CE905CF33E2949BF4E4843FC6B35E32329DB3428A901FC699721ADEB4E5592B9E73D0E47F77FC63C3DC5D82FAD7,,88286A6BF625DAA595AE6EDD444AC2E5D4E86AF9A87A83417159D53013E3CAD5AE00046F91F738905A48CD33B7D0A7B87907D4540AA28BDA2FB27AF23DF78EFF,,474A91AD74AFF5E99C51C99A9DFCDDF4B795970322DA17D6FD1B0D30757F3079DA3DE80BE92B018A554DBC102123CF34B5361752DE6C3A3D97B38D924344E590,,CF904C085930D9FC4542DB85B1824D63657FCB5692C858E66DBB840BBDD81C026B86E9B06149836FBB70041209755C0AD355F29C37DA389FC8CA489949824DB8,,
1,Linkja Project,6C330CD15B9854152D8B21A8CDFD19D5B6E533FD2B45ECBC92C809D95F9B58A1B1839DD81037F93AC931D49382DED89DB462AEAC684744AE30075E0F9A440EDF,,B11F7AF7272BBC5C43F68730B1CFA65A43E0967859963BFDFE32EB13DD4038FD7A019AA7D073273F234542F7C4A528EB70B8951D0D39A5670D8DDA74AEACCBB3,,73FDFBCFCE9623617CFE5E4823FE21B51073D08A84EB9FA4ADB6CC8D7F4A0248A22D8E69EB2864A1AC363B3DDF19499D1AAD26A78790A04640F6EA2C2CF13736,,EB10B8679B8C0290D329B741CE6E3E506A250FCC98C13E6DAE264CB7F001D79CD0A0C5974B642C7F86D83C84ACC5C131DC506DBA4BE5E357DE6C0001B7C81A11,,FC87C136B98DEA5F9121A326BD743EDD4B2165DD27F7A36E070E6178B96CBF3874A34067D005B51928CE3DD164520F4F3A102B7DC9D6215D826DFC30A17430B4,,
1,Linkja Project,0AF9006340DD8DE1FBCA2488242C69626D6BF83F346F93142F51226D1B1D1BC5A1460000B0CF37127C3BCF5BAAF99C39915DC26CCF7F19669967F510493AAFBB,,5C0EA86AA6B658D7BDEA6D11E7CAFE9328ABD596123C0C1E8831BF18519630BE9EFCD8C8DAE35DDEA882443E1BBE6B646D9A2ACFD8B853B3D206D7698DE885F3,,3B86E6515F64BF23A44B9F8EF4C551A5DC3A0B888C41288FE3C22B162A69A1A48B56672CB23661334094EBE5C3DCEFCB8BA148AE814421EE4A15228F5DD02BE3,,9E4C0FA06144B05FEE23B900E48E5CB0B9AAB7C5985E572B1FD1E6B9E6E482072DA9E3EB27939E846EFD7C7FE40F5974113DD641539E86187EA0700A8CBE22B7,,B29C43AB7F62151F9F31776A5DAE9441C41FFF35034714BF5F3219AAA8FCDFE76A2505CC49B3CA8AC255488751ACEAF7D2AF6A0EBB431E0B3B1EC5A95960EE5A,,
1,Linkja Project,B10833BF027C7C7C5F8AF89BCD0A7C4AFF41D797C1736553407D7F3388166C1951E16AC1C3B681F23F294D87CBBF0B86EA3F3D3ADE2E8F44AF1D5C67454AE1BD,696FF7BC39AA107A9342D5A94E454D5B9146335326FDF8AEB616CAE95AD636BB9A4FEDCD1F3B42216016C6445E436E4466468AFF472A7F612FB18FB220F5F001,66F2577774A2B198989F20C6B633A65C454ADB6E71DDA7381D8C6AF3CC4AC545D191CEBDE03CAAAFD74FF7A673C87196E1DC11D51A0E1C873EED52A0116C81B5,F10E4FFBA3BF0AEDC1F02897A08D14BF08FE5B8E12EE01888FCFBE3ADBD86D99CC61B847F163E7CEF1B04FB67AE911F01437DE4EF85CFA26A289E153551E4CCF,0986E217F810DF726833E0FF05170F4E509AECE2DF2DAC57503E6F9D7C4EF4A542BC2AFB857EA065C89E9671DB7145FFD3CBF77EFC93689659968BE11AF0CD1C,60BCFAA4B0616EEF4913E92648AD48F09801DAC78865C282A16EB1F3D631136BE25D606432BE7999A4CB1B3B7B086C52FC996962D8060767536B9CBEB6197F61,AEE743C784671318FD27107ACC14B38D040BEE5618DDC5A549D9EFFC37753159F50FBB5CDCB36DBA94E12A430D213BCDD74B3FE05BA0C944BEB97547B00C69C2,587364E5E91E03389E2841B2F93782D813ECC1F3EA2C5DA8AAA4AD9F6C17B17AF0D89B1CE67A0DCC3B63E92E10FBB1DDA032D0BDFF371C8DC205F53D9E3B8485,E2B6C795ACA75EBFCA4EBA3DBD0868A441500756CCFAFB42FFCFDA6C1797D66CD0B9126044A755F94FA9C6B473ED7FE35CAD57A84709577160AF716B2C426B3E,7F46A4C0404E707FE9061F45849B80670EB1C4AEAF1D5EA2D5D8B72A30A7E9564D1D67C0285172D95F559D418D41A5DD60D544E9A6233AF65831A18D0605C7EE,1489B00A5A001AD8BC2E25E8897B8950FF4D8FDA5C02E9A583B03B61776066BE6996C0BBD0C4B00B0CF08B03D4E727CEF1119F76172570FD3E90389E3774F1B6
1,Linkja Project,BB8E3CD29293B9B55979A268E661A492CA5C9F73774D36525FF215D8F61FD4C7E8D1F80A23F4FE45CAB280899263C5B301BF796AA2C6480520512CED820F607C,,7660688B7D14CBA45ED166F08677CF071F8A5E6BB3FDF76C649C055B69FF71A5E00800C414F3A6CB911F49F7F662E278862C4CF868E05E26DF04B3666B8C6E6E,,F44DC2644C353E99F2FE5F6C37B98A74715759C8E21B3F7A4C02ADC599056EDB8B88DF63E829B256D3F20C112F52A2207E4338CA5EE185C83BFEBD97F11D6AEB,,5C7F495A0B7CB3662ECEFCD577D66A090B0311D4D1CCAEFA7B3F8252C350C3BC002529E61B28C4FD3A838B323BDD353596A7BFA1A8BF7E71F5D5A1C1A07F16DF,,3C4FF7F05931AD3CA640D7546F1568687C1BE444DD515BB75E940B9D0CC76D41D692493681A6CB9519DFFECB852C9B0EC7939A1697F14652F808095FB86B2E79,,
1,Linkja Project,DCCCE379424587E5C9F2639E45E6BA84DCDE202C16A76672AB207A8804E632533093965EC408D270C2AE61B8BD9DCE35BBE61D8E5533AFC6540A253289CC9CB7,,E8C5201D7BA7928FD8A2DE2F8C8B666F9A3E32F491DC0A647B6BEA857C1033861006883A3630F5B97F6F819461104FCFC6379336026380D3A5E0EDBFFDC25A5F,,E0D4E0C30F201C31ACEB20185A58617B80713C7D4A09A855881236D2EDDC383B05B1D214A34577126243C2BA8E6E5AD0B928C03B2AE28E6A11F8DF00E56EF2C1,,4FECF9EEA52F5AB0598AD52AED60222C15B998A49E9539F34E49B86B00A302E386D703896AC3DE86BE50FD75C125744BBEFA23D8DE30ED17E806FAB288544890,,C355EFB2B6693038F3ED09846348BCADB99275784A4AEAFE81FE61605D4B417752803258B911FD8335E6A967383D6DDD5EBABF9D8DA020C13D0A5A7F23288C2E,,
1,Linkja Project,D2B0012395CBDB449E4B9224628E0C9E6E9AA9CCDCDF1707D5ADFBF216113DEA47B211D718E5B7BA25A11592E49C161A6A508A46C74D27DB2651D8E36D21BCAB,,12FCA21B90BD1C1EBC150970DF99C79B940BC56CA1AA4AB4C014DDB86E864F1C8C02D9F592BBD9E0FC48142113B8A7B58BA4D406DC0731C970AA984D6B81F9E4,,0578193AD89EDDD4CB76AF1A10EE81EE2B57E8B21B904D92F29E9CEEE3D07ABEA8A0502D51DACECADB00D4C65A8CE68E24CBED698071923EDC060E1848CA71A5,,9B0DF1350E8C12ADEBA7AF3EF4AFEBE3673BB5BC1999843E0B15B9455E0D7A34A64D155A7990185CD1B3E272D51563EAC6E8A93C0B6BB4850738B9759D11747D,,62258B679480080AF45C21382316C438F9A35690F44C01ED3349D49D5B887A95427A93BFB1667FC3441CDD10C635AE745CFB169055B22615722ABF27F183E4C6,,
1,Linkja Project,A87CF1F5FEC238941AF580873FD19D6B7AFDD5C33B25AD22D074CA551B1147DCF93C1CEB8C032A83398D0A945209349787B870DE4130C1031D7650EF61C10F31,,F186B80B77682AA5A781BF2DF6A0E89F58FE5B48AD4DD4D1D3A395731B62666810307E0C2553999B0BAEC24199142F6854359B489376BD01C5848E5EFF5E38C1,,282B4A29E18FBF1B649EA83295554E83FADEC519EC8893950549949148B2F1798F2D75CCEF8FAED6ACA9FBBA4CD4D21A2B090EC112AA33645FC814D1B00D3CC2,,AAEF3B98BAA440D16C511327E93403553ACDC405516E0F6F7DCF44C3AD4D8DF19DDCAD3FCF367978DB87758FBB0E1502556642347B1F7418EF4A975AD5DB4914,,602252AAE38962EA38600BE4DF71DD0C08ED570576BE5A88F69C2FA2B9AA57ED35BBB50826D93E3CCE567F3B54072B26EFB554BF05AB4FA2C593574CCCF07555,,
1,Linkja Project,02731B5135719BFE31B595B786CA484CA7BBACDBF2B0ED82FCD388BFBFAE6FF25B70FB07424206806D56E64E583571AB060BD7FB359CAA38A4E308644B13B4E4,,6B37961734A8735493049E35C9E5157DFF84E66F17E563CECDF979EE77A0A1947923B425DDE916B09CAF948673EE82B3F4CE3B7541D2DFF797A94469E3819728,,366B8B2B367C57375569B594481F746EB404F4D815D56CE501E80D25E6DCE7655E97E5E2F744ACD9AD95B820C356F8AF5575F51F75A3130F10F72F843E175799,,EEFA9BFAD36A2B0B400AC02F514E1ED26E49811313A9F899061C22A2E0CBCC3756FDBF9F2127AC5D364475A9FA1CF01B22FAEF2900CC6940BF1FE9485453BBE7,,CC78F588CA5B40C190F0119A4B8A5157752705B69A201522A517E5271DB6F3A2811A6530697334EE0B5002184B009C645599DE9C740D42D07DFFC6BE241F5126,,
1,Linkja Project,B1C6B0F8883BDE452030F0B33588D26B48584E63876984840A26F763D5338198298EC511FD59B0038F69B12E6E07E3E714EE06E7C654C7853B3383C4A198EC1C,,89D05A31BF09F35C151504B6DD58C0BF2EF4D110B7362C7D28039172119359923EAA5A0D90AE513D783929542D4E6239A2112167200D1D96BBBD521024248E08,,E11330A0FBDD6855C7E5A7322B35EF857054C561E8E5835B97D6353EFDA58E4B7167216043DC1BAEBC7421B3D6247F9B82E21B0B493C16B410D6EE2100CD0FBE,,C52E18386FD12BE0F0BC23D87B173E61EB64403566956DD9414BA41811E7610AF06C8F7CD89815C59011D964AF6BDD294E4BFA593AF59E2B98E3F3803EB3191E,,9AA0369744650A381F408819CF0526E3C5ACD783B7D3ACB1B61C34C9B6BDAF82CF3371E279B166CB8AB155848C7E5855BA29517114487EA85F75D704B75E75F3,,
1,Linkja Project,99AACBCB15FE4C4F2D941FFA44611DB20596675F1ECF918B57F8EA0B9757D68A1EBC4C71D2AA5C5B495FC5D7E3C185FF74DDBB8E87648B213C15312904D8E747,,86B9BAE655123BE58DF38897E7292CBDB0F20D363C4DB2BA3F90BEFE7AA6B31119DF8F25DCDB6A14A6803315C93B901F1B089381F8F2D342F719093B1CB9122C,,90E05F02FA2C43F3B5F2522C4D61B654D73E8BA91857B876FDF3374D7D8E9C69E695858358FC12E214950ED75C1FC8226C8DA2DB2F0AC4B9561C9531146AB820,,D75A29F6271E7D462527B29A51841C71B0721713703F58D1B93843745E9E4DC33FE062EA63523857C0D7E70CBD8B6944AA3C294744012EF5C57BB1E89ABAD62A,,714A1F123F73158FDC7B1D7AD2E10E74CF97AA2DB8E367488DFCD6135306039A092216EAFF0886A93D02AFA5F821D2EACF610A049BF7A658F1166633EFE18B39,,
1,Linkja Project,0A12CC4A1DDC52973F5C49422C535FB448EE19184B15085930FB52DFCD09FE2394E5121A29001B8E0C7D417DD9AA454B029DCF69393C9A850E964416227A9DC9,,CBEB05C665DF63703D6C094A4F3091ECA93DA8420F82AD29DD576E78A615D0D33EF0E07C278F32B223F3221CA1E23432DA34EF3BF219785E5DD326A3FE7A8E89,,BA54B9B4B32E33A6786AE67986A29049C59A658CDC47325E7F88F5C9E44F96768CF15B253E5FAB086CFCD83817C4E66901F834EB48C40B74C22CD921E11374DF,,B401EBB12195CB9EB0386DA3A00F84E46784AB9B96A20B3F225329C03F8395224A065A4511B8945B4EA0D466A747486C620AF1CD8E84AD86D92F313E878C4C4A,,1229F53F916A0C9704EDBEA27E9AB82B34E6CB6009683A3580DD8F69928460C91FB9376D8FCFEC63F634AD0E0774EA15E6F32BA2C8FEACEED71F30E042AD7EE6,,
1,Linkja Project,85601099716AA85AE4D68E641EA2EE91BF449A8AF411F36E40228FF9910DD025CE00986A730E4AFC3C7D500B778AB14C04309EAC4368FA4983120F870EBFD122,,3A2E125B62E5CB1E37FF1BABFF79AF5D49000E49739A7D2584514120B1404807A2E8C806CD93A9E90E6A5C326E2C57DDFDA0B8320141E0FF0190CD6EDEA2671C,,942BF5558952256A22834D7A0E396E4743BF1E69B06BCF1EC5F22F67B1532BDD7CAAEF2C830A25AFE2B3678E7808A442CA2D8D8655AD1E62152673A676E67E9C,,C9C8A1B8D600261115E653AB6E8AD844D5380C3CBF08A125568C15C7AF0292E9A16C4F5B3198F9A46193B1841A559FD85CA05647F1615FCBEF08DEDAEEA6FB6A,,99513B03A177D9818728A27E1A540593DE4C6ABADF65D25C9B6963B35556C2A46774560C56CA4E0CF1A186305D2046CE804A7C0488358C068617644898C9E8F2,,
1,Linkja Project,731E68557537067DD4EC8FCB3E08B8E580808273975809AC403807E682082CAB26C500DDC949D99EEF2D547879F3E148C09C2E19E2C7DE1E68091EAB4BC14684,,85843985EFAED169E0392F76AED626441547FCCDEAB75F815B69BC0E85A3ABC525753DC2EF3A6F2A2C9078B2BCB4002CFB20C2922B252029074F27A2FD5E7F2F,,B3E4F8C31D56A0B4563AA385FB264A217F7E093D0B6F7C0034FF27B75349C1CFB8DB3C3314D3B402E15C9FB944233843DE7E9A143156FD7275467FDF4E94F3F6,,95E017F8D07C0999A0B8CE286D50AEE0E73170FBAAD479CB162D4D98B719CC84C990EBD8E2469C80446E0DCC44C4935D9FC83A9F7FBFBE2A4E2F967DEA4F02C3,,FABB52A0F297ECD0C37C3F2B9E77177A953A4394919D40545917D76930F650B1EBDD1FC71483C08FB2A47C06FB4409A23E9D35B9540CCC2777B4EE4C30AA4BE1,,
1,Linkja Project,99448B2DB3621768EA2CA996AD6301855D50234F0B522E9B59CC50BF77AEDE3BDA0BAE325400AC05410C1B4601F5CB71899876818AA70CCDCF623138A07D4FF3,CE7704A50B41CD65CDEDEA065011F417F28CF46436ECBEA293F154FF4621C0DFAA55BECCF7A520E7F5C79290606402FBFC4CE76C82E0C7C08D573B6D980B617B,14CC1F4FE1D54C9CD79DD7C2D92D436928C2DB224CA0BAD68B3E2B6D5DB5261702627DE6113D67E67C0156F5ED0DBC8A0C0A3E475CEB6F99AA882DFBFB010FB0,04EC410FBEC89E6BDAD0F5622959BAA934D1494E4CB1DC1245E4279BBA54E1F5E4D6BA1ED99B902E0C1069047BDD536821EC0FBF2DD4BC28B12C53564E7B6E84,08D8C42C94DDE4C361C4F8233D001CFBA1658F2196FB158F6A14524DC03A1B7C6F65839335C0A105F8E2D09CA5E505418538F56C7360DC3B1976865F57933B51,05DA704ADBAFB6A9CDCA834C6F5EA3121A2F12A9FC98DE2564A96F8F0652B6B0EF6A5E13032706EBC815580C27D8748A3A351F074EA71FEB5605BDB7D83989E3,BD9E7C6ED811B380C00757E2F07637B9C3D53F57159384345F1892BF0441EC16095BA953B90E9DC783987CAF04FAA2063CD04FF515CF95D96EB13704EFBC947E,E858A4EA7F17C726665AE45DC79C0BAE413F6846B6C46322D5ABDA0501BB3B07F49DC760C7431F5BAAA339100C8800D05B9398BBBD62E961718894EDD67767CD,2D2CB44AF3FD68341B8B43E96074FE799F96F789816A97775A2EC792C388103CCFEF6FB7147DE5A5FFDCD923AD1667A46750F8D6EA7584EC181AFE90010685A3,DE1681A8F6F573B8BBFB654577EA901AD98B7260F4E1BA69C62DF0EF86A91BC342E351CF4F378FF8CEAAA1E01B3024E3B129FEFBEBB0063D10166EE035CD31B2,953B2714FD4ED59585634C85D50EAF74FED6FF140003235B6278340EAEBD8DA9ED1411F2E7BBB3EE766C2BE32951E59AB9A4305E594064E8D79F2A1283D3D522
1,Linkja Project,AA304DB0CD207E5EA04F35A8E67DE91F680B0319B25EAB8B026611362D616765F3816D474BD5C13A95697E212E812E6BA818B0A04862B72093CC4AA5227F8A9E,,530671E572CAF12564FCC5E7B2F29140E57DD11DCAEF4E9D5BC5B79AB0FE9BDAD00228A1D91F70A29DB7D1A8D2DB3DC70F9CC358E77AEDB74CF8C40059020D03,,3E8BAD44731F145C119A5CD448ACACDE99446CB2F61CAB99BDD0DC8C68BC4710062286992D89997252D859E25054E6437814BF2C34B1BCE8715E2861378CCB59,,4A41AF10127218D202A26A9E4D9EE072C966C9974EC84CE68DCC89BE8DC9FB15C54DA809A8059F018D9C77C288BFE0C50394F9A4969E8B1FF7AEA254DB088E74,,D31159B05DD565BECAA6D6A543F05ABDC628AAE90F30682897FCAE148DBA9CDBA1E909BEB8FC1210BF8AE943E191ED64485B7C4FCA1BB2DCD30FBE0C801AB7CA,,
1,Linkja Project,55CA38B20019ED45FA96D7564E78D7DE7BB9BB1F4B3D0E5BBD914E61A00BC646054A9F6A5CD207FE0E143C6A9431105AF77A49D7C35B8193AF314CF43F6C2B9B,,E2B7439C2C71F076EBD08C6A57C69C23950E5D683A1CDA64F6FAA4FD5EEE8DAB98695B1FC65E9F7F4F067E9A30B3AF1D3AF2A5B1F133FBB39436E3C21091D8E9,,7DAB0C93F5E758774D39DA26CF1B0D7D941B70D8815ACF3C55C457409AA0C7021A1893D8DD98ECB5650A7CAED37DB3B6DC29EFDCE3D689C79A6C235275809ABA,,6A009978C2ECE312DE04B9F4B55229AEB89805AC8BEB6614C5871721EDD237141E1EE5F9E4C60CAF71E2916683E777864B46B32DB8A35314E9770780D073585A,,2F7479FC3D92034215071BCDD5B918FA155B27A167AE953A886DAE7B6A2B2965ADAD19CE436359B57FE6D1613AF5DBD0E3E1D8FFAED7C81A9E75A8279240CD83,,
1,Linkja Project,BAF436C783F9A84390B2C1D00C91EADEBBC72EEDA13B1C6BA0E8D0B0CDFDBE4C1950CE2B3337BFEC5AF8C9AAF464BB1BBE3925ADDD8BF7617F87A8438F24F595,8FC10757CC605742329EE15468AEF04AD52F82D5647C0A69FDF5F138874997937D7C717E0B7227FBEA57D42771436C5B12B62CAD032693FEB6389AFDDBECFCE3,1C98D780058F895A4B8A8BFB78B0DFE891F51AA5D7AA1B062408EAAD532A06EF422B6EB938B6163718C2AA1B4FB300CEED0AD53049EA748B36EE8D611E6E88B1,D3BCAA07F94ED2B257B88E100B86CB361105C674C3FB1A8B52F670FDBA81C17C2EC3CE9FA03D5B6EFEF6133F90478E3C6C5042C291946B61DBD3D648D116B67E,9B04F0C873C7BE512C66AB34FC42F53A84A558999BC5C9F26B3C172E0FAA4184A413B98063E2B4C8612213C2A5DADB8467217E8E8A521F2812849FC70E66D4F8,56D0BDD87D484ABE361E34B15525775E57FDC52572F3D45D64B1E970DB68707411A601A767792A90011746438082AFC28210E85525D8058296D2E50132E5CDCD,BB079BE4AF87AE57D9952622FC6A8847798F9D1FB9F1FD7F457777BAB125A0DDBCE5CB1F81B4A9230846154CC70CA264ECAF1A44E3B09E5928ABF670D1A784F1,EA048C384A3B207B3B7B95418B6699A136542486B41EFB9686805C91D36CC067F8CFA118D09E00C9C0CB02FB0C44625DC6523BD01E55D93A719154623B273C3E,B82C142DE9DBB0A8031178A7B6E6CF908A117DD3E0E416E942D20E9F2C1AD5690339E50EF0C2297C070852AFC696EB83A445E26CD1A391C968F628620BC4A586,2D0DF107CFDA24040C852B4563B52A1B1E75B4D5416B3C6D523815BD2DAF0B0EB55E993CBF87B1C62FDEB7AF63F273FB7A21D364B1D57DCF1AA432724757213C,BB3DD556EAB7E50763D5E48EEA51073375668D9D74D6E1C45BF35E546D20C9013E3AE2A698D898CE073664D3681B0506EB7AA90AC8CAF943F0841337F61C7834
1,Linkja Project,995113ACA367443995D1476C09DEA75B92EA6DC85398901F4592F4BDF6B7EDCD2C4115DE24AC85A3CB673FF32A92546157D76C8DDC91A97C899BFD9CECB4FFAC,,C529CBFF96037E3D1C17E27686FC944E9666238858D9C126E8F9DF4A71CDDDEA688F7B8D1CED4761162D9BEFFD9BC6D41F0F8ABE13D6239F7190FF6E3A304F15,,0F3FB233722F4FA86207973D96EB2BC8676E64849243962A20DF3C14EED1A8257FF4D0F49445228E6037610CF915C76D00753F4049353C0144D1F87A4939C7C7,,B6EDF34E915D2CE27D613D29DC29493803134E5E3517616356A3C7088B3DD072267598149FB329ED6EB1D924FB39B59833BAD37159726EABECA7E2BA5BA04853,,54105A3578A7D9BFCC5E73376C05B1B57C8932D5E8A6F3DDECC515E69B3A224A44488E06BDA3D3AC7F3903468C44513174C3514DBF5EFB62D942F8979BF0CC24,,
1,Linkja Project,D5701829EEB1D7613047AD06128AEE70C8DB829AA8C0400960173BC4671B19786281A732055193F92B41D05E3092A0DFDE00108C9D4D791EA84032119F017140,,B10F57634787530CA53825AF4E4CE5B7823D70F7DB0F573FCCF6172778593B3663D91E0BFDA81B935769ABD618791458604EB5217AEB732794AA9A76BDCD4BDD,,7F1FF15FED6A8E19E222A8CE5B9A61BB93398B3190A85B2DB2DDC44DA29A35991E659164E98F585D045235D5182947911D1136AADFF31E1B9AEC3830BB73CBDC,,119FA964A70F2B8AF36C37BD372FD0F27D329805E0A4FF5F61978617AAFCA38EA5633D3FD3B865525566C5AC09EFBB6876B82B52330B7E7D8A7F2F491F129533,,4B33F23BC3B3F10D28F636D3581C66321B4A83AC36B8228D3E4F1BFA62F9A1EE0EAA0A6AC2039134C830CA5227968CEA7BF13A9DC7B3EC98C53D8C3C98B7923D,,
1,Linkja Project,290BCB04C59CF482072781BC9738DDD1A919214C02414F74A55E8612F6BCE5CA789E88FE3F42074BE2C5516E4AA8DD18DAAD75AD77CF7CA58FFBA6282828C78F,,45C7014E4A6212B7DE441A7CA6C33832C69ADE8F13E62BE7D7D5C518D6198D0365F4CFA3A48CC322391AE89F0A483E401BEA5E889A58C5FE7F66E7E7337C91D8,,4697E8CD83D76F9D3A70FA4E8F824D7144341EBF6D05C7323A97B2C90859185CE0B315CBE805B831367A57BAF8A1908D3059781610EA86F988C42C5608E7642F,,F7EEC265E5B6094F1D0AA534294D9D540F993CFD0931ECA9F2816B2FB811CE46CEA3E7B4F577D6F4E4CA0C7295D80E117FC1D6FF42BD7721FC0DBC123EA6669B,,179362900B9E083357C0EEC56D41DB2890134A87589A03C549186B897577D1BBF3CD563CEE33603C2988F1F926B170D8EC083BD88E8B921233F499A3257B28A6,,
1,Linkja Project,49458BAB3B931575F0BA608AD80364F8281D8625B1FBA6FB58FAF2333FD16A6D3D6F805E5C8F312FB6CD253D255E4875C167C78745DD239924D750FC9B3A5CEC,,618FB5E70EDDB94FCCE17AD7F50562CFD1915CC5728B8C9D7EAA1C3B863FC82F0B52ABAFE2C8C071AE742B8AC5C71926C174C97E473AB41353517E957BA34698,,97974A23A968937125AD8B7AE19DB5EA1DAC802A78812B530962157ACE5F52F5CF136BDE2297F34F5521B54FB5E2AF4E57D4FCCA63ECA7D584C8F413D0CBD944,,77143120D8FF6FC2274994ED2796A249556DBB944FC9DCEAD37FAFE90E9680C9604D2D33B496BBE1AF06D3EE9E05E5218DCDBB8490B5C58187B472D86B68C624,,E09FD7DFEA9CB251471BC26694BFFC4953F6BD9B6FDC31F101A9712805EAEFEC64412CCDCEA1FE1A29E07BC92C636772866C44A6705E86FD1A32626C0C40CFD1,,
1,Linkja Project,54244D236446CB3AA04AEC0EAA4BDE147C1529D2BAC487D0778FE56E946A172CAFEF480811DB8EA82F29EC015E631CF15458F6742F92A854743FEA3601BB1F9B,,1F9D5813B25D342BF10E791330A76EEC2B9AE67E982055E36BB11A3F8F688F10486E1CB611123E05CF040EFA6B3FBFCEF6EEA5AEC3E39A3978AC28F02EB776F2,,89D6F235451DEA3C0100E83B2C0E4F95D3250A27C4D560F8107974A739BF8C4D44D546E7A8F70379317FF695E7BB096D44C3A339EBB2B1E11BE95A93A697F776,,98F00554013CAF9D2D54F7C671AC25D14B24F61C5DDCBCFF57DD737393BDE4D2EB4368C86028438D100E0F4AEA7B00D9973A2AEF5BA11AA3970E84A7E19817CB,,9E8BC4183AC464BB51FF95DF3E7382C27F103EA8D51BF2EA52736A1327292FA3E99F9E25DCE8A541987D37D427609AB6715A746B5DFDBC414B3F7EFB9AE9CACF,,
1,Linkja Project,F527BE78D5339146257838AF0DFD7163C26D8ECC7B919194D40A40BCF89EB547F2F400AD1AC91B71D810171198FCE263B47A6B398BC86603CFACC8B6E0DCA191,,81C3A89C75BCB648ECF0A0F66B95B7B7FDE3922115081D4CE00E3C52035C3F5799B86B38C6FAE00AE52B4FCD7FC01DE209CEB9C8123564C0F3B0CBCDCC3BC1A6,,A4957BE6B8537A203481242DBD3BE7FD82AB28FA413E03E413C7206DFF2FFC4374C64382E9439C4339FCC9E90350E83C94415A5323A8F90268F0035A3ED52684,,08EB12128019230AE76ABA4C45746D2A71F88436E0E2C75BE5C107CE0DADDB4C6576BCC8D4EB2B28C21F7F1D22CB008F8199CFA1E75A379042B049CFDC486BB7,,5AC0AF400F1DE67E2B9DAFB5B789461E0E9A2F238B5319273075D78AB16E764068E839BFF51A7035AC4B5D999CE5403D38FE8B547667F9199573783B8BFB431B,,
1,Linkja Project,F2BA69A476B8C2DF8111F52B7F4BAA381D48D858A7B5766591B65598B416290AB45C20B00F4923F9D37020DA652FA8FC1471B9CAB120035B0F4FFA66CACCAD15,,94DDFE109C93542438225CC8C104C5DFDA9967CA1D88C46042996F9301D55C296DCA89B86F9C86654E446F52405C5763D847ECF3F7977D809D0EAF4C031E8CB7,,0448AC280DD4C4DD9495F80D82C6705E2FB6B0E3A69C9BCA0B56E2408E9EFF7AFA182A8AB325B8BACE1CED235B675323868764FC498E7BB816BFF08B0166D1E9,,5B315F6123E74E1F8A086DA5A0C3C98AA7D00D8CA551E7D150E8765B2780BACB90AC8911E9A11BF5EDC274161F428908296433552557C2EB6FD3601F24535E5B,,8B18D798F10B0C675CFF2BB173B2489020016DE9F55DA8FC2AD3C65A5A6921FCC9CCEBAD7018480443B123C24B380BF042DEC81DEACDADBEA274C012C52163A5,,
1,Linkja Project,ADE513B51C50696AE9A76E978D2944EA3DA1A4579D2DB2CF524DBCDC0DC563EA752708B03D5A53F3B858B5E4A8E84720CA154699998EBC63CDC390CDD5ABBB72,,8AE7B79DEC97037D9DF02F63DEAC3696FCF59A73BA73567AD2F90BE205325F20EC318D6D830F65E3E370973C703FEDE15BA315F6A5BEBC0AC063813048ED4D70,,27F1C0D9E3582C7803CE4812BE606092CAF9407B086BA3D0FD202B5686B7D6E66FBA94E60502CF92B895AEF8197C44A7E62068DC34A17AFEAABE868EF906ACDE,,D1B507693F638B7F47C3EC8CCC8F590D9AD0C038020F5601275B1938AFD938DAFC697C36CB0AABB79987AB5CCC32AF9CB604D199BECDD5179C34157B25AE11A7,,E8545F2BB4146FDB36FAFD4F82978CD184529DA6F8B106917681DCB4B9E2ECF9FBD1A0D1CAE09E1A07847A0893F4628E94D7F4D1651C7D7F39081E58012353F0,,
1,Linkja Project,3A64CEDC01BCF761DF4E7FE63898DDAB45F47849538C16A03373B764A7F80153878A4B82C8BABE2AC1170BA07F1B90299DD132A43D0DDBC0DDB498D86CA4748F,3A197DA2C09ACD63641E7E2F9EE6F5CFE559D98551B842107F542A63035BEE72E359EC34CFBE7701A9972F4D77C518256680F3FADA760C2D7190BE50F87DF4E9,C01449CFBC6E80C65F044C24918700DC9AD94B71A55363355B9856F5D15B4D92197973EF75D363419803DFA5995559BA165B524631552F1A6D8B59EFA5BCFDC3,AFC1EAAC63879952B0DC5841BBC6BD4B2F26EB35BB200009616CC43ADAE591FFAB3798C192DF3754D6BEF2D02C25839F254510AED4B93317D906B0528673C896,C54B13D2F423071851B785B6C7B728434A580D7226E9E90CD64B63EB491EFCE9AD7B3177FD59D3DA817E430925E811E49018B7543442701CBA06B516EB0295A5,E0A95FE2180AA731832530AB6FF3CA2EF4C05C5A9B32FA7E1A8951CEB0B0744798610A44D633A659544AF019996C89D82AB8F019ED83EB7000B6760D11A5FA44,9E21E377284D6572FF26B5015BF55A25D303A59B0DE80BD8FCDDADBB669CCF97F9057E725FBE3543891929DBFA67BB2F273F824BEBD3C478E07AC310C72C7A20,20FA1649D73777A182279C318226E3B91954DB226C2EFC83F71410A021007AD16E420BE56B8EB30298927D2F8FA273E3B2474AB4ECB8FDAB586633D8B32AD75F,4422B792BB1CEBE25D37D18C90209D1CB029622D23B69E55954D0C6CFFA3127829D2D990180A0403F9F1165ADE0BC48AA0CB01999DD435E6D800D280520B7DF3,90180EAE9C05F7253E4C408229C57EDA8971AB87C529B57B717AF8658B78A48B79A30854D09B2019F82BCFDAB213E1024617B627FEC9F94A53F3EA6D97F88212,7034015D9C6C0CA31D4A76D03D65F45B0EC32CDF7CB00E877577E70F1E39DFDC3B8960F802FF167B5449FC0D13E78F9FB5C39926F73B01F5AFA9EC29CA9BB2A3
1,Linkja Project,47F67211C6190226E85546B30CA930BC475FB06E43DCECFBD57FA057DEC5544BA7B7FAD1A7FDDD121CE0A2A167FFE6A3DA24DA20FA958A976E97478814942BF0,,B6E67D85EE01D227FFC15D230C8D9FE55186C0A4A5A380BBBC6B689A149E14DA68C837BF19150E1A3104CE136CF5C49F7B5FC6F8D886DD55B713B55513BD6ABC,,85A976C415B01EF8842CFFFA1A7169B2423D3206FCD6572D6CACCFC04F43DDC13D6DAD6243F16168B3D3364155123208DE7A098DE8A003EF994BD77F2F151989,,1CC2874E322F767D395F11B86465733E8AEDEA6165774A4FEE137A96ECA54847F02D9A176A16BFA61D92E05D5B602BC1DC59D8DA5C5FF5134520E45E37CF27A3,,32494CC29F3C25730310BE1B3BED3D8213DAC05E652D9AAB098E0058ECDD753C32C8907E031D1395E41C8DEA7E7C6328FF21B3CCB6FD551494F6D4A3ABAF8A7F,,
1,Linkja Project,906FC3CF7C94E7B9F4CA3AA7FF510EF38CCE90E8C90AB29EC3A2B89E97281B178A21BFAA7D7ED0848A5A4986A3750E7F70DD94136F4A5D367041A497914C4270,90487BF734407E342ACCCCFAB9E1E678D120DA924EE5651E404FA426477AC68A459C1974CC5C9AEB8804D813262536EA1B1F68281B32C0CCAF7BBA898E86D907,27DBCC7E713B0A7E8B3CF28E0031B18451ADA92DEABD944152AD7962F9173F77BE6541E3D1D6B3312703EB1AA0F4D1238CE7BA7DE888C38DBCCAFF25C789695D,04CAD54A741297329432EEA328C6F91C21807A65CC918982DE0D8FCF4EB1F1552ECFC478AF0C7D5D8899F56D5835FE0D02695FCA6047917D04DB1A12CE10E86C,7ABA3C4A3EDE6883C0FF2195DD09ABCA76F6509CF6ED3A106748CE03ED35E1665D5C382FCE79C10D6B2A8EE3EFB043E29D1FA0AB42B5A37C09062EE038A9809D,BB5A38132171B72E9C1B94CE38B56D5EE5C8311209AE4813E60C8E5D3EF2137B92BA346D4757087CF1C86BFDAC66798545920A3AACA4899AE53D32AE6C6576BA,A68B6E261C958FD4C3C61CE61ACA682551FDC9942E52544D33C82148B3F142D1BE8828456460AB6B6376A84D6854240F42695ACC74CE7D3E34C3F56FE9017315,AFC93699AFD3FDC8A5486641A22D03B0D696DA2C2230EFAABF8A95C0EEF830656FBA7B0D857DCC6BA612ED3049DBECDFDA31688A79EF02860F90F3ED348CD97C,9F7B49E070A10D121BE9ACACD8621600623D6C54B7212498989599660CA3E2B0B6529D89F6F080ECD7F9A34B871A74926515411187B5E8087E479AD4CCCB8429,9DB383F86278B2EDAE1C57742D722081447AC6FB7E1E3FD603A3075555024707AB85167384CE3F66E1695C6BEE140DDB21FED2E93EB169C8ED1BB848DF195B48,59ACCF5F949D1C3F39B392DA9722B8F94B7DF0A424F2CB5FAC45C5BE77AA115A51CE93E9469AF4AB4BE9B630D604E4378B5AB8BE9C0B2DD6EA98CF81145CCE5E
1,Linkja Project,999DD41D6E168880867DAB7FB3D630084EBEE4B1259A19B2196B76A89DC38FA8BB7D0382EA7B6D9941575FBBBBBDCA20083D1A704D7BE11CDA4FF576479D5B03,,C69720E2C2B2FE12C116E23D41B885E9D863462663C6E31F8FF7CBD5A3754658B38D23693BD3331D6250E79B33C697CEA4890006A7FE3F0D74FA8DAE2A6165B5,,815F60FA64DE3822A924C06D80C256DBBB7CEA01771432C6A44AD41D758B58370A962D91CA6B7D68A152C2BB49CEFE0D29525635C9642337FA1CFE82B89A1FD6,,F91DA21444339461CAC494070848E834DEB400B7F7712F7AA02FAB5967727B373A2151FCA7BB63817919972DBBF9953427F2522E0188A4CB0745E6570F110982,,10870B42194DDAE06099B403080F0110093F6525B69778A6C8F05B6909CB4476764F62AC46FAFC693444E11EAD75E28A58177732F580BC1863F201E357D69C35,,
1,Linkja Project,A57859D177E097311A1547124A44839C8EA4E1EF5F465C04DB74FF2FAF0D07B61C0E9441876C0A99F3B17D63F56E950429F63A7AD36D5D6B0645112A719585B1,,BE084DEF6E0BDB20F271943EA61E5EF5E1DF1F89F921EF7EF992C4FCB3F00D7AF92E47837536581CB0F9482B1A70BCB9910D1D78E204D5E87D22898885728F61,,823E7FB31794A558C466060D2B932E3DC682CDA8EDDAD0EDB97E16AAF8719666C0AD34EC8B11630F9590370B1E9486C01D766F5B332FF5EE8615118BB073C206,,C4E08187772902A7EF2F1F515D54CE55B928E2D4EBDD24D3E65BAD3613518EC863C3918F48B251204E8178F116C3B6A0CD1A08BB78779A75008F60DA51BFD470,,C050AF1052ED94D4EF85849B2FF700F89ACD887E6F3A13D6FE47D95A0F38ABA154433E1A0A618A518C6E74BCE4A8ED6941B458B630321E86C3A29F1F0C163EFB,,
1,Linkja Project,E984E1BBF3C38C803945DA5506FA0A8EEF6D24DCF5E609F7920CD3FD21B496775ECF10F2991AB66FF014ED2F8EA6014DA318BB71FBE355C42787F34E6F728C57,,0B81B114298528061A50191051F9E619AFFE7F61D25900B8E6D26BB97B00367BF68A46AEB4F7369B1F0E8FA69A2116DF6082C15EF9868B11F9047849C0E177A4,,C4E4B76199835467F09918C566DE9B911183765CE8B87FA06C0E7DD3A5943BEEB1D1A6277D9BB56EC80559646F4377A03C1FC5253C3AC81E5C893BB8B47086B9,,B4CFD0F5966617361F7154D67DB8C82C09DA787E0C9034EF8786AF38BAD92EDD34F558E457D3A67774D05C5D94260B52065B4EF51DD61424CBCFF2774C0950B2,,FAEE92819246B5AF5F0A7679D5BAA63529B5CD7A05B0CEBD9E3390B633A199393D23FA276ABA04314E927CFA5D21C910260505750F01C3365A173D48C5071FEB,,
1,Linkja Project,F6540C8D9AD15D94B0A2CE5CA67A399AEB2DD55AD3F6AC1717A991E47D4C1AD22599B3A586A02CAF8058F5F913E3BE10AE4C01C105116627877773619D9E49D5,E99A2413847A797FC57100C5E4BC4E502924F184966E4F0FCA9A14FF807F68C17DBD1B308BCDE57CC3A5613ADED5384117E123711A5DED489E59C8FEC3401A12,4310E05E7215A4F1F6DE6751AF6D868472548226309E01F23ABAB9F3AA241E8A0C149B8027BFA91DCEF3CF19B6CEFD6A5CB440C4DBEB4E128AFC47020687BA58,8D1A8FEA611410994858CDB7A0954394B58882A2C7D7B9F5AADB903F7C878AF41F5DE38554139355A4FF4E14E7C5BA99D1418CE6CC086FE6776A0AFB463F468B,89EC41BC7E40774F8F8C18F49D6A18128F6F7CBDCAF803C72035E6C4A3B0734166DAAF14D505C761100BD6A8D4650D18488076E920297C827E231952C60984DC,E29F79A258275A4AEB0CA671863563C0F6DB413D921A0E284D34A157FAD93DD4310EF8E031DB4D0FE76751F6F7DDFD33D5AD454A73A0530D9707494F7F085DDA,41CD9347E07CC52ED8A9675C95D529BECB9EA20F89786B7AF8E906C0A6E7E4F13C641B4258AE4A6A8281B762230D1DEEB73A775D3BB7B1982314352208565465,08C73B669824680FF83829313625AB57959413112F5874464B9B0A11F0438B555E57003D495156F5FF8DC8C7C8114CD82877D38B71B8577C9BAD0F3CB6880125,FDB9EBB87034B122641556BD0C6BE5C21B3F64CDBDF60A97F078AA15BE93B797572CF5DF04CD6E7BB19E1B76A15E8445222A94AB0548F0A474D8E68B989189E1,E4ECF62995D6E1FE8EB69D4F8843C2155D915A61C37210B29A7F61B85333F89E835E055C26E7821E59B2CE70056072AF646B0DB6797C9040EAD76C5107D3F123,33FEF38E2491A990F0FECAA2A73460668C206B2EF84F7581E85547C2AC1DD9388223992F2BB9FAED569CDB678F24DC6BEB9CCBD498B6CA63CEC6E366E56EA383
1,Linkja Project,C176BCE1E225E6BE7178CAB2BF8E417B63201994BE8EA9BEE09B244F9D59C52F65C3E8E3CC84A67F2DB308E150058E957907FAE9B2775BD6C21F669C4451D1E6,,BC99F3C60D247B45E6FB03D048DE970B1AEF7C2EB6E207594B155A74B373FF33CEE2DF48D7BEB65A45EA6CBAD379066EB7D7C8CF57DBBF92C7C2FFACC73ABD6F,,B0ECC270582B347FFDDBB5B1842603C5A9E6E6FE352276CD801F694BA93D549AC7178B6D62D19A418D64008119BC186DA4667E7658FC7FECCC2EC44F1683C748,,81F5C53A881E733DB319A0C369E7B6B0A71E5C39617A098C72285957474317EB41FC9825E8659258670D0550CC070D5D1E94C9D20C4FEF4FD051AA4FBC389916,,F549E73D3A5C4FBFE03930A042CAC66CF4389B15A471708DE9161157A9ED4341B1B55C8B35621D844358903D0FEE7318F1BB3CA6422BEDB546D1BE8E2A65CE3B,,
1,Linkja Project,952A3934431D5604F4C14CCE2F89494AD12C7896E0EC11D2DC5F023269DFE65759AD73053FC1BDA407EE3A79A98B8AEDB36C9202B7AD792FBDA085BC8FF5DECA,,B5E146AFB5D900B45794D3DDA7FB0F74BAE2404F2C291DD092C9ECF13C4C5CC61620E2A5AABE06A03B7E7A70B2C3BD1D3F15180EDF6EA9C3A4CB54E40F8C402B,,81DC36B7F88948ABB8B77FF3468BF3D4CE33C9E529E43790102A5FFD88E0288B75C6FF753B90ADB88C78B1210951823637BB9BFA5F3ABD2F53634F405CE3B3C1,,63C71C5D5366486E889F686AE3B7C5520D979AE46DDFF3C097F74AC4A4E29CBF01DD7B61B2BDC838F1A6AD6D63C65AD7AB3958B11E59404478DF06C3B8FE2B33,,F7A0DCCE8B811B8F6C748B28FF724AB70957D0EF740AD8CC2580E235F1971E1EEAA4355F233AFCEAC2B74C37D5A45F0B350273E7074D2A71873F73307C7D33E2,,
1,Linkja Project,7CFE39BD91EB026A18E1BC8F41380A0344400BF4786B0B9D1BD4B17657D28A7F0884BC2EA3F9632BD3136F33162D5A1796659A1EFD0527E806245C05B9B76848,,BE795DEB7A9F5F1E7D08707FFE18B2559A1B24C45D644C375CC9ED613F8B413E3B56048C3462FEDF42A7DC49448CA5F2D9B7925332F40B9A667B18DCD32311D6,,5ADA29AD728FC35AA2EBE14D0784E6A99A62ED3B570AE8C57116B8DEBE39B47011B9BB6CFE362206B8009E0552FD5FD973ADE62CAA775F3F8AB3D6F73DF4DCA6,,EED50A5E405B82DB5D6206EFDEA11AB8EFA4BBCABF02AE873FEC9B0ACB9324EDEB30E80ABFB48CE74B278747ACF3E994E994314CA303034AB621AA209328DCC8,,1CED0EB69148C49F62FF61017119430AD5E850FD88964D1B74A5A622B0DF3B207695917F1264DA7442603253649F19094D9044ED45F1C3EC80289973CC20BA63,,
1,Linkja Project,29B6306F606D4931D66AA92CA7D3904D83CFC574920BFA3CDB137716D00FD2E2F3AF4DE8DA2FCB194A7CD84BB8D8F1D6991878AAF4B7E3473C0540583115BA2C,7363B7F7210CF46DF9D117D41889C9F6308CDCE24DF83B94C78CDC64A9992BBD4B76DD5C6597F90A60F280A531113322AFEEC88C0AA95ED7D8860AFD8E8AD10B,7CC102FA58E4CCBD4BF73EDA4D73E585C1621ADB40C55207560B9991D70D33A807CE5749B5E9F5658D0477C82C31F2DBE4A654462D33F7AFECC2D6691E74AB92,5878796F7752F12F484FDAA66413AA3DE4DF5930014DE5A7B49B658D024139415C64E4F6BAE8CC876442911C3CEC49D7DD72081FBFB071450ECFB0784C7A7109,3ADF62C30D259BE64B0B1140B3312842BFA8102B65C2EF0EF52F9C6BD497C0BCA21807DD5FEC22DE397AFE2E7062FC7457AA3050105A21FC947D6AA51CBC4DF4,1216F5E82C16738780609C0BF7BD00192B783B1991094DFBE99FB13C84E3F2342D556F2538F017EDA9E5401F3D09FBF04C76C38F5A659C67EDFF0F948C51B487,F2F065F868DCF72EE9954DA849810AA77AF9C71CEA9E2F18993DA281D709A04491D8FBF05975B53BE04EBE6E58732F6A8CF38BA1F7C186E7BF0E740C99FF867B,B147A5DC99DF80ED566710501E6E6D6CE4DB3BCA7F2F61E8F7D6DFE6DD2168B8D340E900BBAC0E7A54844DB848BDD51A86B7C1E96928E3B69FB8247BF906C52A,8737413CCFD479EA4A30211836AC43588A46929A668170EAE268EC0CFE3AE33C682E51E8B7E0C38C0B540952E812B97A874F6530814BCE775BC76A6A2D78F44B,C9E96FB1F14E2A0A09F79CAF40734FC19671EC488C90C582AAA15D4938700ABFFB2CEED91380CDF9C6D6A40EE68887E868C7110FEE679804A54ADEF717E4A63F,D1A2F1B1F2D6BC3C5F77C901F0989714C8EB5F79D57B4C8F476AADE0834508700BB19722DB2E2C34324F01E43E101C9CCCDC7C1AB7F2A054B41ED8886492D4B0
1,Linkja Project,56A4A09B6CD75FBBC3C2EBC0D6A545A1BF01541D308D52848BA332611AB9397CA5EC463FEBDA12A257F58997DFDE183BDD442CCABE7FA7C5F300808FB8A7F496,75ECDEAF8D62C0E696D7EDCEEEA5B393EC41CBA209CC63BAF1F851288DCEBE9D7DFD8734AA1817758051344E0DD22AB0F1C6D7F798B6A56C3B2B4F143E3BCAB8,9746C400AD891FEE1FC0DA17E88D70C335F02ED9F79E871ADA5F7876333234B394E895C14CC9C0AB7668BCFD60FC5800D53778FFD978D186610A682ED07C5221,6E005A5D962D9139D108FEE49723C2438F286DDFDD4A493A5149FF637D7EAD53CB7708A24307A855036FBD361E085FBAEBB9BC792931A9C0A5246A901EB1FA35,253E463B53B2E85BDA6501634C24D065FC2463291E61D347EDE2E938D63D0443262C38FF1B721399D40EF0758BA4CAD91D653ECC938178EDB37565BD489C1AF3,BCD9CDF8AD0BCE465A18524821372D4613141459C6283A3FBBAD0439A56812F31B974E4193F6245B1581F9E36EA9F7AB937E84CC6FAEE3FDF2400749F5283E08,F79D3869364314823844527E202B46211C34A2714721DCAAF633659F6E134CA5DA82C51F1872A10ED860D37662FAD0F56627270FEED9634C89B67CBFAB72BF59,E79A191DD5925C3E97871CBDE1AFFD1A0E65F4FCA3A4D48A7769EA8B3EC5E50AC1AA706BA551182E2D76180A8D63CDED5DACD3B206F46F133DEC479FC337513E,F9EF4DD6E3B7CB375855C209D507A14E08BC65B254286C0C763E21B22DDF1BD70A8D387E06209392B12069CA4A68082121A17E6BC220D2CF9FCE2E7D1A35F842,6B20D3888E91ABF85F381C674ECDDEEA8CFB66A69E5609B3559CC3E41C93D5C4EED57D106D7A42E59FB0297E5BC82152E0825E24F629346F4DDC7E787E95A28A,ED7795B69D88B14A45763724E7F988CE65C180D856E588CA1F70DA195E1E5521D8E901A72912D1692F03918D33D7F94B55C32056EAA50296FF0CA678D11AFABC
1,Linkja Project,7A04EEE60E5CD001DBDDB283F56FD0C1D7512EBE0CFE199ADC200DB0CE71BB8F0A24ADF24CFFE9F42C64E10BA94F8BBC0A03E2EAB06BF298C3FB0BFD9C646A1B,,BE2C510D1EF4E2B150A97FAF50EF6A927ED79401911007A3AD3DFC58AA614335C5AFD23075C3B7A03F095688DFEFA744303279E3C62D7B820D482662BB97430A,,4903D9A56CFB0AD97942815009BCA2BE5D66D23FCD198D33D4E7D1638AACE127E058536E4E37AA5040D0B39A68D8E6CCD0BE94FBB6C3B181D49F119F6AC9C597,,6F522DD71E7841256E8F04A0373297632BDC1CD1EC8830CD2E110D4C33016672EEFAD5D6A6119A42661DB368EE89DE99EC2E4AE02720606BC13B1EFA767CF78E,,12C83706B3D290C5F81F7F82D719530D30121D8B8C17ACDEDB5F23FB47A8B101A6358B0D08B3308A31D95BB192B1938E26D85400E8F2F7CDC8ADFC7621D7A126,,
1,Linkja Project,F63D9FCF86020A24B7F4CCE7A71BCE249B284CBC545A6ACDFF1A44A69F597C2F922EF1EB46A93AC100BA85A4FDB04910F6FC2059E133D22CFE2BB37907BBA22B,,C7558481DFE103B249BEC3CEB310ABB1C742C3EE22A278BB30CC4BDE0733CC60D9B37A96131C2B8CA816D51CC04AE1404EF9908247D42C905FF6B180AC2BECD9,,F117592E847A41B815FF9D91F0F63D481337BE2CD320A4345311C37AB99A211E9832E32AD81D8CD65DFD9BACAC5FC2B0A9CC6C5D3445FF473C94EB4516EBBDBD,,7D92F5F15732460A64E4B288A658B967AA9F70FAB05AD073AD90B23ABCCAA6F2CB6B3CBC6ABB753909DD1A2DABC74A86BA401E727198C8231CF8590166B34A9B,,31361256853F6095116B81DB9ED060E38FD06DD4AC3BB0E68EDAF3A8793A70E8A7FFDC8C509D7B5F9020CC4D139748AC24E5585DFF6E1527DC12C3B4DA3BDF2B,,
1,Linkja Project,B2A509C4218A64E5DD9D534D714D6B796B178724491924A557D970E0CE8757D54D905A299BBA9A9611D261486A1A3FCED3960D0E4134EF5A70E28AFB23E74883,,BDA9F04A34EFF248D10834B5505FF31A43556BFE70D7F8656343FBBE8DBA4600671A72BD3E6CFB6BEC5060DF01B53BDDDDA3A9BFB58C2BC123C24EBF42A927E4,,F2BD11358ABED8A7A22BAF922FA0DF8D6F8C0AEA0EAB9DAD7A898F527C994C3D51E853350E8501607770834849C1D7E19458C13F8EE11B07D60768B7AF639AC7,,E3DF0E090CC7DAED5EA54289610AFAF2B4BBF4D3505219E0A25B86F19A2D07694BA1C1BE5417CB7038BFDC9261A13B8B5DF17EDBD5566F1CC72BC529DB652928,,41FD676B96E9D4971FC46D001753AF4B582C419E15EE62117A8131174A713CC7AA36375F115549933735842DCC0C126E7718B3F60F081C7DE81BB7C937DBC067,,
1,Linkja Project,3186760375E05A4FF12345B2548A3E45504B9F0771CA5E31072282B220E68B88AC213801E5CFC8B8EB95545D60DEB1F86352EA7CE508E9782406ED8A1D77A10B,,27F1D534E7A95AD9B83BC0F7504EA79534C7BDA9F51E519EC849A782D5A6F84BBA95080F0A7D472ABCBA438D0A67637DB0459811229A5AC046747A974F4789CD,,DA5B088500116ACC536455B0C563F83249EF989FDEF37C1462E2B40372E8E738F248F84AC3850F63728A54C8FB26093A611283C880C77130BCEA93ACB586BAAD,,3729AB330B32A4A198D8CE7AAF53F6F8C1004C30AAB55DF3D14DDF7D6DB4C68D7E4C65823DC8DDF28152283E45C177AA8FC48D8BDDA61085DD1417770A79A761,,E1FCBCF04F2656E33A8E185E61F0324FC726FFEDF52582585E516D477060DF0B930B7496B8A47651EB1071A07CD9888C2C97411BC6BD15C72DFC40E3DB466A31,,
1,Linkja Project,2037D614610A01D437FAB795433A0C552F711087E9E7E58DABBF61B8E8A22ABCCB36C1B862CE35E52DDC323078AE8B4D3C508B2AD9FAA312B6AA4090AE1617F6,31FA41B9F41E438E6DA2D7F55BDB9F2612D8F767269F4BFB7A4D6FA5513BF9425CF443F97DF86D6E2F450C99DAB5832E18A33083E598CE7F286730D441B10521,4E2F930DFE802FAED96EA960A5B9A2CE7CA45C3B7D10B9EE3026827057126A7635B43301D724EDAF079C609601EAEE6CB5DCA6248D20AAB97A5F7D3BDD54A7CC,306C6C5485CCBFADD5B0A5C64F80E3481BB1364568FEBF03907A22E85B2AB47329125977CDCBE92BCC3592B03CFAE4FD78BD6D04BE7467A55772B81A0BC5D296,26C6E5C44D12D6D10EF82542846226254A37ED93AFD52506E60D1BAADB3EDAE4BAD1C30673CA3FD55AC037CD43142E997885459C8A17CDB713BF3EE0CFF61E07,61FA318C89DD7B0C90E9266A97059B3BA53EA2DE3ACD317678545CF52B560FCFEE019618E454B6D802529BBC3A50521E46F620AFFFE97512AD1BAED07C2F3E48,757A2EE5DC43520A97A106F7BE69EAC91BED4CB7AADB7366BD0F4AFD49A4BBE654BE6E9EA2D7299546D9236C31683138C237C737F29E802310017E0CCA67EC2F,45ADDC8294F39E30043518E2F4B36E62458E5AA40E49DF4F94CD28C96374A74ED8442676E6CD1DF82D3D3351183FC3D355F2175C2744A7987D20A703EB4C85F9,25DA4874864D420B0BADC4026BFA93B91763629659B70E9C34F24353E4BE3F63D3063A089C5DB6BDD5F317C59DA588236E7A7C61F88E5A4F44E69C31CAA493C9,3681BC6C210D957D7DCCA202E997C4E58508F7084783089409B6147C75A9C5794BA4247BA7065D203BCB7993A65E98D2AF2AC0DCB622D274BEF996847BF8EC01,D5E0DC948A3E078ED6111B5CC91A2C60DF582323010BAA94D363A2717F462803EA552D53F89A01378F3941706B26041C9113386C54068456EAF6B79AF307A19E
1,Linkja Project,AD0B409E25FA64CF42B798261BDEFEFFF4C0B7FB9940CFF35A11FC74C20388A38034FDD6157BE881EEECEDA598FDAC29C921B8D5C24F3C8D6AE1AAD33671FE32,D3362B23A1DA5B2BCE44FCFA0F4BB773B1A74C4CF38C09C76178DC4F9A748CE057C909FD3A279DA18038A95699C6B2EA7712070D359901A6AADABDA61CFF893F,B28BFA56F8C8202941A17C2F474F91D01C49FBBD68F58D449020BF6BDE7CDBF0F153D6B633CA9F7E89AE9D8A374D3C7B78DB74E2A05B1B81382A83719302D284,8FC53363B568ABEC31F6B755AC309E3929201BE8CD4006F96592FA03E682193029CF6F0A39C38753CEACA03B31D4CC57298FE0F618F35B8315F00A5D40917D2A,87042A6761BEC8071A9010A8C0F4AD022ADECF09BCB16EF691570E507FB4143655248651340EC0AC018321316D74B66C3BB0B4B8D1DF111FA680C839E35A6D5C,EEB67AF6058C6D60DECF18DB104FC695E257E1864400BC4D76B311FDC76CFFA9C209D010D8B47494C077F3B635C7830FAF5CF2A781612B7014BF2DB597F1D87E,04E0BD31412530CAE57E8CF07D4AB89002F39FE948D7FC1FA117E8DC445607FA9D596AEF793F8079248DC007609C341253437C97FEAC6C601FA291BD46ADB9A4,5DC8FF139417DA9A40E3C355BAE97615A80E59C8DE611C9E3548BEA488060353C31C450A60DA4149DC8FFA5C221A3639670A5CAD4BD7893CC3EDDE06F12B4F89,22A238CDC4539033D6FB251C6C4778987834B45CD653B466865352F7CDD195BF5E0C9A27C488577CBD4CD1DEC7A387771461B0D9BC4550FF45DE6C2A6A4FC2F0,DEB025688813CAAE82562B34CE95DA9A0D1BC6958201C10F2A4AEFC486A171B68075B9CB3E7C533CE2DE636831CD2FC217556F629793EE027F0D9EB2B3E3E00E,CAA5A0851D4FE930BDC7E925435D20BA2ACAE9D32E28C8597A446D74D2591F5FFA0B09E56C9BBF0D2E8EFEA4162688F124E2CBEB0919D7D33E6AC95EE7F6AD8D
1,Linkja Project,9E6E20A3089A461CBC26191B496BCF6628A946CE37AF495CE3D6F7D0652B3964E14646577877B7192B00BA17D41EB6173489E1B016B7AD4F75725B6BA4ED3E18,,E18DCABF4817DC4E8E8AC3F7517422911AF19CCFE976BAECC23BC7A2BBD5AAB135FA70411DAEFED63BCCB9D8ADB99DD4B00903B8D367DA9DB60159713B4045B9,,E0E6E0C669E90D317C1867F01052C5EAB09ECB2F7C0612507446DAF85C8B855056BCDF9EBFCFDCDF59124E6091355FEFC9BE0A0739AAE56FD3E377EDAEFD766E,,643A9D25BAD2E4059E968B0D17C7B9FEC9F0AF0FEB00256201C7BF89C1224EE0FF3EFCEDF023105F306CD0965E17925F3C99776F643244588535D888DAF04159,,8BB79B5251E5C56B20B1FF212D95A4D178A66499A2CF3C2D6CDA9FE3B940A11A98B2276537A107E7F5F7BC2D864880D4A7A5644D66521E898599A9B39CC4A85B,,
1,Linkja Project,2194CE726C096ADC56E906B0CADFC6DAE4721AB0DA87813C6E1C4E1DA819801153AD2D75EEF7E21D8DCC5C187326E88247178A9962C036BCAC8781144A908BC1,,769ACC95BCC14050F0D2606107B567CD473B7EF532E5CF268EF9DC20AFF246705A09A686C0A5B518E29B162831249D7534FB9EBCE8AB15DBA8E047553F61ECF5,,1991AFB08A4202B06551025B2DD450CDFF57DA46963F353BE7C0AD41AC5ED3FCB28982BEE5EDBE0D35B5C460E257EBA5A63328C30AF858DA8A479D8764FB2BFB,,B05B14EAFAD84BDA49E9A548E5E0E07383675DAA130BE1D21AB3100E2152FC545133EAB258B22E55A2987FEC6D373FB0284703411835224289F2442676384DB6,,34E45F4BED6E7D98F26D2FBC8811E41FD3197FF2EF8899A56C4C54F0B766283B0DA111DE64F22A4CF078D201FAB3F9B70D1C7DAF60594AC5F3E1227A5A69ED6D,,
1,Linkja Project,72968A59071331C06E57CEC030063671BC1375968AEE42F594D4566663D68A8F4E2EE2BDE25A683F8CB277417323C9749BF3C5C2A318F4B8CDD1F41C84D32360,,9EADD082342D58884419F213D684919CC125389B81A052D5DF5740EF67DC972D6D79E615DF3F159BE21EE256C4B7BBA5351AACC16E194B7F111AC35FB00C6579,,7D7A3903FD85B54BD08F328080C862259D25B06E0350F57CF26C14A7208C8D2262435D6773FA6E3A274DA8F8E8BB39E7A4AE8537CF4B4CE01AB55D96DDB0AB17,,A109A84E9D4246B9F433389471DEB68698C89593D6F5A10A0810B1B69767D06BB097E92EE442C51F125271546138CEC4BE5010CEC75EF0EF7A115A736E64DE73,,5249EE8DDE2ECB7DE85F156D1CB26AF802EDB3AA4EE28FB0EFE3B154C2A6BE4B169FF9C4061F3E9847A920C8017C38074B1C302E0FDAB6563B3A6521C7AD86AC,,
1,Linkja Project,5A785A3A8312B11FE67A77634380C09C0F8B4DA055C416595368E50AC6EEE7AC508CAD6316F64C04F00092447156DF8147C7E0A19290A13BC3EC669FF1D690B1,,184592A02CC5E1F9372C41018D93304E2D91F5AE8E6AC99619F1C3DF9DCD6D919C3A1E67F4CBEFEE7C5E65B7112C2EC752174B6769F370CD9CC6B98D9A57A58C,,4BBEB39F4E6F7BF1E61732BE39116AAD270698BBBDE67E972921C85F520146416B2919199EEE96BB287D8B6C60B95544AF6752834D627D32205C5BD93205BBF6,,8A0059AA81BFB89DC72FF1D05994889D366311F2D6E0501EBD6E711337AE1961474394C85D5813AB1B31E1A3376497158FFB0E8582EE55B8BAC4D7D7683DD0A4,,689D60B87C6C263BD03BF10E94985DBF8F477B4AFC59A491C534CA9FB6DF7BE4C4A5AE01BD43BAE7D2D326562DE7F7873A09E99BE37C49869E864EE137AC00ED,,
1,Linkja Project,CF4B8F9954C0D3CA93A00D2E1284CD53ADCA85787E8872E768C927694533E9B6DF90A0ABF85FD6E4DCE9A9C55E8E130943D565E240BC7F553FAB0AAFCC5E26D5,,027EBCDF7399767BF258ECF8156CB830595CBB455B4E813594F67C8EE1936D9F5AE34D9EDE0CD5E0348A77E2A36DB81CE5D94155BC0FA3925790474A2E68593E,,2F1C4B58A13BA6342268C6399A677043FDC1F019F6B3B0BFC3099B76528264956E4A8A3186E407A2D4789738A54C7215D869CF7B6A45E511CF8829CF7788C42B,,3AEAC55255F895515A38B77FB1A8F5CEEEDAABADC9F47EBCD3E96FC1E2D2485C23B5564F581005D4834F5B3023094E1574EF82852DCD8DDA857DB8A388B07AFA,,0B7B1858CB1A138713F6458A7855B3337495068F441426EB12AFFAC4ECC46237754EF25522265800CC2B23F92AE7467D0B889E4E7E2C03DA41D4502A40C0F92A,,
1,Linkja Project,240425E60CA2C1DF3CEB440DE887664EEAE2FDAD5E90B26B5BC9D86CB01F6A4C269D721159C3DE183F40B5ADF7289D2F3D55C002A6B2404F468B2FA95E4AB5D8,,D6339D3889A8E2D6FD1B3F56E77C2553DD92D2C1E99EBC995E1721AA4B5C0C5C8C59227A6CCA3E4000476DB03C4EE03669F06D6C6E276F3D5A32BBDD8299E145,,DED9BBF48456B745FF158F70127C58ECAE95325D6E970E5D5744E853C9FD4D9F45194775D12A882D085FDF2D539C295E18915BCEB41737FDA40642E3B48BFDD2,,794FDA04335C1E8E3401A05ED0F26B027C91C83E936D00D758B17FEBE74864B47ED8603C080AC87FB03885AE25AA17997E7F6D89829050D7FCF57E489B35C18A,,76251282E65FBA00FADFCF68E3F341768AB96543A3A04F190BE066580ED66FF97A3EE90BB79A15DD35F1E2A584EEFF697EE528D749B522BF3E1EE010C0DC2E2C,,
1,Linkja Project,AD60AC6D8A0E1695E5E5F15D911EFA0B4E7C75165470BD633E30DEDA534B7393E7FCFED30400A8689716FFAC77183B996ABC15F30286795A3B49D793BD811880,,24A540EB2562AE83FEB4560197940A2247C30AA7C19041C92A25CB0B8C73336C3332C7A77C71CA5641185881EDF49572B89C08EDF46C2428E32AA871BC87806B,,A93675BAC2B303ACF5B76F41EAC879F26D0F9AB7A0D757CB8E8E0F6F7EAD1D93762E4776C9917D1C71C32B7C7B31B8F68C36BE6222595A50CB5FAA2E63D0732C,,406B0BA2F8780692EA5B493EBAFDF0692238F1B39F4222C48443C941F82254C8EE5900D8BCCDD034C6BBD134B79CF142492B51DC3D686F27B7DA47D82EC205D7,,C971AEB8E5F6C9765EB91136FF5BAE02D083900E57B5DBA6614984BE1E3443811A098FC92727B74D848FD414DCF9DC6166B0DE95FE7135376D7F34B66ECA556E,,
1,Linkja Project,E16F78E512B232DE5E40BBA901B23D281E9EF632E6461FD271694DD1B6AFD4DADF6132F6CB64B35FAF889F0B3F4FD3445B0A9426B3ED63A4CB3B17FD753F60D1,,864B0E2AEF6EEBF4D32942CC9117851A21840D9FAB2BF695ADA01576D4782236010C0E20DA2D349D84C43B2ADEA8398B7752DBE7E182D84B2EBDD23C1606DFFA,,FF3C082358ED93507986BDDD1E7F7F0DCC066310F957892C4C33FBA96BDE0E2E7D2D3347468B0DB1B2F3A2AE20EBF73DA25BB9EB8941D8E74530E33296CDAD9C,,AF6678E2D6A805E099AEC09E41B363607F5BABB8856B975D06D9EAB828AC7070DD16379E4F6D53493D291107598B4F48AF5703E69B15013ECE10231777B3892C,,B2F2298221AA8FB8B2458F246D272ED305A8A1EE980C90802ACF16CEF3098BC20E8401F76AD4B672861F1426B17891618F7A13FB86574564634EFC33B552DE48,,
1,Linkja Project,16D1F9C929A6B6B8966C6A1B3485112E2C39CD1EB83B8A45D477544CB57C79CCC154BB1FBBC68F6B11F1787218BBE8E6A5999E0EC404191AA28248FB6E8A1CDC,,82384445369EBDB945BF468268661DB8A32CD65D39476DC07B136B115815F477EAC42983D48AD157E009A137CB6D37409D57F0CB146947FB10E1435B255D6A06,,DDAFDC69A7DCA9DDA343F2A111FD955942DC86320AA104FE84B1606DAC5FFC3A559A507019B2CD65E81BD1CA79DD9AEDBE4D451734A8DF5DE499E5BE06B13A9A,,44CF0F64DA04F536CB0DD1ECD2A66A0AC9FC1286F79D1710D8F2764071CD14B5DE4DB71B54AC14FEFB991C309FC0E11D1C3128F64B5736AA5154FFAFF4694C76,,EFB708F0656D2CA27BBC27F7540D9546BDEA95A29412376C5F9155D1C14FDCD8183C4203FA446D13C37635C4A0E8527573CC1E4FE3E8C3C03CE2F02577BCAFCE,,
1,Linkja Project,DC3A9058D89C2BB85F99A8ADDB9E657B06F514656A40493B6114E74B5E9A172EB548ACF632A8F715E235CB1B4F540CB8353B5453CE8226CC667C7A03273CA03B,,9787342AAFD21B6E997F5C839E7C7E4E2778FB10292042E60FEB274DFDF00D681EC9291756E77D7FE6B84AB7A3CD3002D01875656288841E04A4F6E4BB5D16F8,,8D23982F9660A5A06D78260F8D10A94300708CFC56D2D58264CC3EDA9CBE0F24C1A24DAC7F6E77198B63B3247D2851F37919DE89317110105693C708694CC6B4,,F459DF9D159FD23EC74A28CE2156F9EC039249C073EF0C5E945E39D84F89032D02CF09F8E0C01FADA73C4C542C71E74D534BFB1A1DC7B6C1F8C4E9127645C763,,B85D5966F4DDB90BA372D56FCA8B2015E12FB48C895F3A76872990DA4B05EF46FF00592516D2B0962D7D9FCB3D64D812F8875C7B656FB1A62E9C7D553382382F,,
1,Linkja Project,F985FCBA0C2C6EDF3FA380FC041E09B9F302D9A4B46A03C9A706F6B2F75AD59D349BA1BB87C8126A1B7187A41E8B8ED451F66B33040E3A49B4A3BABC197F338F,,F3D4B17F24ED426FD4A8A4A3E3E94534944D7C475B34B3AA57E2289A7A7DC1F02A9ED295D185FE80F6CDD06A82F8F06C4F8844134EDCF36B15ABFD433AE154C6,,ECBF7150AD2670A8AC3CFD20408B38840F47F9E803A2FC9EA8504136A619A4CFF23CD9B90A86E83F4A48965367128DEB596381A3E61B440D860CFFD68DFF7132,,6656D058AD4D2EA8143898051869BA4A680843E38C32E2E3E4AD413B8AA021DD659DD0579CEF9B9578D883E0BBF4856E004F0215A6EEB406B0321EC8CE94C57A,,5800342FC18FBFC01FF1E4BB944CCB3BB031E20FAE5FC5B24F7002BE806FD1E94338F77FAB38C0FD0B30EE177D38D3F8B0B7CC4A22804BE4DE6C72478DB174C5,,
1,Linkja Project,DFDA1F3FCC08784054E00430D7DFCFD9CE756BD30EC751EFE226FEF4AC820286DC79AA4ACBF5CE4BE1EDDB9B60117652FA725BCE39086A7C491D4345AD78951A,A216B54D64BDB5309314B2A6B29B53A1AE68D144A55886AD9A3338124E001F1FAEB95C0C298AEB6A47AE71D4D3D5E529854E277F5A4DF17440CFEC88484A0BD7,45BFE312813DE19FD746399647110A9FF174E862A4F5893131DAE833FD45898FD34786A2663A0F7824B2A62EED827535DA82AE164777CDD745DABC974CDEAE68,430E84977537C6139380A588282B8F7E8872D441A03ECA9C609DD9D8DA98BE8597026BDE310841A2D1AE19EDA6F229DF8D1A9DE226EEF6B7CD134317C72DFF6A,98837D638FC8B2B75F5D8DDABE76F81781AA48B5604A4F73D0897FD7319BD291E410A3031FFF7389FE38CA4D7051D11FCC37DBC56D0B198F12634B11AABEC56D,398120FA938D06C2DE67DA93E6B4B5074BE2A21F36BA0E3097B6FE7FDF98A45DE98789CDBC51844CAF424688A1F89801594AA322B8DCB3FBA5EF6BA05747CA90,1B415107A6504457B1AA76EDA809B5329BC3063FE2B1F39D88510572BC0DFDD730D1761C902F01292C71E801483B5423637D4A1C2D3376299D81B36EB81A83BB,AB07435C5D6F55ED34EDE02E2B656683AC5BDF5C80DEF340DC1B2ED3A7C192C81D27828A871184BB0107118642B32F45EACE69FDD63DC9EA49628E9A120F7B9B,0E6A93045D138A04B357A06C0D727A4D920DBF3D5FAE46E485412BFEA826FEF4721F1195956A75BC57AC91F7092660C3BADA9FCC64A8553E66C789356653D248,AC076831751C3EEE9C6F32A08652629EAFDECE3BFBD5F269E305088601F1AEC6C1B43B5A9878B945EF28EA99138F17B8B80CAA5B0857F75B28F38CCF6061A885,B494EAC97E392EDB08D4A2A5D363FC42F24F1956869DC5FA54E1B3A2448E6035C1E9140C6BFDD72981DAD43DD0BF8DF1824F84FE45EE07C848D74EFDED23DB3C
1,Linkja Project,52D266FF1939EB3CA8B6669589399614D95F3F6D6FBA8747ED1BEB60805AF6E601CE546E8B0145CD98C503778698A84717D9A0DC129AAEC7D36DB42A293D7E7E,,832E9C89390D00563F47A0447D64F11A86A5817A1E08FC632B17878B575145FD76389B0446D2722135C75158EB803C28A25030E20EE117DE5A1CBF57FF47583B,,3E117B832AE17293EE136AD8532E12C52F22F8AA5A503C3F1173F1808CB6B4EB470FD1A0A1F7F8DF3A6D223E52019E9520A3AA44E1B479E93B4A6D294BD446E9,,2DE454BFE497D6FA5DAA64B0A76355A43F5DB940BD995B948B3803BA30EC1FBBDBBC96EAE757127FD3C66966DA85984E190BB39E6569F689A4FCEFCAAE98F293,,4BD37EF3B98A1D25C22BE2A17869A2C8B5347282DE4F1DD55D0E2AED409D7EFC63D6CC4A569C4962E815E9242CF7D8374C5D40EA1969124503663950BEE48B50,,
1,Linkja Project,25C57452657CC3FB7C720B56288FF6F1FA09E4F484DA1F517A5E7E4912A1D8CDA73490A50DA51511DA937A7193D336B805CE7FF930271CC8ECC9876CF0001121,,7F7F67A580A4D41573798F5936BC576369604812EBECEA4D3D659D49D6C9B1FC03CF28F37B25CE60D6FB657C6C7B04BF7D189C5D29249EB191FC8E7C486656E8,,BC5AA01D59B10506FAC4A945127A66FD37696CF6AB6416EDFF9B783EDCD06EC961CC635DBDF9F181FA84C37C5761BA61AF1E36E62B527108CFF6F98875DA7148,,69650CBDDA63346EDCDF584685216138F21DF616138E5058C92D29AA36CE24D630352C74E7DAF2E13E1F0F73D986FB0A2276802A607F54C944D632ADC6C84780,,6752179E02FA1B1A3DDE87E903C76DCB9EFFD9D9BB93F22A7A27C7C0645ACA00E0380E3A8D569DACDF93589EF71FEE76FDAFC9A43F8124B2FCB95291D728E711,,
1,Linkja Project,C00677802B09A3EB38E710386B55F59560C4A86AF96951F569A151F278F9F924847DB1E9729192C305A2B28A39CA54C5E3329A1DE30381EC87F3728E23CAB957,,550E03F756CC57AA5817A55EDD57594A582E2FE3A146959CD8D53E2C4E57EDD5FB0A5D4EEEAD7EFAAE6BF2415E17CD41A8A182B3AB3E3FD8A1333B7293E70F62,,8780803136F706D2DF994BA3830B91F057DC0AAE6F87817E7B6EB47D35AF172735AE12C2757704FABCE91F60D6C7378A7561BA95170353EE7E4D8315BE17EB93,,C39777B448B530BAB7239709153DD97DBCB03D4B8ADDD85E788DD82B87DD6E6FC78D9351528D66F70B282127575EC957EF8B2CDF88DCFA57BE7D408D929CAED1,,F282477BDDF20322FB33DB910CEC841AD5692C6EB26FE5A5CF24DCE281F737FBB5B2DE7D59EFE6CD7EF1A1C2F52F17CFF53CE0748A3ED1A95C8837A3E8DD7289,,
1,Linkja Project,BF038FB8BF0A16765C20C3E561FC290D97BD333C91C84CDBED094DA60D4A8E0F352AD70D02E3EF6A228433C0FC0A676D7E25565F54C988DE68964831721B0980,,0D878A2C9B8F969ECBD53D7D5F33FD9A5BE8FD08240990FED15C7AF56908FA1687808E5D8FF003DA1416F72F6E0266DC2CCD45221CA16ED4436E2FD1C9943C1A,,625DA8DA63147C7B93A4FE3A337AA70BC811A05CD9FD4BB81C1D2607552A641ACA0D511A1D0F57DADB9B175263FBD59B5E67C2D3F591A1719CE0A8BD81A27156,,D453DA7C1491F1F21F4A67A67DACF6D6571939BCC4AE73BCD358358AB6B190293AF7E1FBC39EA4B42ECBF7638C10B86C5B3A45AD7865DDF738E641FED9D07BCF,,DD325BEB72E390EE1F8016F500A23CE786192E185513B7490A15148E15810376C2287D8C21AD6971AE1339CDB7000440FBC4E53EA495384E78062D398E306F35,,
1,Linkja Project,93C632452C08111B7DE9847814AD3B3896B1A162E3F3CA83676851F59D3CAFD47D0AFE97610CD16B7928A71019F25E7E75685C0E22348266F418EC04B10311A6,,78A3DC8B9EAB2A6A3A9316DCEC91010493718848003EE0422C591EA77981D070B82837BC3E3C8B0CA572E10E098494356A52055741D8F6C6A9682A425AA3D3D8,,9E42127C1DC7AA9491E669B031439F52642893E2867889A3431DA20881E7350432289F0CAA34F78C9BF1801E48E9E390F4119DC49ECA4439BE78A89DA8E1FC66,,22D04BF1790B569A7BBAABEDA4843A1B92D69C042CC16208743D608FD0CD12D1E4D239C1D94424114E1ACA395CF68D0C13C22D7F2AEC46ADCAACF9F4CA6FE2A8,,938BD9B81B6313C1861C72D578C54A3BBF6F39523EAE53885B5C71AF8767D2B41CEA22989C35CF0898CEA0B3A2793A750B1651BB70B0E62BEBCACD39DBC65211,,
1,Linkja Project,B66488BE4FAC490D9802640C03B9BDB783E3A9D4476BF0F0D93547295B1DF56DCD41A52F437EF7B0CEADFE824EDFAB4441AF132FE83565280011F174DD05E872,388E911A2AAA8B82F4E30E3D8955020752C1A07DBC1C2A40A648985175808211100DABDDB1DFF617EF2BCF759245863251A327CB653A7384BE7511152831B17F,9295C2BB9F0EBCAE307786918541E4D788BAA0C458BB4A3AA0F2A8B2B7142FEA3368B9DC67840BF0D2FE6A284A9AFFCA7B8D17BDE6BAD05286E63193D963B6F9,14A61A96FA40EB7CE74B84EDCC82160189F819904109B362BC158765DBA0B6D5A2F94E316B63C09412DE08150B77B03DF2CD2805DE3E6BDFA3381908A6C3E173,AAAF06269683E1C61796D564854BAC1FBD5E36F055540F42F45D98BB6257FE8970730E32EA05336B97EC47894A27E1005ACB395CE0D8C05D8114CBAA270A6E7B,86759E84963789574C85F0B182FFA7648679B0A7571E3F79A9E7C9488DCDC26F5D6DF0BACE02016A42E5479ED2DED57025F6A9E5A9B108E0D499596971B5AC29,5F86C9F8B205D6B24F347EA95A91ACF7C873F6D41A5FDB857586868E1F7DFB66CC7CF8DF3386D0270827860F9920F91DEAB43CF122F5EB78BFE9649C1006B9EA,B80DB50BCB5C8A591625DE83D85CDCD06F28A48A92D9847E98C600BD75E4F9D7CF75FECE6464FD32BA4FD90D32EF218098F1F1AF3585D5E6DE963920115B03E9,5874B8D4B4D131FE8EF1E4CE2B87B6887652D878F722123D8E897BF62EE227DDDAF83561401C76EC40BD25C4ACD04E49BFB60E9FB3F2716A1BD60A0E79C8FB25,5D1DC7475EFF8878CE5E7D71ADF4C3210710AA5E8A1E08DF29873928BC65411440A3D0D0B524FFF3D54A021B29D589B91184B5B016EF6053E41FB81B6567DD58,9C6707B92E468E978941BD9F590E46CDACC6AE3AF0945F75FC79E51F504CB7C7218151C65944CDFF2E2592EDE82C237927A745E9B4C14273449EBBE1251D6EF2
1,Linkja Project,62A080C68D39008D67C1B588C9ED671A2E91A6BB4F599D986F9A4946AC7305D6FB88DC9F3F7506631DB4784E0B9598BDB3D59B9973D5C90484011D0EB5515CDA,,A4EAA6ABE6D91A45E53F0011665477DB260D53F151A9B4A54A3B8DAE725880DEF4ED90CB90B5C8C4A143E0B8B206C8334357E583F477AE364CEDDEA04EBD1F49,,29D17A55C7B54ED5E6F8CADACEA2C649EA43861D91B517A055ECE45419FAE97C3FC21D2F86A2AF411D6CC5EED6F9448E3C64C092884BC1222C92250C7FC57677,,735D871C4604A9C5DE9D8C3B728B1C05780B2BDFBCEE8F8FD7D9CA23420437B57DF829C4484E31A75FDF51E425621BD69C4C4C4E5962129C51DB44D7D888D165,,AA045319BC4F7B14BF5D6A8EE7009B72C696ED85662CCD52FE8ECFB80FC4CAB30363B0EC6AA8D0B2B52E96E12A8B200A3617D4ED684F7AE6395BCA3B8C625EB4,,
1,Linkja Project,1C6FC4012D431F57981CC1B53D39EDDA314C5C6B6A29823A8778CFCBB400DB34422DD37A2FA0D5E84C1D4CA58A49660B8BA22790BA7ED95973BE69E8B7B7BF9C,,2DBD381A7A4E0A793F787810762E7369962BC3CFB47537649DBC70EF3FF24AFA8415FB7F72ED579FB1585E7BE44DF91253549246FB2A7F32B10728A1946C2072,,B2214594D81CBFEC0E673E43F3AB7D4BBD7E53058846820A452F5A71E61F36075FA281A6AE1849948ECEBA330E1CF2093DEC93170EAF0A37EC794F48070BA94A,,B6FB9FFB236EA5D5FD1554D4EC8A85DFA921C081E8FDCC2F512B774C1BF63EB74CED131BA2B4351626030863B644D31339C6A51695FDCEAA3554F89FBA42F920,,8EE3EE68B1120EECD525648FEB7C83DB61CAB32F15A817363025D5A70266712F83AC344E1D3D6020B40CD658BE29DF258E3CC38D36B661CD39F002D449BB0ABF,,
1,Linkja Project,6AC1BF0C7D5B6F388323F934DD0D8B0219DCA5ABCB0AD3502168D3BA43E474C28B3EC2499EDB33E9168B1A941F08CDFE5C0721C74C3A308D1DA161A380251570,,D7E490527914CBD7779B31859E53A3EB8BED4FF14CBB94247D75753B79F594484A137AD8AE14C99C2029DBE060627C7E236693BB6243D8E0695155651F681804,,4FF7660C4A4B0126E034A51C6D96462AEF76DA43E75F849B2335942394FC6A5A0F076D79AA9056582BA2A83C3DE5618132BAC9E4EBB38923BC77B5099ACDEBDC,,C745F300332862CABE335AF2E52BE233ED2F9CC91BA98F061D2ADC3EB2D02728277304CF8E271C8F07195C36C0B299C7098B01F2A9DBAD1A83B571AEFE2CB2CE,,AA6223EDBC50B0CD71D79158AE656A420E3EE30509BE700FE05A445AFA858D0925B5618E83C57C2E80680CDD88BA53FD8E2141A65BE691B3908EC05B662E2D8A,,
1,Linkja Project,13083B998473DD07634DE5982B8013D5499660EF8714A869CD3E55D4D9C998974A5A5FF86B3A163DC3609A4E1817E67141CAEA2AF52B73C2DDE8736C4FBF66CD,,F868C1EFF65B06F32D16E8C79C5453BAF2E3E30C1C267616B8870603C58FF6E9DBDDE1F2615D89A0F05EDC8D2F295C4464B9E3151388F936731A92524A8EFC20,,B5ABBF14AF66BC72A4788D95F30D7D7CF745EE25709F820D27FA0EE8463DF1E53F4757560E87B8537F1D5DD3D2C8BDC69BA36D024337311DEDC42F8C6A16B2D6,,E114C7427DF4AB3EAE9B7149F7D0B0616892230249D7D6D2E52AED7F1412D9882D9C30FC30F37D3F94B734A1CD8E50E3DEE63EB85257CCC2CD7D910B7F4D7281,,BFB299DDE4F1CF6E9E51446F036368CBC1C4DE8BE4836AF2FF15D19877421EA0B524A984D402D8710F5932189B611C352F82DFA8751A82D4AA8B2E31E429EA66,,
1,Linkja Project,DCCE3F4142AEFA7178AE7CBA8620EB242BCBDEF1FA45E5DDFBC201B940935FB51A52230E8943013D0AA1D3F57ACC07431D627A377780917A37A51CA1DE21621B,D3C576552B4ACFCE1B9EC810FF2D0F56D70496E2B6D62DF97F07C0172A23E1C6B69A612A18025DBA6275C39519FD7E8A7715BA3F6C222B4DE4539EA43AF718D7,BFF6B75C6538969C03FC85929685DF774884EFAC641219ED54BB752E0AD2C3FFE38986D2CB80D2A70F18DCDC8556838795F7BAE75B2AF68CFCB0A6FE6897598B,5929C32CD3C882962385F1FB3494160AF92475C6EF09766E9B1557E412386FA9987857E9CF000D4CA49A153849D8E239095B4FC6A33917DE0920199B6B7C1E4A,33D8A91FBEAC2330506BC58D143920E62CA80174A2918B1AFF0393729DD8D6D302C25BD890EF20E2FDE0051B9CB006F3C038DAB522A4489C9B2447CA09014415,54E46AAB3B98D625FCE7A3FDD807FB78D2B6F6C32493E9C465D7EDFE2F331A6E495D86A2C2E580E1BDA8420CE181A7D183EB1174D3B3A93D59B3270DF99491FE,B69D6A30BCF28AA829972D7A424835C3505FF987A576F3BBD461845F0B323FDF5546EA03750BE0C32E0FF540554133CCFDEFDB26BE8FA5039BB16A0D0891C215,BF815B45F7EF4E844E4001ACC07427ABAD70656D13A0A393579AB8FA879AC032D5E342A6D8329EEE8539833FD549D4EB7D185360EE501F9D55B0519035943C1B,C647DA818D8A4814D597A661E357822A04961EB0006174FB9B2C34CDCB1E36C6D1A0B340FF12B09790CED6B843673E07F03615095FBF58B737FCF196155B76D8,BF078FE175FBC926674EE79A21BED2FCB1FB54DEACFA50D59E16B633637D6EE32A6B9C509CB80D5062D4F196748FDC551EC074AF1090CB8DCA84D467AFA86404,C156B3BEDB6EF01CA127957F7B2D641FE35750DA079EF1CE494E4B18294129D89919D4F14C194AC3A10616DB086DDF25CED217AFF688C34FAC1474D2C4FA1E48
1,Linkja Project,6D40A70D761A43886A692A12B7047155A040C81EEB99D32FFC198BBF9B8B44C503D47B1B4301AE5097BAD5648ADFD5DD3BAB0C1184ACD98A3DBC6B02AF303A99,A04A845C962A12CC0B461AECDCB92CF6EF4FEB1B770122DF9A5520A2E405DA3A9BB1B6295F749077478C1E6912FC2375F0F83FAC7FDF07A858ECEF18339CBE66,252F4CAEEA668A9693F9A4C0A7C3A1A6BB1BAB37940678F074383283C79980E5DD8F4324F95298E29FCBBA08B4C0363D8453158E43D95755927FAA6FC74F4F11,F898E76C76CC5694BFC5059BCA87A8A05FA450B6C7C35352A19BD2A1B3D5E9826C95D5F1408F2198A0454314394AB4C19ED51244FEAFD1A47465C3E00D4181EC,9FE15637C585B3183C60862BE344221B53AE3E497EA49F1D2F34B2F73B16FC4462E21E2D66423EB361B750658A1C205A4AFFF4E33475351F06BFEF69240E19D3,A3E55E48FF2CBAC320FBDBD80ED0C8F0F634A37B31080E77D319B3F6EDBD35FAC941527A21CF571F48E912773BD5F0EA5A0D25A68B1185FCCCEEC7B4489B007F,94BAB6F960FC050B496C1E79CC75391C9604E10A63814CE25D1A68500485D16F3907B78434F847E8086DDBFF965100DEDADE660E73FB3125B0892B19B1EFFD32,6111A48DADF3E16100A24ABDA2FB74DAABE71BEE95A4B45827D8C037429CB99274520FC9ECBC6E560111EE34C3EA7F58FE2DE604C74E14F8D5F6DAC34421E48E,7BD177741019F49F7D0F264F61048FCB9D150ECE999B20B3C2D46F383B9F628779A84453C0AC4A827A61BE35F934006D23087429AE000630EEAC540049A09C35,0C33E479523CD71E74CC34E5A0828342B7B06D88CE9B1608E1871830B1CF0F909D041EB7EB780AD2287A4EBA0726BF7579D6E3DACC758C6DEBC124F264555DC1,5283FD1B2D7503827845D02F24885AA4786A5753040CDED6F009EC7AE9A8F68DF7C7FC79E465C7FC4BBBE9C6E94D134B415CAE3902FB434D8D008E15B8DBB427
1,Linkja Project,982AF596E1E7C056DA204DC1F2B0EAC2FEFB5E66C79153AA31C04CFB566E3DAF5791143194B358FAFFF46AC414AE982B594903B75D90A0C544D2D90E941F469B,,6B20DFE696597427B25AD52710605D92D7729D6AE401D230F24571157C1D64F5AA986004844B1931EEA7CF71B8D74A25BE7B80F84692C295DD8E10E68F689656,,AD32FBC48E9717AA222D37C9AC3A58409CFFD1D6286770543948A77678BC6A6FCCDABA938745F682EACCE0DBC54FCD2C67727B35CEA694A37EADEDD497179E43,,6EAA221E43C2B182F8DCFA40095A4715573592B79A972C563559EE35A00E82CDEF732D1F0E672F89AC1E53005D7907C0989F20320A511D5641175A64EAE1240D,,63749A88556DB78BDC50645CEA074B896605A052B17007F592F46ACC38719C4BA72000C49C8A0DE40D5CB2FC408C9F1B5F291A0859E55239199B9DBABCD1C316,,
1,Linkja Project,CC301AB7E9EB52333C579B47FB4316A1533439D30AC8CFCAE93DC0137B3029EC73915C092E32C2DE3446D284F68F0F01992DE28F9FBE20437E00E52A28822B76,,5BB63C1460FCC88E24A884570B4AF94588458B0C12154105E8E211159549FAEF90374959AB87D3B5BA061EF7D92EFE5B045C8799C43C5BD72A3323BD1E743D52,,8BD58050A0A260F20892949580A5D8FEF9176F26A55E770CF6522C12E636AF6696E727BD7554DAFA23A3BC6970B415AB51D9D045D131C6E7EB2C289A983CDD23,,967E261110172073F63FBB0831BB1D69764AADCC074CC29348DEFDC9C3BF9B73928F8BC124531669151E946621A99D4F2764CCF3CAB00D917E8DFA9A9651DEF7,,1106A78AA1FA0436C456B65AF86434E5A8B553EB25B61B6685FA70E525A3E14FAD9E2B735B49DB92F8CD3857854581B33EDB74E5C34C64EA77CB33BFBFCC15C5,,
1,Linkja Project,A333E325CF2699321950A5A1EE6DA7CBDD652E9F7A0A79019BDD2F8C3626DC7E2DC03BC7F8895C8C330921B34661CA5436E4A33390DD6F8109CCEE340CA10768,,49207CAE3A6F55FF413433D21D9770020ED6D789F9B8D77DF75872AA9F4A01236812E839123EB66746822D52AA66A4804DAA248BDDE0B0F93A650013C9458248,,22907A697A8D04A9526A9C248BEB69404BFCCFC8575F3BC2416CEB9F1C8A414984472BCA7D76EB2B85DF6BCE1DC9172B8994140140977204312B467C84FB64CB,,5E6ED95CE45E5BEF66AEDAD345BC377B018386EB1AD9C3BB13CC40C6A1D798A9D8627AA26668D3F152A3A8D7F9080D717ACE1D96E726B0471C1BF49CE4EC91EF,,81F4B0735C1AFC2A07661D6A49D4CF546C57D30574189A0BAED6231033727C5CB290087E07854F00016FAE856C11D27DD7447A6421D796CF83BE404A1AC18D43,,
1,Linkja Project,AC7CDC3E793DA5F5EB92E8C653B3F1D1D04CDD5817DAC310DED0ED9F9C217FF51AEB22A589E6067BE245622FA073F1DC2049707A5794DB70808DF668C9506E71,,FF46BF0536BA8E4782EF4A37C411592033E8669457297E371A75057D046ED41CC54904CBCCCC682CE31B84767B082CC8F790C2E2661AFC17D992873C657895E8,,B1C077AE1D59C29663DC2E9127E8FA5C3277F245C73331A22B789BF23671F01FC7A62DF6F7C398AF486CE5A02E83FAB4C7998497CD677E2F1CA97A73D8E6139C,,29E997471124E73F0A7E7A479C375F778BAD16A0D0F568897365D83A605BD08686248A8CCD806344AA958B852DC6D1EF1EAE84BA525443E8ACC54BF3E4692AE3,,4C5357AAC7C3F7D55985620FF0152E9F1C8BBF42E5EF0C556CDC92572C4F3F65330159989480BCC053B1F0A743257D23C61C703D0AD4088EA5A96725F692C3E2,,
1,Linkja Project,D11D03507C62AB527617AE75766A1807DF9378A84841E419D8F12A3752DDD1B2EF4BCD1B815B4D2FEE917912C61FE9C61A50C26E12A95FDC0E1995C83EA3A9AB,,F8D502175A1AE150F109DFB161E5245A64B3672A4D95A741AD3BF82EED537204CBB9F819C39FE63A586C42D1D2ED5DA71D89D7D70656CAB5101AD4B35C479200,,7B315202810906CCC28BD386AD813CE96CF691698C4795232557C8D7BEBA337C00B0AAD8259661EB59A1F8B50DB55BDD4F5162E525FFDF0C7165009B797A1A46,,A858DD2C74D18A8D76F45A1BBEBBC4313141F39EC5AFA81EAE6EDD72B5B5DF24034524DB44A7149ED09FAF8B376E7724048AAD855B88E5E76C892BD0C92A1C73,,8E7A24F9A05F0B7176EC49C781DF4A2C950B75BAD4947493D59162E64B99BD1037DD3D9BDBCEF6933205C095F9854B1AEBEEBA63CFDFAD18E8EBBC1B7C7977BD,,
1,Linkja Project,DCFC5A41D3FEADD4F5C6FE7EB8A3056C93304A0C02E22A98332AE01C32A02D7A9D42ECEEE67D7ACE0AF17DEE0599847BD59DB5FD6BCC5D19B5DE747916B61D1B,,364C85445F869D4D5CCD909F76A678F20B62FA87C1DBEEFC035A3CAC4B281F6985581964D2510DD88EBF520B8A2D9FE6822E8C1D00A1C2F911C88AA2FD2BFA5F,,AAC0A82C72A98AAF0C10AF5C4C80A29AE8224C478448A034DB015F58CB46BEF8938129FC7190814210A134D9AB2D2871D7C3B74EA0AD9266F46D19FBD1E1A616,,C40AEFC6016C9751B10217ABE4E7BAF1DDC6D155FA92C5359B0CD50948CFE7847918D224A2DE8C26753C5E18958A175B29BC7B6404DDFE3AB599338FA5416423,,255B8C40791D0C4AAA03EBC83631F2D77AC9219A2D2160FE4404247A3729E6D61F7F6C38885BC981F1E1F9AA7711A7B04E23DC63613FE0F551A05006FC1EE948,,
1,Linkja Project,26C1E3F03FD3CBE97B55B1BDAA20A09B472A9B16F00FD25AF07120A3D2ABC139BBA789D2C8EAC97321CB79D9D2323D9C2CB198BD3AC4A23B2E44F1EC6F94959C,,BF766F661718D717A969678288AD84F9F50FAC2EB79F1E557C1B9F0722E1A1D63B13CE85F3F7F6857A991B21A87907AB7464578B10B031D2E1624B204C69BA54,,AB6578354401B0915EB16FF8B7A2C1D9BA99DF61DF77CEC845FA995570D25846C81CA530003D71590F9FBD884D757E6874F3F0DCC6DABA6236869EFB69C1CBEE,,EEB7297F3328AFD3836A2252EECD61DC1D0499F9492294919E88BDB052C90375159B471104898B27C8DA9BC5BC1A78671AE17BC088932812B41D555FA304AAAC,,10B5A5BDC3D966FD89D05710E2DDA52B3FDD3B4931E5A3FC746F93BEE2E7A8B5F6221D8CC65201664A986F82E9E226F67A35CD04331A8496003274B936F56763,,
1,Linkja Project,D4D824DA8B9E17FAF5B7D881B93ECA915F55C815099C8D321D25869886BE203903235875B13E27261CA439FCDC27AC32E42E95016F1376A43E44125ECA971052,,AC37E5F1D1219581998B121E7215F5FFECC477660327DBA8B64CF335A4B922DC3A741A5346EDBE5CE3390DFDEE64CD72AAC92E8DD018F86F5036DCEFC4885666,,FD3F15F872AAB9963EC26CD59405C02DD7E3D5507C0D9F43E2901B6A99777747A7A1150FD2CCA4E6E0E54D4AE9A6ABFE3DC5CBDCD76B21CACD8D8273B945EE13,,B10ABD9BEF9C930E3074CA6FAC6409B769A71019DE85808787D4BA5219F25C1F3093F6C483971BF520F48D995397A193D1B2AAF9F24154260D030FC38226A6FB,,5990985CBE0D87816BEF526259CF1D898D2C428A200D2BBDC73BFAAAE3F03E225C7C46448C073BF7CEDBA5BF198510D746B1CAC7616F74FC191AA38E8572C878,,
1,Linkja Project,D3742483784483FB205BC6AFA592D0A6DEEF19CAD00AF9F4C946EFE3662C683D3A0EE6386469CFDCEEE7DCB03A437A56C08DFE4BCB80FB8D57F122D183011B22,,1FE5F09780B7F447F48FB460E2234EF7DC3762EB545973655200576DFE1692E86CB79E1839B909283BAB76F75B49FF065C0C9EA48E90A00819235927C002636F,,AC2A8891A952A45B59E2930D4AC7C566443A7411F82561598201A84DC30B9A4F76376A73F9120B932CEF3979D4255CB69D93895FA27B8F651B041816FFA695A6,,E345084CDD1EC4B8C26ED90151235CBCBA2BC1D9FB0EDC60A39559BB686FD3D36037425B11DDEAA8CF7B8D20308E5A0F9854A641750C64F346E89A865966F442,,CCCA1B0362941E7E31A2A84E232CEE5D6FAA8C107254564FF7CB293185B63D8FEB504FC05DDFEBAA0CAE95488A97C8E9C7F853CCB0E160C7E81CDF4113025527,,
1,Linkja Project,F644D734BB4DD8DFBD00E6365F74F0C0D5E805100FE7AD6583C581900AA41D5A64E2EB3288F35BA2255D347E1FC54F535AA41148327C44EB8162EB9F20C31058,,E881EDC7C7CF9F513A7286A60F0ADB3B106DD90BFD265B5F6955A65D887020C727689AA1AB7AFC2A35461AC041908FECD9778D1010D50F51B202253C429A7753,,2FB43BF3EAF2B1981851DEA671283415471BE3E85D6E8D27A1FBE6480A3F17C9D6145BDC2CFB21920D239BD8D2F3937527220A8AA929E10DEB1F0B892AE12DA2,,4F81F27C829733A5356A03DE64FE31FC87B5ED534FCA5CF8985D082F4324450DA27E38CC4D3AF58F4FF4D6909B9BDC84AAB05C3BDA63F1EBAE553A1960CE4D20,,C1C4AA4778AE2F0948B8E9738BAE4A1A43DA6A581D4FF247F3AF955AEB894D8EF1D4C37807BCA8CBD5FF79248471742B5B293EA4A8F53016CD505096FBAAB939,,
1,Linkja Project,0F5D90E85706CDDA236AF444549E367025D8F57C1F3F6DCB2A5F41AC2143FF0CC17EC319413461ADCA359A63BEBAF871B6815F1AED993A7D8AB432E1AE2CEF2F,,AC5C26098F3BF4F6160A3E3B86D96B611E7DD0121FA3D400631FCBCE6E5B2DBC67EE8A46B9ABA73E2534FFCD0E89E829CEA7C897D96EC1DD5483D49F8DA6D951,,DC39DEC80B7728A7AD8C73A9B6103EDF69F4A868C9C1160BBFBFEFB17D7672DF92ECA971BD7B8BD8D262D5306FEA7B0B8FFB653E9DFA4BA4D3713BACF14F6F57,,9494BAC2B067CCCDD15FA953A1BEF6D84F5138C0E1AA0DD6C07036A1CE47CC1AB371B1253B7726085DE43AC6229A56B76C5B8AD77C417ABBAFB14F8AF500FD49,,539F8A7771E7D3754893FFA829A415028C38EC203851BCE5F6F49C001C25944F375494A72C232DD595B8E789C2895988FDAC2816A6323DFD700A3E21A6283EF0,,
1,Linkja Project,F18FC8D18D37AAABEDA28E70320BD3EF2F80BAC1F635D8F07B1A7D4710D5795476431EF444F67FC33AB6EA3F2C20C8B14536A85A57B8517A92FBB39302869D8D,A90F4C2FCEF553F687AA9D88E7BFF747FA4328D5C1D2F9ABAE76F5EB39B4939D51AE55357FB2DF9EB2D4EFE26AF20E0BD1E8A1398174B80CCCA7BFB507AAEA50,30A16641B92A41BBEDCAF8F12E9D3E4CAEF915B0F2E5DD9E5337ADD00F6F698621C084E95BF7BA0C4AF5E142A34460A81D6439790D1334774A58EC7F1DBD06E4,7681BEBE9738BC95B4BE99339766657725C7C61B62C56153134D9597672AC760CD60705C9A2C11CBCB50F31F61ABC25F149A9074208713069E0FFCF3BC4F38BA,7F1D657DD2173F88F093A52556B6BFDF0CB2ECFADC4BB9B18729D6D997A1DE7F4838AC89F8A3A6232E2A4A8B3D29BF067A5BA5F35EF59D139CC8EF42263113E1,F9240248A218E2FD2C8B2C8BB1C8AAE084A39A8226026E29BEA95E94B69F941A79065A0B789D693BCF86CF1B7BEDAFA6FD7491B9ACC5DFE88E934429336C02D4,61B279775A5BC9B00D3801B430CA60DE6E4F33BB5F18A33010C63CFFCEF3FF255D2814B5A28C3AFE978BBCFB6A5B743444E06CC94009976FB011CDE234D74D54,6782B0763E5A75F158ECB53EDF258A7C32EB894C90F7CF1EF72DB712B87F1BF27762044CFE6227E2242BAB7FAC9B0CC4C09B4FD3C3C52DDC0DF53AE6C63D112F,39AD2295BEB644AE5CDCBFF8A623D7140C2F3210530E3DDD289233EAA6F30CCD327665807C06AA54B86BD362F62C66ECE33E20A90D6101831AFE60197E1AFB0C,7E81BF86CD7EED2866DCCF2C7BB64F6D8E9DF08270E270462AE9F8A4457720563F8B8D6D27D0AF8A40AA75A2D16421E1A7E0CB550DD6D44A7DCFB429A78583CA,12D428D890823E5C560BE21F923048ADF88919B4D374983A8D66A3D222990D134F1B0D3FB0A53073AF12724882FC73D7FBF632A610C39F0FFA39F74D95CB977D
1,Linkja Project,5D5B99025E2A80AAA465CEE3D1887FE81DAE8C4C4732708F4D44E01E8C98E9370E99D28DB1498B04EDED8926E628D07EF750B06D166DF2CE6AD11BD196F7D4D6,5552EE042B879F413274990B7C99A7319E13C6A47B20194424BD3CB6CCB0251F34247283924DBADB7E5E199717D55293A461795F6EEFA7BA87829E9AA15224DD,39E7EC1B69750C90EB78645A359A063E9192A4B60AD446A0C4A5B19387577DAB896CA88B374F0607F5A386338D6037C1DE7580CB70305581F7AA3F38DF171939,36590CBD13A4BBF75B3507C581238970AF96DDA008F5CEEDF858A277FABA4393079ACEABCA129C1E9EB3D9EAB5047CC914B4AD3D3B4A1ED776183D75425C5205,98B107A4B982012D041E4F6317D5E86611C5471AEDAA5FEE7AB894D8D66B6B8A592479D6D94CD744FD0E6514A244A06D3CC175E8DC011568D836E3A737C77B72,59586663A62BAAE91A4235592A91C220F3C5F99D1E657D27CE2783C5335C18C2111FB2B96409E01AC3722031C6C57204FD6CD81E486961EEB5BC9F20B51C1438,5245DCAB82081C005AA197DD7C634EE2995716B908489C797E111993374F0B14FAEE54AEC99167DE4CC9DA1AF9EB97757AD064F6EB79C4CDE8A885FFE010A6CA,59861CF8CAD680309187E169DDCC1731BEDBB569643F2C7E3D2011B6DC3C8398677D1E6140B7A041101C1F91C17C550FE1DC8B97D9427134230EC92D43872A66,E2BFF1D9F132872383E5AEAE282A42E4C6E7E59F147CF680EC4C5D05F592B1B236E49399E4CC5B9A66B1F67BD920AF53DA580DDD9D7A79BD254761EFABA96F22,A245726F015BAC5D2AA53CFC749EFC57A969141058B68A7C0453F4FFB4DEE302DE76FE73E53D4732B4A3DA9960AF6EFAB18935D0019E90F8F9537B16D8610BE6,42F6EF5C6A2F49939A7478A3C7FCC5FD33F252ACF3CFA8801B97574E6E1581F61243DBADF38C3821B92369F1B09303668464D57EFF4F725BDB603AA790A6B61B
1,Linkja Project,E77ADC355CB8978C7727A9A4A63192AEB0D572B1F16AF44767F7475B85F1B3D17FEF13A08614A1815D38D0B8469F54776DC088D628B52FA633AFC316D0FA9EB7,,B44284DDF5CB94C67B83C4FDDB245B4FFEFEC41B95FD5C0FB2093186B4F0DB096D1323C3C85838D513D488E6CB18F17DD4BFA8D4F2E43B90FF6DCAEFE10C8821,,37C825563ECBCF4F90D285D0D09F2312454A01D013C7F10F6AF770A5A9AA5CF46AFAC772644F53434354AF06DD6D0B3AE7D43322E5E194F7D2FAB28DCD896AEF,,771184D84F9D0311FAFBA6C8906C4376442AF818A635BE7F562B1D1FDC34B53CC638A56356AD7B0CC7B97E6467A403901F9BE03FEA4D11B91FA8B33A867ADDF6,,B89A8550D39A29828CA1A45666EF0A9771903E75CAEA00DFD5F3A4DAAEB1D9FA25F29D05C3558E8411BF267340C9D89CAD1E1448F0715460CF58E4BA55ADADD5,,
1,Linkja Project,F3DF4761BD2B4D551FB02C8852355A412C7A125BB9A8C2E73C09F51661898EE4A3383815CB656D406156FE25864D604B7088BFE73AE83DA5F895A8D71CDB0386,,FAA493544CD0AFF751E57BDFDDBA58A256D9632BAEA16A74FFCF7F77E6A67912D2A800A17CFB6D63BE8CA265DE977B5916F9E2383EBAEE776F6BB37BEFF469D3,,0977A992A1671774120FB3A94C0716B88937868863DE3CAE301F12FD369E107A15CB0C2E442A0DC59D50899B056244FC4A336F651D550832EA909C3D43D651F5,,EBDE1A56ECE024147D6FE5C301B187537D36593D400BB0A7F0446E720924308245FF9E0BA0E3A77BEC211EABF38AB13D69F97537DB9CBAC9C5B20A25ACD357F3,,B02D0653F3053F8B213562623F7E321093CA370FAF57B84E884DC17F6EE2C43790C3036EAF3B2898FB175BFBCA53EE41C4EDD107D88F88766D5A3A14008886DD,,
1,Linkja Project,E33A21B7DAF887B0CD8952510725906585B0B75641683174E34576755E037D26231AB9B879E08D929BDADDB9BD1E95E5DD1AA116D71877A8B90DFAA877633901,,0A104237F221B98A983AD022A4A4CB5F2F095E7A398E8CEA6D9F1D6FCB81C17376C5D0FA2C2C5BEA8D02A126E27E89C32585ADB21B0DA9E303EA2AB85126C94A,,4CC863ABC8C1EB3034E48D6B1E0EC6843B43117EE94B685CF27C3043BE518DCA9A17D37790373F13B486DFF89E1568F816B8714917EA89ECD861F8A46136F0EB,,A63D4A2DA04501BFE5598605B6936BAD31622E4455995B5DDB2D6ED37E4985CA0B0B14B3BC90867A17C50B7102C171526EB455149CCE551F41A1C9814076C1A0,,EE339F49469ADD5F71E4AE1F77804C63B3631ABDEEEEEFDE2B9DE9D502E87D49A1E8130BD3DB28E5090609CDEE0D33AF729A0D7698800EFEEE791B581748B541,,
1,Linkja Project,1ECDEE8D2377DA4E54D7A77F5EF5C3891B7D4B010FA9ED2933B35E7715F67FF8252F7CEF9469FCB23965FEDEC7A63788C8B7F29D72E2CEF34EBE91CEC1483EC6,,03C80B90910BDC6FDC6610FB02DD25F50B60443F38281EB41E7ED3FC43A64D7F3445857FA67D2B86F716E11F2879937CB81D4D806F94CBE3603E65C2BD1BCA9F,,DDBDE34E142A9E9638674970CB560A223749031CFEAC7753BB783E511D90CBE748B6DF1B7E4BC4BB6343201E3A19A58F91383FDC3D9F3F85E9F7F49F477B1CA7,,198FD7B11D17EFD94CDD2DA79E7175024516C5B8DBB1C5564416F0FDBA8DDBAA27A3033CC166C903653CA3F9F2EE096F22B48BA2E6887D9ED66643474F271E68,,16B8E0926994A611CC3B3EF81D1A2051EA79580501842D576C42F4FECF9FA2B340EEEE183321A6560891A27B4505F7E2A6017BD6FC89ED3295FE189FCC7E32E9,,
1,Linkja Project,4BF953071111EB8F2CF2589494E65D9C09706AD2A74A7CC24C0806A6830070D42822E86049BDCD5355124C07D387B961FF978E59C2ECAA258281C21ECAA7EDD5,C297F4EDF11193328F31C2376972CBED5D1330C77AD603C6EA3925D00AB2F35D469F051097E65B26A316A75513F608A9DDE8BD6C7E0EDAC2565A26355DAA6E31,93365FDBD1830A0E1CBFABEFDF6A228782590BCF523E0019DDCFF88483E8F084E75D72697D057F5EB95D422F763490DE2DA4F9634751FE6EFC7A40AAD1E6D903,23D1CC0A826DE99F1E3C882E3C2F5CF92A743526DE3F8B637B0261B22337EE94D04A4FF6246DD8DB63E412B82A8496960876405F95CF16D7155A12E6050DEAF0,615FB2A2B4E43148CC784CF3B20FFF49574C3EF1688A061DCB38BB4F5C1E25CBA9B466CCC3724D1E26881E195E2C768E37E9699E931B9FB9514D74EEE7E8B217,F11B1546981AE29016310865459BEEFE224C4CCB59C5754A07D35941E4AE656BA8FD5A07DE78FA97CE7A0B6E2653816989B80494465EC0C9712F85E3E42A1694,2254FA3DF4811C3DA7A2A9C9A8E291578DF05CC93E8933E09558FD3DBC7D815DD4AC38041435ADD903216B589A663D648BD45E7D280D0300B6B59A16AD34F35E,54F3C71CAE14570392E393E9677352B6835E3E2D2089B5EDF19EF6FB268B129B7594FBF71912510FAE915A6686AD414F008878A433FA3ED49D3B27C159399BEE,01BBAC34F5688B50F7A80578E539D2D270622335D43C615DCD97218B0469484FBE731519C0A2A91B87E0CC258326AF5FFC613B039DDC35B49C07D1857FA90A14,D1E4A9889CF04271A05D2662FC483902682971D4639AFC706FB8D65280FBA857FAC3D918F47523B3BD07C83E0C08707142ED26C7B1808C75B6480F07FDDEB4BC,A796DB4B18B669A14CF449BC22EE155F28F4743D1B37C2423CFF3214212CAB8E523830EA777BEE0A74EFA0444C4401ADAE09A16B078A0D21AE086C6D0D6F2CAA
1,Linkja Project,DE9BFE4869EEE43847D1C61A1759D8A9EC8528DC56A106F17BCB345AB5EAF2BB910C78657435E46AAF0C506297673D5A153D06716C807EDE4D1837A2FD05ED16,,6E14579AFD64D27B5B783F7652C68EF8ED79F85BB60EE0757774D25EFF5AA3A2C58C2E363F0A87A50037E49184EAF9C8FBD5E9A1414CB967B0228BCA0F43393F,,7533D2183BCF067D563D41AC87277CBFB36B016879281DE55A509154B21DF4A6FA41BF5E0A833B1EB8475C9CBA9D6F3DC8E504989D1ABE9E53054E128A5D995F,,6F082ED7AF36F33A1A296CBD71485EAFE70F5826B9FFEA1C0D3ABB88D11E9CF0D789944CFF6ABA21B8C06A77FFF370D51082FE4E9E4947419E3531A972118598,,EC0475A957F50CF2FDB663F7D395CBFFE8B0F363AAC927F85C327948D61F457866BA8EA8206CE4514204B773AC8FBDC16C29309DF31A64D293A98BD92FEE5E6D,,
1,Linkja Project,99DDBB76D820BE8A16252F1654A468C3A8603C946872FA256F7B734E2902C8BC671CDD9F1341484023F1A04635BFF162BFD56E834C3CECC767864D909722D610,,B6DE12C3227FE15CB690DC560F2292691E06728C1344341DC5CD9E673D39DB8552CFD39469A9A7F0431D842E693C7390CE6FBF951290B161623FF12C8BF599DA,,6B5CD9AB206131ED4B8229ACF74B44618E415437ADE2D6B0D2A603D7589CB3E3B0B4D2B78A39EE240D0BA7FAF8527A2A4FC43DE7E78702498F17C88D64B7D909,,409F3B3A081E7DC76392016F4C23647678C678C54CFC2C436CC701EDF0BD93FE4B62EA84F5F7411966EEA3E1A80ECA1FF0AD80425D4BEDC05C26B79164D76F95,,B2A60D0419C56F87CACF5B75C021CEEFBEB5279824B0AD478702AC4E52C10FE34885096D8B37D4EF548895BFBD5931106E3ED9331F80B78C23292C8C541836D4,,
1,Linkja Project,6CE5DEDCCC3F010F55ABAAAE6D39B94491E8DF4C172D2AF33160A833B15C91AB714D8001084BF92991725761A85F761E781FD28BBDF452679935AE4F8CA26E29,,0784112308964F9F3FF9DA611A22397DCC3622C08F9BA4331A14D680822CD90F7D8C6552A7528F8471BB67A5267583735AC43CC3497ABBECAEA13936D41320D6,,DD84F4932921CB58F6DC4B32806F4AF7D118ECCDF9839794D6F13B10A839B001FF673EA4167076B4C7B916AEED098FBE84AC0B1ECAB3024FDA2791FFCE86DF05,,84FF5BB8F630778FBBE65A22049B09F0FB6CB3DAA828AE9AB7F2B8C6EEF2252A94492EE7643263E56EFB3F770B85091B49B241CD0F0E80E72CF1464711AF8E3E,,413C2B268FFB4AD8597CF4E6809E7FA3C9018302BF914EE490430F01F1752D1FB2824422D56C1E0DC8F8FBB6314AA797738D95ABEB28EB66CF51D5E184FFEDE0,,
1,Linkja Project,C1A3A09892FF6F543A065FC8C585D95F69042972716F88252D7ECF8E609461D751E25470AAA52F927D40BD35344078355D85DED3A4F297DC93E55475AC11BC3A,,7EACA616CCE52F9A5BED334F30B36D6F302A2EBEE610539946F7ABDCBDF849F7A4ADC18AF9AB46A92BA8F9F93A9A0CCAE69861F98017091B343F5FABF5A955CB,,CFD310394D309B02896327D730185A93489D65735CE0AFC7BDC7B58BE48F22376286E8136413B72AB8A60523583A57C310741CB17AAF0864B57483FBE9595A36,,34B6DD3C4EB6E944F0063FC98BF90D1B71D49BC63CB1BBA4A4899C5713E98558AD8C7ABAFB94C066081FF7FFF6BE825F3B8AD89C8A69CD2C0CEFD7FD1DE7CD6B,,8CC1CE2717B356502F3D1E855A39216D0375DBB75BFA7F2EC1DF444AF53EACB91F4680917F1E507BDF7250C4B9F05AFEA64A3BE909A6F6C5CC220D8FBCA4CC0D,,
1,Linkja Project,4AA31EBC568271C0B72108E739BCEF85B75C31F9CA50B7FF0B68DAB0666F6688C8D6BCE7BCCAE1EC8C8831EC07F48613FA877460DE1BAEF5F4824A5681677AA2,,6028A7DBF2A5712A60B7C18649A44600A6232A79863B905B0489BCFCAA2907E56006D5D8F8A4DFBF43783403E6C6E23125B58F4D86F235A6E4288F5469BD008F,,787A547705FB19F1C560988C9FECC4BC529C5269B21C2F91DDBF6A1CE7EE7D14F564E2DD258E294A80E681823955A8E2DF73BE189795ABDB41ECCBB04E513EA7,,83B376AEB748EFED97E7F4FFFD2301AD2875EA531722594E3DB3A9740F3962BE6A213DC4A3B0A3F2D378238FCDC9DC761837A4B20C60E70A93B8144C3A50BECF,,F60F46FB005469627562F9B1600FD8F53E67FF1A12FA058048577C826788B6B2482C11DDC6A0CA5E7513082047CADE786C0652B93A8C14FA7870A01B4809D518,,
1,Linkja Project,487190EE264E9E91EA5E8DC71CD15148D27FFFA05C447CC79DDB3FC36B64C7061F82C69C8860A3F284338DCF9DC9A15766806AA018AD3143916AC0841CC1B60B,4798BA9E5D21E72259057536A7F86E3DEBEB12661DB4FEC881849EEE1AAE3789429E0924B4E9410D88A65A3F4C3270634D7EABF5ACF27D3721B51E2B8328A01E,815A38F9BC2467C4D61D728EDFD42D495C141596E0F9BDA0BFF8D6C7455FBE2F2212A1D4DC94B596D0752BF5F2CC687AED6D0A5A8BED6E30B6C0F9179A656A64,4EF310057B6AFDDD84E6D1926B2D3B021EB6EE8855A6E151FFF50CA094AA3037138781CCA95E49C74138FE3846B7F217DCBC9CE195FD0FD8090F51A97C66742B,21FDA0EE8CEE0BF618D7E5273F852341E43D555206E42FEA596BF8155897714F9A05926557B128C77B4907CD9ED0DE69A5AC6F535B0AA55FF2C5FD43EAE3609D,FB33FB66AEF11FF60D96DDF81D5759FE8E197BE77D4B7C9079158E0DADA54C7BE2A654C87E070DB5A4C299DB55611CFC96CE4B0167A920272A3492C159A43D4B,F5CCF057D55F904C30BDCEF6F766D30DFF46DA3C392443184686F1378EB69D3599C99A2CE22DE1C07409C809F3B7E8FC2B48495CF18EF72445E0D213B18F5E15,CC7B9259F92DB2BB90954BB75C74B487D9BD44B228DD590450F127FB15E1DA88468E97CE1F9AED5F03343D64836A532C7B6B05B8445A63B04687D1679309230B,77A520F2C0C82FE71E4F05B39DE7827C85CF3443019C92D64818371A85FCF03DAD7409E113921733199516D325EC2C79F237917698E148DE8266670858765EB8,D51F7303C8997C999A2E17829B759A101661EE49CBC2907ACE8FCFF00754386AB3B60DE64BE7E607E6E656CACCF80FDF6E238C4FD8686EC70A5E7544DCA8DA6C,D410E1AA1E7D75ACD4D33FBEFCD84A05B5A1C6EE62378BB7A6A89B251584EA4472BB1BDB7CEDC0F61C24BA7D36A143DE6D79EAE7BD7FA4E239B660493FD6BA16
1,Linkja Project,966A541075C0848DA1DB7E5032520361557AA93BA6218AEC4E9074B2199FFBEE4D19D35149A36C4E275AA726C3C483B1A2119B5A2F7B635DE382CC93AFDB48F2,D7F3150F1659BA4CC5C5B3409D8D7CF663E352B310C64A2E9572710F931A9DD2A8B09FF90790C5DCD24AE604650E8E058642C8B72CBD509D5EC0854D73134A92,2739DFC5C11E4A9D62425400BDA8FA692CD8845AB4B7C835D521FB3A9E6A1763BCE9E009B859C2DF372D116A81808EB317C8F637A6226ACF4CFADACCADC101BC,48454B413525972F945F9937DCAAEBEC68458E0A2EAFEC3E410E4E70B401D97B897926FA5C744EF884AA99E8A3A532B5876833B340D48DB9309B3365EF3F44E0,A9240B10D70ABF5304DC7D8BBEE2285CB884EBC23922D1440AFA21841A17129479DB1E36FC6080B38A43C6FE7CB84225EF0B98218FD03F8591A9F986B4D8DBCA,39D09CF715A0D649C81ED9F0794A0E014ABDAF89B51FC0A5EE8005206388D7E466EECA7E8F556C8786A5A92F96748EACE17E163F46D60F6184E14908DB6D34A6,C9491B78DAE703B91706DC13D7FB5F550AE0C873CCA3C28F7189D80940CAF00E1E138A47066A712E8232DF25BF0D5E308D6D80019A625396340BEE81A0A73EF5,0BDA2A595049A1ED69B9C7BFA93EE68B114454FC6971EE2D0B5B82AE2CD8F99F4DA3FCB9779592984F7A6E39742B8B3658CCCB3C06C4EDDE7E85FCEEE2D85236,598962BE59769103FA5D802BDC8E7B6B3BA016D67B805BD05910115C19F5860AB43F4BBEC5C5B404CA3DECDD22B359E02FAD440D595F7B97B6D21070A6E405C1,0DF49BC5AC754D2F9BE1A0822F8C166BB9623E08A6A1BE5EB88E7826F015F2D6DB0362210DE8204FB8A139ECB27C1C89E442BD9D529E12AC01D5AC3671744A50,659D87C3EADABCDC1C23CBC76CA161C45CDE6E66550B38E76FE47FBE80D0B6ACAEEB33AB29DA6EBB5B9221978A3ED847D2E359A81C04D5D5B8A330D0E9BB1361
1,Linkja Project,9F4B55BF0DEFC3CB861BB2B1F774DB6EDA7E9382CB324A354AE73541BF7C31D98625CA21E23618EE1F4DE3781EE7C88D88477600CEDABC811EC9E17E82DDF250,,C95DF5958A1200A5866DEB53B637C2D5588CCDB4DC019E5B0217A8662D223FEDE7B0B271D9884A3EDB8E61A0D132022E35BF23D9C5E29A21365371E5270BA7A0,,90164F6A3335562F92D7E710B03CDA5208EA88B16C0A1841697CB8AE911E0435B143697D089C9A5753F14D58B9C41CF598BD305E50930CF0DF7380A4847591C5,,00CCB114395F00851B413741DBAAFA90BF9EF7D39DC16712D1216E9863399B2524647A662C67F737FDA1CA51CDB661D539BB22E5463D1EED7F2DBC9C59EDA138,,1521B1C785FF150FA70B2E3D103B491E6F761343FF7908E0E1D0939862632832E16E10A7F68940161EAE8F0192CB65709BFDFB9C9F9C6F3517F5919A227D643B,,
1,Linkja Project,71964555D7759FD5FCA5A4B368C922D6FE6972DAA1559F964DFE52D77C5A6E56AF0AFDA67FF1E783C28F32274601F9A322256249341F8707C3E89F063DEE684D,,696FE53883BF6AA4A3458C921636AFA11BFE6C624A66EB8EACE7AF2FC0D46B27AD69D6F4A0CD7D92BC58B02C5614A7A9E0AD0C4A2C8540044786DD6CCDA0F86A,,58D64770C09CA94B05FEF1C23AAFE93A29EF31371E4F9FE7EC6ED521569637CEE8042AA1D31E8D85C01A49B823AD2048B8CC7E179D934C9E06F8872EC5775B38,,577E6B3203C8EC0AF7F12D047653ACBAF4206A484C0ED376ED4BBBF9FD73FF7608B5DB9176B7F9B3304647AA9B842ACD5F7968F3EDE14B31D6C9AB472D3C9639,,91520FAE2B5CC855C6022DD659546BD49C8B4A3B2C94E87ABC4B510452D2614485B59430ADB6F5C38624207FCDD0C26F78C8663851813C0BB223A98E0EAD5868,,
1,Linkja Project,1592B0D8C443219908686E9F2210A60DD7BA78F1F9A05F49B1EDCE86E6C983DA763C94B94570154E6C4B708DD68927289DF66D1191383C123D80FDA079485B46,B87AABC7E549EEC49C7422525CAE15381545D044258382205ED2F3410B4EBC0A7555B3F95DCFDC4E49C8F180BB191F4500AF6744FB78BC77E27A0614DEEBB474,DEFEB4EE15A070ED350FD06C679F5E6BFA9DBCCED7C5FF65277007B274F9DD482468483316688CEDF934A2564EA8CD490E712910C7D5D850D93CAE59D14E2790,EC92A88C7DC06077E3FBC9C607ABE06FD509933297301F7750B2F4F638C4875F1DE995DE13A98FF9F1E7A34079329C936644666E59E9384B5DF863FBD99ACD42,85BF7C1FC61923DF9516B55C88E7F50F21A11FBD5418D97A5FA048517F7B268E02871672D28344CC5E10842FC8B07A855305139A864026E83EDC6DD84F862E7E,A68FBFF47DD63AFB2CB4FD82BF7E57BEB1A8302EB425E2BC4AF6D674CADF1F43850C7DFC66170C2C0EECEC2477A3CB0CC58B77CDD452333EF9911A92E2F2CB1D,0CDA0260567B911B3003157B00B2D3FC23B001DEEF80077E1E6468E690B37FA7B735C7434AA61F89AEC621A3382CE095E87F42CF5A0F6A66F2FB607C551E9C68,B007CD8248AA4E0188CB40C561B08D40167F6B0E28564629CE8DBF711A2FDA654E26EF749FA5DB5908EDE4505A20F06B785E5EFB00F8CB586900EE285EA32DF6,8DA3D7724002D0C3A225799EFAE80654DC94D8819E8EEED67844960B9A06B51F5FD94397B91CF3332486898E441B69B5B0F0667F2D97CAFF2575E290171D7DC5,747E993AE77BBBF3393BA35124DCB798209B9DDD6E447455F155A566C2DDCEE95A28DEA6A0B1520D16375E27F2B5AB43EB33DD32EE23B4802B9F3FC827A51A4E,B6628D1992188235CD3158EFFEB4545ACF3D505AD88A64212265A6F69E0AD855142D4B3C635A26AA85719838D39883E3614599EEB2ECA8E8A0DFD5AEC5B57610
1,Linkja Project,16E07A80FC9C6A65AB75F91A21539BC5A942A9F62B902AA896DB00AB9FB6157C12BA6C65AA122AE39ED0365B113B36F61972E17F7AF32F31104B5DEF0D088C43,,4702E239A2BA0AF755A16705C4B9F25366DA28FB6A7E8F302E0E4F3D56834732C6256E0A0DB2EB51DE47FB65F0AF573296581F5331AC3681E97A103CC5BCFF7C,,6FF54CAD866691C13175C9C6EB5388B90DFF0ADE81B1C8468083DF994822E503B4D7264B0EA2C26263C8A360F675848565F5DC67883B9BA2B4D3979F988B978D,,750E486FCC86E0A36B77863807EC55867183409110C33587AC96B12AA10B2EFFBE1B504FE817F9403D13639C2F9A940277D651F671250252AF17D0F3694630C8,,A7373CA33A35A26828BE918D189102C1A52F3011BB9172AA6B92A8192070D9F225FC32980E11D9DEA92C59E3EA56207819A5FF134460B63C984CE098430CE992,,
1,Linkja Project,7941E4CA6B872D5B026764F3F62703FEF9A7AE4440FFFFCA90D875DD99704487FFF73866C0C3E6247D644094FA74596488C22119B42033593C5DAD32002527EA,,14B90C9A192943DA1DB72EBC59575CFE1B426EEC5634FE37E25CD37CA99D107A6C93BC5C13A00FB46F485073377EB24AD650CBF6D1D617FB7CA2C0D45A010B22,,A6A78332891C0311C67A8C1E1D72121B04DCC47937375F029BA786FD6A1D2DD6F9529943E51D370813D508D15D659456B7F438D1FB69EF1AC749BC6B13134788,,DD9894D997611544CCC967B0F5A9EF1E866EC9419C5AC08E4346C4CA86980E48F4F4CA320385776C4773B5FF8FBA96C493B17FADD8FC0669C8241DEF592EE608,,0B5741E31591C98C43644C2D220A577BDFFC09823BC10A16A8BDF523E700AC26DA8FD982EBB40F3B699918B6DA8445CC451FCDCFAB0A17F8985F798F5383416A,,
1,Linkja Project,FA2AF1630C0A08F533B0B480210F467CB4B8379AB8B1C7CC6EE5A1A28E5305A2BA011EC27756106A31E2B4F135271C25E628E10CA070CE752307A53DAA016251,,E6C050BFE5471BECAB60D8B79D5E4F0CC860688307A92AD423B2FE4CA67DA9DB926E6583805B3DCAAC0521BEBB14EE05998B9B523AE93907FE557E33C3635FF2,,2F49FBB7A3B95807952BECCC2C0348694F91A98A1AD727214D0D5C0F91BA8FA803B122D7F00779ED9645A3CA409F1FB2A378F69D888AF57E4051111D6D8B9CC4,,3B663C1E6CDA95B2AF2686BE53E94708849B9CE34F8D4856D1C774A82F23423E024B92382A801B85CE67327E0B61FF34A7E996FE2DA2D3AC079F46BD0D95E2C2,,45FC5D8F3D522C6A5AEF9980DD55B4F02001E7360AD37A464B10115169FAF8D67FA8C662323E1BB52B43BB56A406EB1960E825E51D62488C4777677E1F25ACF7,,
1,Linkja Project,26A94E73EE71B9D9F3DEB15FDF11DB8FDB1BEB535D15A62FD4CE4BD8B5A9A0C3250B97E3D97C9DF2F0F07866A6BC9A1077171330A75141BDF61CA458BD1AD56F,,2C969AC0F295217E767EE5D97376851A38E7816B1DD66571489A44831D91CC3306392206AB983DBF407F7C2A14BB346F52ADBA555582186A4F1777B712A43514,,CCA5F221904AE2B227C9BC806B5DEA390B6B4231954BA757498720665B2AB5E57A375801AFBADB2383F7D62ABDDD17AAC6EC568F095A428FA28576CF226EA7AA,,6E4CE779EA2556A98E8044EA180DA4C79C6A5DA2E27256CC9AB37BE270DB80D67D149A5BC06BFA0E4DEDADB4D052DB31236F812ABC153C69A018CF163B40CC0D,,4CCF559F34DCCA49065472A0FC3FCFEDF713811148F2743D243B9BF4BA60ECC096B7FFF54861ACE2AEBAFBF1DE8B160FC08B5AEC3DAE82886526D64E72F39E68,,
1,Linkja Project,1E1A1346DC9EF7780500B6B8338A1AF4F522FD7B095A2301F944731A9CA6914BFE754E5B60EDE242D98BCE782221426B76E09589FF30BFD7674D83CCC0946730,,BE04DB36583B3BC472D25ED1B59D30465A2CA98919094E91A6089E2F0B3E6A17605FD42BA611AE5220D88E4550986DE3C6323C81319D4993C7FAB68C85EC8956,,BA63FBEF73C42ADC86EF02DEF45AFA865C39EE22722B79C680EE582EA227969B0EBFE81343BF9774D989D07A5C665B34B54AC582C13B69809B35C29F17F625B4,,3ED7412F3971E06FADFA920FD9B8D84742C656628F89418C44588998EAB5D6275AA4F06784CB85CF39C8F8E3043467B31AA13017A30A52EF797B7521A5A46D3C,,CE03CAC39F59D092E09B24C383A762AD86C02B950205D58DFE10AB4D56CD59EAC2476F40FCE3E39BF802B0B589BE9BB1F09F734F8F58ED211257FDFDFD292961,,
1,Linkja Project,F093F71A2549E0F3553AF9C47A13585CC444211080D19B1108944F56364BA6DE57D4FB2885A34DB1232EB0F5431377666AF7060D8A54F0C637BF38DE9F0B9A34,,65078CF58ADC34F092B22BF4C5D5022BA4EA5B01DAF0DDD9253B59348F0BC2C678178837AB4A2A0F21E32CE38B51822B0BDC5E0DEBC80032473A95EA3E829295,,413A2FDAAECBE84F50BD14E09830C4AF897B9C47E31BE124A3291357858CC817E3E96AFF0A457953DD1BE308CB1F4BE4F94797700BB41AD5476024AEFC294ED9,,5DE0F1BA7271A96F3ADB3FA47E17616775459240DBC48640D72EAA83BD3510BE1A5872EDA7F73F95E6ADE09D8ACAFCF23CB519F15E51488E8BB83CF73BA6D1CF,,E0A575053056DF02FD917752193509AE23718072FC9A3AAAEA915DAAC6E5217C1AE692E01728036D1DD9E765854F94BD66AE38601027947B7F3BB155949B1988,,
1,Linkja Project,ADAA86A4CAAFFDB55C08E4D98940DC4BBDFF4CD1C6F0AA6AAD6D08873C931299BD193AE833587B3DA0909EA84ED9CFB0F06B3541F9FF6805595A2C2FA56FD6C2,E655A597D1E1151AB4281BDE22919EBC3C6ADC18DFC82F03E52C0DF7A41E14955FA8718AE96546671337AADEE833979644D49785FE41396D1AB24489812F9199,C8C60F6E31DF73661EAB2E0D36B674A1A7A19BB10B1553A97515C14E5555ECE7307C5A74901FB683D3F13246A43C94B6C442400D36E5C7F1F611EDF2CBA18888,927A4787DAAB13EF14307666A95B1B8CFCAA6B8DAB004AA9FA95274BBB49E1CE5EE48BD0EA74D7CE0CAB7544BE5B103AF202A8E1D07BD155F96B0612B384ADF9,754CDB11E84A1B8D2C5B4B126B45E0E129E31BB6F506C221401602FF803E46FB6B01986E36E0096AC67A598E0FE8F27B2FCDBE8C3EFAD3CAE730F56ADC270B6A,67ED0A18FBD452257FE521C28C425C31903242E45ACCF927E416EA060A208E3D3E1668A9240CCCE411DCE43547F4C282B019ADF5B010CA9BAFE7D3545C812370,28FD364F1D19D9901BB40424144FFE491ED02D9D7CAD7DBD9C9C74BF0B11BFBB13CBB9ABB9F01E26EBF76F1FDE0B5DB2DDF755C595DF63F6A10B89F0D4955FDF,C11101BC553051715004555098A3068C028EDCB63A042230CB8B2A8E3BF700A25FE78FFB05E7F77557960ABB54D09490286C737E31D3F12461DACF8C9B48E92D,733B38726E0E553F45CE8721F71F0D5483D789A40BB4F5112C302BC153178C69005CCF5276A74AF80D14020FADED07B0F75C465720309DA6B7CD78321198519F,DEFC7BE58AF9550F7BBCB972A9438A84B7801117AD44CAFBFFB5EB70E68A65CA124F7EB3207BCB1EDD4430B9E9C4247D07C37E44B0CDCB7145F57D9FD1DBBCBA,1B2A870304CE14E0708AB25AA68D5413576F77DEE8EBF3DE8E4C939C8064B2A7B0C0DBEBDB340B2818CCE4ED62B5D3262F90E5C131B895A62A59995EDDD80021
1,Linkja Project,ED32B431A1910714A96B370AD7A588C6291E2EA577BEAE16A16BD5610D7B3232BFAC791D8B18395B0DAFD028475D4FD1517AC40EE0110076D89D0497720F2250,,246D71CE568FF6D690368D49D4A3217719D0C4C608958D44ECCAA5D220E01EA54F86B2121429F2FC01550321380ABA8F501C1DDC682AB2F7B4FE11527EA1F77F,,D63933EB42DDB51AB45E512D01E85F11F0C3E164B045EFD0FD8ECB62BD235BDE0673BB26CDF83684AC76F25A6E6295F9F51AB8CC543092C44659962B8F8E269C,,42282E3E342E1E557896614D80C3ABB3E6A2865C2FBE8DBDC418D72C3AC471F94E3A366EA502C20C297F514B8A8F3110A55F8761C11C5147FC2DEFB75D59E8EA,,0313D1D21C39517463E3E120D92C4117CC079AB23698E8895CA874C4DDE950EA3183BEEF0D87611F481CD7EAC0ACB0B2CB018B427A0092D667ED4208363D8448,,
1,Linkja Project,74B3A25FF2447C37C9306EF80F8DA38A0996200DA36A6B5D954A8F88A9274F5354CBF3FCD4F328A37BBA1551326E204D24B86B46CE384DD9EA79B62A89AEB210,,5F527FBC3A50630193E51D52832905E7A41C7637C68E6C8E2A53E4E97D9B747609783683A8F3E74DC8D5BB852C98290548F1879F98260D8390473DAA990658CE,,EDD1ABB6CD70148C0B8B98D0406D34774653522282E8FE83EE88F92586F3B9E8CD271D24FDA4BE6DB7CCE077986FE2158DB4F246C1BCB62706C32724CF62F03E,,7CA71F7679C926F8AD8736FBC7B4BE0D058B98970B807FD9B7585F50A3A1885F0E8B37C36D8295A338610B6351244E89D7F7481F58DE36DF027AACAD17131BD3,,2D10B26B47EF67170985E89B7E7B9B5BB8478E4B484B61CECA0D7A552AA6120BCD31E6597E8447C9EC94291F97334FA12910ED2626AB407C1973F16138DF1CC1,,
1,Linkja Project,7275C52851442E6F7F793CDA507389FDE08E948688D4311CBE3B9E6378CFB2183089D6154EECDDD240169B21044CCC222D86225945C7686F9D326372B77B3497,21375424F67CE2B09F0CE0C72B76E8ECC5255DE049F74EBCA84DE094A7F037BACF3632E444241C9808D8A8DB57BDD14EB26F85A87DB422A85D6F810D2E6B3D05,22924B12334A5069CFAAEA56E5EF9B6C8D17A2DFED8745AFA2B8BBAB1C54919B31EE8E66BB3512FE65873A872CCFDCF6BC6F80C9DE627908B5C25CD03B07B69F,B172A91911F35A0BDE7825486637BBBAB12D070F7729156941747D638F264D13377A08CB7E4DE5F1DA604328E5709D3C18EC92DE0A2D47EBCC142300006DCED9,4BD229FF4383D77F2D318116470665E4942E3C61FB7537F1EACBB68D3B575C8E405E97F447497C853678D47621C3F13EBD3A388D3FE35B626CBCABFCF419131F,4DCBC480D0ED4362CAB8D007D8C79994986F9076AD00EF2A5D7ECF151A87618E6C527D542C5025BF597C4A93254003CBBBD1B387DEE17C3FAF266EF6983F4738,EC0A6CBA83F63318E78F20CC0DE2D5C28CD7930A4B079624FD12EA9EA9AD82DA42EAE011D13EBE83D2190744C481492F08F8CE0C6925BD035EAB70F6C38DCC3D,CCA58E6852A7F4D67FEDEC5DA9B3E8CB45E7FBFF392F2AEF12FEA8D79F1E2FFA330E80BD354F189914A25A0DF6264668ACBC41B8B164034BEDB4BDD3EB7A35ED,B0E28614E8D9023B78F9583E783CB21FFE2563C05637C2C9E6B7A9C11EBCC0AC83AC6DA31F85DADD1E6C555FD4746B6D045B1F514817F3E4EFDC3EFF2B942E09,0CFC0AC92D4AA8EAB4056450B01058AF2488F5FB14D34844DF3086FCE56316BCB08ABF289444FA234EDFA28904A163D18AB90A0D415C2DACCF90BC559A65C38E,E368B01D3CFB498EAF6F95FD4815EE7E2592E9CA94599F92E5067337336684CF51E98449702E1E3A9D43E7264197DF3949552A711C9843F8D4672CEF3FC12398
1,Linkja Project,A9ED99F68792FB39266DACE08A50C66EA371A80EB57FF87EBC55F2073684D7AF51C23DF557DA88683D27E4D98651E8AE99B38041F2619D74A4D5ECEF44CC2E4E,,73088AAF37C9AE2C424533FC802372967D02274DC70263C17BD428FB8507E631FAFC64D91D3B7785BE57817192075094EB5C1B9A15888384C98D52EB0EA36CAB,,4BDB8A6AF12A5CD1A6535CD24ADECB12081B4AAACF76F7519C0CD1959C36E27298F9E3EA1F7DD344976919163BF23D42C9E254065CFA3C88998A2F4A45452633,,F0F83D114A446AB8914F969E07727B22EE09322FAF1AF91F73872F9F7157C1217286F1A7BC089159162AC146A6E06FD97CFD3C415C46EA260002C5A7A91241E3,,0C16525049B40C0FABEB2CEF654E4C92818622A8724712A65C9945F04C847E8329DC3999E09BD514CEA9D6DE05F38115282F4E63DDCA5BEC3CE36CCE04BCA36C,,
1,Linkja Project,A4B58FEAA30A2510D4FE715F31B004BB391A5C25CF6FD20477981E9B284333753F50AF8DD348389144DCB211C29218B6827A2EA6BDC41362168C50D99E92A910,,16A8461D04E9045E22E13B1BDAC30C1DAAEEA323D590886DC5734624D586A2F6493A8C1ABB610AEF1063EEDC0E1C0849D8E9A5F9C119E69395AAA1570F617FF1,,F46868A1C8479758C64A380476734F0598EC204D3B88A6FF01644CB5E15792DBF2D0BFE0BD29E5D3B01AB08F46C5623C3A39D6F37D2FA7218A75ECAE5B22DCAA,,EC2A2835557C04BFD0306596669AA432FF90DFD4E8F85317CBA57547E84E58A50CA72C880743960C4C78F6FA852904135A41EA06F542708911E7701D27B122AC,,B993356A25DF9072A581A5383190982E6695117D69563B107777A926A9EB6BF9BAC0C69F218DC1458E7DEDF935271DAE68277A9845C243C385133C433F38E89A,,
1,Linkja Project,0E9521AA65C7086085E5105F967D201109F121C6F9066D6234D0CEB05D5C3DD96792A730FA826543C540CB7EF034DD4DAA3A225B25402CB4D9525661877707D8,,13CE0A71267AF2EE22AF18DF070C901038299B32EED6E0A7DBBD515E35A62877F5B9A7BC4FC900A8D997EEC627155B7F171C561D557E36AE4582890261CFEA5C,,EC4105F4C4DCBC6EF0166FE17BB5FA149B655AE0BED270665B7B9375A56D71479B94ADD151B2BD295BB86B4D3A9C7EB96DEAC6D341A7831DE6F7911936A1C6A4,,6CFB87D6923593542E0294B62505B298671D1D93C4BC04EFE2BAF8CB1F57C85328108990AACA6963D72512847C2157377F53956C6C60CAB416507608CF795E11,,DD6185EAF2D5B221F6A4DEAF9E89DD9AE85A7D95E3CC3EFEDF4663495F2DB3F5D0EABFFD5B77D5BEB02934D48736B91C9375AE39276F0FA43CB47FC6E0B14711,,
1,Linkja Project,6B05BBE063F70BAA21CAE29088B9133D15C86BAF7E7B8E7D2EA970702A8ABA1C3D79CED98BF5EA7B4797B47FA580E92D3C9A015009E3EFC1ED8A3AF0DF5FF956,,E469D83093A570D120B065B1594CAF516607310262A845C08D5F07A7D2BD2C697276B485D8A3CD9706F17D24A61DA575F2BF63ABBB874440556A43C0E50C2396,,7EE87FF077C49418418A95B1532299E443682245B29C1C017503F64A1B497F8A6B115FD13912198F73E996087F708B9BBDE3963A7F7A74505FA2D00B4AB44DBA,,BE5AB8B667C305D54415277FF930CA0E10290892E77DF520D576433F1BC6A9A7EA7E146FA053E811055A9AD017A9182EA04C805226AE54BAF7146162B5E72C95,,4DD058AD82CCEBE89F41EC485017F557CF0C6289BBDD0F79F07091FAC0818980E02A2538018942A9D5BF4448DB5AA11F9290BB7CE501CFC01E1E455EEFD221FD,,
1,Linkja Project,FD23C580D09F0230C783AEF5F0A5938090E43FB45522DAE816DAA17BBAD6A141CCE5972D69DC8159D5966765719A59B23AA829A84AA11718B98046114F482417,,FC0BC2328B08243AE49F582392099992475EA28E9B6A938F8E72F7456190E015D128447724377EFE8B780924553BEE29D6BBDEA117B0756CF52A32A6CB8D59FE,,AC32DA7F980311D3F1E8F304B749B24259E10D551ABA3D4E2513D77ECFF38A0698C5848C2618F0218797148E726ACDE10358583485E6E750B59EE0EF0C71669A,,67EE02A8A7E9EAB0E920849FB1B7452A7013E4D0E5D5CF2C454296C496A82FB6697D98755A8982558747D1C0DF7EBD8190A3B4193D739E309B074C66FF07E6AE,,5BDBAFCE6E345697244740707DF3DAD1D9CE32571315C83CE9E4CCA3DCD7FCFA349C59952A89F0AF55EDA3B304698DEF9DC837966B60450A6228D860D9E28D49,,
1,Linkja Project,69344C72F32897B3A31C003CCC515EBAC2EA4DAADF0A11DBEE9B9CAEC45000ACF1E9926996BEDBBAF445D53BB1F5E68B68427D0CF0F4075FBA3973A8D2F8ABB8,,CD1D85FF80CC825843D24B3F565EEA62C5A5D3206E2DD728F7FEC1A78283EDCA5E219B18912B4DAAAD7AA35D59F33AEB82E562EC78CB984082FBD50C0B899BB9,,B4A57D4C23B9EF260334C33F09195E115747B2743B39AADB14429A11114DDB21ABF8D1DC98646B098B5EE04A9FF6E1FFF7F9F856D752DB01DFE8B9C918DC90A4,,872611E83C8B800F910FDB59D3597D8E02AAA8EB0E0F4C9D66B8938A97641B5D9A6CC1A079BD5969097EAF279574360E343F7111A3C10B923E23569693FE274D,,C315B6F045C680066DEE47A74344112DAF84167EB7666B79044FA399DBDD2705240175406C3FE1C9FD166384401DC77DD590D0193E9DDC18FB81CE488AEF5208,,
1,Linkja Project,778845CDC7A143615DDC72010FA2AA5898301111D288C21050D54411369F1DDFFCAC655944F4520BE336F21936DC2396418A1032A9A734E412914F8D31588F62,,4FF039E28E68B3590B289E1A1F6B4A4F92E0B073B02F240A902BC9F0AEECA64C4669EA635B0191567FDC02A44F898AE93F0E4BD43BA5FCCB0D8AFDBB9A007FD4,,780A718789FA3EC601062A9BB868CDC9826668F019F790EE26AF7DDF1103D831A1668E4E6D73E7DDB70DE26EA4E8F524D19E9E38B14D7FFCD7DD656E26F853BE,,C49B8B4C2E0F1CD2840243FE3108433FF8FE099F05F13D315836445A80FA1F7789C5D38A53B1BA03CB49239C2968FFCD12E6D185633B4ECE381BEA1E3A5C49F3,,48D4913EC3A202418105D45F509198D0C80AE6235254EDBBC11EB117E6B78345AD374CA548FB7A4189816BE8D816FBA07366E80F71AF51CB85F821DDB84E0F10,,
1,Linkja Project,CEF330071FE55C398F96905814D66BD4E924CD359A5C51498A36D4173D8A6889007BECA6AAFD38A13E3C9137E249351BC97E8823CF7D0EBAF2B07C13BB6CF56D,F2F74A0BCA79534DB4CABA27B47179F5B226913B3EDD7E4D4E9F52223C389BD470D808219A70E4D2D0FF3CC9F4FF892C07B0FAF96630A7C861CE216DF749F3DD,0FECD4011C93E469EE10B29D8820ABF7568E661BF7EEFA4662631B273226C680580D330123226A04964D61E546FE4B10B41F90B6129BEF99CAE19B80FBA1C526,B628F2A5B793A743F11C83A633894771666077598FA85929E18F34D29DA0D5633794330EB607CA00ADE9D07CCEC02CA16F0F2541F6CD9104C91E063390D3278A,6978B0AC6574595C8A22083AE0D378D1F664043F622956052C685F373BA72D99A79107477A53CD34CB135FB640789DD5CB833B6F52334DBE15A5007DA1DD35B6,96B5D2904C71B316985A1F148BAD75B8538ED9362EDA921F40A0B2F43E989B361F5EE47F6CE426BFDD12804A0EF366C25CDF7781C46EEB4A520C7A209A6FDEF7,830FA4B3CAEBE21394A173886D61215AD4689BF8C5ADA3313D7BB029D872069CC74909FCDBD2F5009981378F17319D5FDBC1F984796C9B457C6A1815E5CE8922,71DF9377D82F193612BEBBB281B66C10131247EC7E535945A3166629EC0E2ADC9CAAA29560F9B9920D68E3EC8E96CC13FBA587613E1FB709D8669FF738933692,E0F3C0E9DFA2C9C428626EEADF1E6AFD3DF8157FF17C1839A52B366FAA407FB00CB70EDEBD17B492417836B08462BA73F12F6D67D814E29D0716F82F5410DCD9,F3BF95FC3561188174C3F0DA4E5413B81088F5C1D678EB8FF1B85FC4584153FB114B39F32B073D695F0EB98AF59F13AF14FF6839C9C11F712660A74471894D1D,D15DAA91CBE245B410F6120434BDBBA9660CA9D3420DBBE56739886751BD121D73F9995510E995299C51EA13C50B89CC3A0E985026F8EEA8C3F9709B104A6601
1,Linkja Project,4D51AC352030521B83FC30601D411FFF3BD4A3EB69BD7EFD766E148D6ED41EA34350CED91ECE39E0D9C8C5DB43C3B960A6AD4B964B17CF42F2E2ABFB23F70D8A,50FEB86E231E53870CBAF97F9A5E74916DA6D5BA624AC5EF4137FE0CC038176C157C470F0EBD6BC4E05DA701D04872D13B9C014F3885009B30DDC0693EC4220E,A3A121799926C76DF88245AECB94B2B8C03A5EE9EC201422588B1D999FDE9E93E95083C7725C088446D8DECD75CEB488355C88EBC2E9AF2D179B902D6BE44334,05734B7930AA292D0FF31FDDCE68DE1EFF646D672F26F04BCFE56DEAE412278385FCCA455C9212C24622E8BCE02F0323DC2BC7A8081C02417D0FCFB55265A5AD,48DCD079A463DA241B72095A797302DE64AA4C463B7A85FB29A0A894B678F8ED3EC947B7CAD4B222C96DF5CE1E14A9FF1C2250FDAFC5C6165B3D0AC6EAE58158,4DCC5AEF06D2292CC4D4293C9AD9EF055AB9B646E2BD7A4CE83155EA345AE01B4C9C987F05FE6B1613FBDA977D8D0EEF72327BF8195B5A861EAAA971F9896FE5,E93DDD0229BA4C0307285418E738D896B5C205E726F4F84B563ECC14BD6F98021FCB58C9C7685ACB256C7D751DB5660D2D82EEF75E6BA8E298E78DDA9F82322B,AD4ED66F44DD38546FDA975C016FF4FD1AB22C6A88774CD5257887A5D94C81E70770E2AA16C73D59262471E6BEC32E9DC88C6EF8A2F06DF652659D4284BD5143,047DA609B7E481ACD274ED55A9775A37B0D62F0990467C645C1AC08A1A995C23AA60A2C02993885204D8A01149E309B2B2A9CE8576587464CE2A930A80A7979A,B0C83A8A6E1CEFBAB85F57CB379039C93EC4FD376D47B69EE64453E237BD2897D49C76064DD726CB41855391D2FEC5BE63DAEF55852BBD9055713A03B7169FA0,25FEAB475A46EE33040D5396E0FED4E1DCB5F0FFAE7A2905E8C24AD8BDC9D2B52DDD02672A156277F71413606422EDC8500444A9CA1F71062BBF7888E001A674
1,Linkja Project,64D8E9108CFE9B4058ECC2D95EC25641DA65A6C5C24958C0651BBB9E9875C64C0A25C7FF972F0F46B1E20A26E44242293D2A219AE684B806A2DCC065E9A00D2D,,F5275570AABCDCAF5D34E3AC99FCAC2272BA76049F3E0AE7CF07BD25613B3365F1DE6AEAB1466FA8733FE2FD0513F41BD2C4715C1F9A93737C6CDFD1A0FDD7CB,,F918AEC15E934B14285CEB808DEBE95AEB2A8449330E5973ADB2FA0D4FE634D41BD8E6C5E28AFC892AFBEA86206766289AED93BE2DF6D3EED7AA74D8397C380A,,15DFE77E3EA2C5F6609E10A39E5C6D9F1282C6347ED35B0569DB29F9D3A78E2A3DA778F748D9628709D9D854A1E4CC9424513D50628BFEDCD17BF7BD8496044D,,0805A1CE6AF397B6447FF140A8250CDBCA07CE5E47B6D3CAECB84DCEF71E9AE75A55F605324CB5CAE0A59AC9AA186247A9CB5AE001ED3488BDD44D95F1745300,,
1,Linkja Project,E3D795F1695DC3D0131FDFC11524BA66BA7409C13D3C7584D6B586718D7F01BA0FD347FA75152220B9B4D5BF9209E4FE4B5ED4BFD2E0EC4C56944DB7BC5A1689,,06B46A95CFEFE231D98DEB6DC8BC9178ACD8CB57F5EA886F6EF783AE0C388B4FFCDAFB41CF3B66BB9CF2402B6CF66090E9D8501A5B2342A25E0C08C19A4E2062,,CAC97D28CD6B31F391E709A44E23D47484C7F589E6DA6FCE1257ED201B017C15C4F4A044C0739D407B339E26202500ACC05E2D876A0982B5CF0241E92111CEBC,,DFAB45D3D38C6D3EC89883AA6B83B5C4492613D9067CC7507D0A68AB4866B09234633779E8127C96746CA3B96381BBB278D16C6D7863F50320B0E455948C33F4,,A293645F7A91978768A9DA1D3E4EA84E4D75282E02C6FB106328A243A9768CA316828AA0A0A19663E81CF3EE98CCA192895AB288CCFF578549D5C9FF24D66F2C,,
1,Linkja Project,E587F255CB08F7AF688689541EF453DED354C53755DEA58731547A973386CD8553FA97BB02D559D95D5D9E828B98E046CDB6ADF79EAD96033F64ABE09B11483B,,11F52CE0A46E78E7ADA5DBB7421CD80DB74895DA760A4F28CA5B651D5EE3894BB37E1ADB97DD80A7EE209DBE6A35A01B74E9977F229AEB829B67181C04DE6872,,6EBCB7CE67608722066323CDA0244F2628C3D31B144D3595BD17A2302EC8966A756609433A066C9D7D2A30328920882D708F218780A3D66D52326A9974E3A84B,,3E68C1326F766C764758407C8811601ECC03DA5839DBDDCC6ECCAE1319842D7F8901E706E19011D958D95AD06145D73848597F287A097E39DFE403072BC74FD8,,D5348105C62DC9F05ED19A12FF1DD173579EB53775F0C0FAEF5EA6A4520B08F8627D2A68713A59AB1DE86BF0B64BB089084B27F44390636B63A23DA546756D23,,
1,Linkja Project,F18F7A4BDC956B37958E4ED0F5E3A4E98FA3F2441405A144E4CC761D03E227CC38C9C2D2C8594E4F8D8A4AB92C9F1265E561907CD2525A23BCF753B035EE0D12,,00C892E50EA29159B1AB60FEFCD97A42C6C749CAADEE36BF0C1A8F796DD957664E3AAF7B4427FFC12347772E6DB23415701CC2511D20C62E6107DCE89D797FE3,,584D2F0712C5032BA631BAF92408D0D5EB835DDEB9ABB62BDF735EA89AD6A6D8FC2FEBD72B92DFE5F84111576E78C5CE11371D54F7A7D24E5AA25D0985D8B214,,048F463FAA12C49657A4635E9ACC9EE3DE2DFF38FF8966A473E9AB47CAFAFC172E8AED7077A65524C5D345AD3070A27C18F6AE4907F08F165E54F4099AF35EE1,,5BA56D7CD1B9794B8814264D41F78451C742756834C9F97B79B7F3CC1E6954300050D45DA4902B182BD13F76C3B5B49BBD8700A6F977606B4E65BC86EA90CD51,,
1,Linkja Project,1E7820C5F34B5FB9F49F06BF04DB9099F162E3298044614BD57616818ADD8051EA52F23EA0A766E2AD5635306AA906AC2D4110CDAFFD74BA17CBB9AD047636CA,,BAC4C6D56A0F83D3273415C585EA7766EA3F4E32EFA51AE6DFE1E7020C66CD6FB3C46758554EE7DF343C265C04B59C7ED806A46C8FAE840DC3652E41B4F0EE5D,,8D0E5F7B6D4CB33D3C048CC19DBA4194EE03B5537A72F5D7BCA979EBD7ABBD084315CABDF4FE4C6929939D63B179E349D48ADBBCF2063B846007827ECD19670C,,CB824B7DEC4664CFC6924390C79321F79D1DBA2AB7AA5DB09CB035759E5B2BDA0F2B403FAEA70BA2B9134E7941B5D3F0D310B05B41FC54F361DE476A0871F895,,2C81B431681E65AE53CD40C8A7CD1EF2EDDC3376ABE45CECA15B2500217E0376AAC02DF37F3DB244804BB972D79C14E77727C8F01149E2BA253A7194E24DFC0F,,
1,Linkja Project,2141BDB8D2DBCBE4805E33226BB54B61C8AD9BD8E2184C4442B7A2B9B434585F47F52E3B6A3F3511111B460CE9BBCB6424799EDF93995CBF841FDD27153FBD3A,C73CAD739A5997383BFF049CDCCEC3658986B909C9082C1706BF3CB14AEA3FF05DBCACC79E3EEC2463109FE8654F7703C037BE1CB73B9A2808D5FEB4D3F29E49,16B2B09DF2C8C1D2857E1F9A6F67A4A6D17D6728DA339F90023909CB8047AB5BB080DF0F8A3B4319CB5C223764439F2DB41C0D5B5D963530EB30CD51AC0AEF12,DFBA22821A3697093CECCF85B014DC59154F1D5CC326DBD38F3726700A6680E5123648F1A7268DBB5DA733B5B27929104A8AEE627BAF465C5DCB95A02B4ED94C,776F767B811385D589DC81DD10C440CF627548E1563AA770E078A134C5763E41F2F1149DC78FD38F7CC8654DC1C7F5E167E7E8C5D68AD2C54A0655D6500C5D19,F5F71BFA7172A822C2A87E2A010EBB67C4E5EAA2C577BCCE516781310B7392C47343D3424082611F28DAE4D883F84B65C9DE3F3DD8CA76279870DC3F800D001C,EB7CAD18FA03D3B041C9AF8E461907951D1E60A68ECD3D776A3A19132C2BE5B292D616A3DD508DBC3AE65D0B28604ECB23A2CC2A8A49BFB413A1C29DE45A6DCE,075EA3A15188EB509A442371E0151D7C359EE3ACC40F70D691D8AE840F17E85FDBCF267411C83C8C96E57D64939012DD06987CBEF8860E7CE42068C90139C9FC,A95EFF32B064BEC99838F36097DCCAB298AFD88A894EBF16924CA3078D3381B891570CF962A5244052DABD747CF5F54AF34BB8A1634C19DEDFF85F814C882996,460AED4066704D50A169816DBB63978875DE3A487D490EBA41D2775F0581B5F2BACF3D93493BA0DC4036F244306BCDBE35AF9278B8359D3397641495BE4B9839,ECFE7C489955A6216A792869308DF4C144930411DDEA1E3EDEFF75DC5479728BB61C0B9C2A9F8784BB61421EC96FA8A2CC482360C3D41CC7621F7253FA96DBAF
1,Linkja Project,7B988AD6324B76AD4C5082A73C0A05A6F1BBF05C70F2669F395A61DE47B7E7E8292D23CB12025B7C157204DE0BBD2AF1002E5DD9B44DF5AB0CFA796A8C833C1E,,C51A641D917C2B19A7D5EE084A15331E37B1997D28CE092833A765A2EDCDABE39D0ACF4CF27B5E9E12D10BFA792E038316AF166F215D8982EEF88D75A9F621B2,,F2E736C44A5A3E2CE4ECCF7552D60F3BA2B9452F11478BEEFEF5EAC8678FE8786F46957A0F5B18CFC555728129977E5382C510F0BBBFA380512065D5B703ED95,,7B8033BA029635804B6CEA74D0FA394944CEEF8B8A15B1F13083F08FEA8CE178539BE923B7A0AD5E160F2C393AFC08DDFAFE8C80994815E1885CE75B101D3CCE,,DAB2AB187315E3E0EB793842204502485108F175C69C403D1111BA096155AD138B5C3F24545CE06F1BEEDB6CDEBEDF9BCEDEBB114360EB20566BC98CDE9754C1,,
1,Linkja Project,88380A7B5BC27309CE9213B4703D7516385C74A1B8DECC2FAEBDA8AE198968A706B43EFBC5246458B46786B78C0D3463607CEF423BD9710ECABC60D8377C1EBA,,D09C5803CBE640F940028E09CDAA60F2E7B00482DBDF7574AF64A5EA605F34E671FDF739D3A46B41346EB0230C4B211BB2370F9EB028C66B07413B61DB3B0A62,,C8EC9CB06D01484E4648CB710A1C6E5D2F80121F99BA39F3C49DD47D585DED5217EF3D9F3D9C1EAE52277F72D04838209245B297B3A481F4DC61E2CFC272AFD3,,5008A5B5351D32532ECA3206F2AA503E4B27A454E97E64A5157D3DA296A255DCB09631B27B2CAFFFAB6D8D23C3066ED052BF9F48A98DFD2DBF9ECD4D5663E9D9,,AD1D2CC880992DF4D273C1B4E1D53C8BB03918A27A154AF720D7D340528F077559F0FF3128548F0527ECB2A7C78E261F4E208E44E486132C828F0C1DE63E217D,,
1,Linkja Project,1421A9D5A4ED4454FBA1D3F37E419C8B1A06C48FEE3053BA807B9B46F70D2D11C18A39820DBB6C7A3642A0794E7A0318B706ED441A5148A89271257268163CFF,,7115BD6885B50753A35167923E61C2A5B8F8D73A8A00BB07218BDC30A4D3665E069814CEFE1BDF53DD79E4C0A10DC84B871979D83ECED609E0D158349F130B0B,,8988BBC5B81862990547A34714013EB9A7AA649DFB23AE73444E99EB8C4A969DFEAF5E774BA28841630F0845F1A0B317A69B32303B1CBC76A0B5DDF0A083892D,,24655A0786E365616D225F3735CB6D9C2339B6D61F1151FFF756E058914E693CACAD1733C8F0179175A17FE32155215E596F5313AF69E81D2A0B0CC5A5FD8AAF,,AEEB4C353C35C950BF14B8A319BFC3209386A54EFA568476223C022227082B143749FFD823F292C688C293879D9EB6182750D1558E6E1E411D9A690A5B3EA7B7,,
1,Linkja Project,25F268BC6D3900DBAD5D391EE76C8DFE5B229E605A39D1CF8F181981A7C5D2921F5ADD85F123310920675A0B7E29569F68282F23593B97E623A368C2BEE7154D,,5EABDF699B5B0EC90205B5B741F6880E88178F1163F6968169140D80AF016B7C88D4FA12A47053528F37705C732DCA25CDD82A7021BCD662DDDA96686AD4DC7A,,50D39C4AE894FD92FE950AD7C4D5A1F07F6816BA03F55953EB07449D9F42EF3BBC88B9D89F02754FDC0A91211222056DC6CBD37F44473417DC5EEA33152310B6,,334CC4A775AAEF1EFC0FC141A80B7D3BFE9A3E4A73F156CD5067758794DC5B0DFE2945BC038EE25C3DDF5324E57429D08756A33ACE677D27E415DBCDD0DA34C9,,98209EDCA13E255EF763540787A23B6D55AFC2182D4361E7052D2F387ECFD99024C10A13CCD0E69D3813AC29CC9A89E2BD3487CCF55A17629BBF42AC467848DF,,
1,Linkja Project,7B02E05A0F5971E69BC2C6C4A7727D002DC44971C45BED2157327EB728F126757C6DB83E79F762EC006ED8FD19A7CF4A1C1FFD78D36444AA47F04230FEF61D1A,,B6E95532B90AACFE8619899C20A0739FE995965F45A26ACC4536D78D56381EDBFBD51F05DA02414600DCB859F8086A07A6634C3FA762B70BF78335FC01A91097,,27F666E00F9AAA0FF41AF791AC1C5EF3DEBD8526133164178875DA1C0E572FADD245CD098970BF217E91868FBDC872955EC6438CF29588E6EFF06E992559ED26,,B52512F3F71ACEB537AB2E2A20B2FC631DDFC251D347CDE5CCB27EE80E5ED3EC0EF10137016E35C5B3A062EBBABD47A37467D448819B6D9C03CC08CD19C7A6CE,,9283FA8607C8AB61E1BEDBD9F8E202FB0C7539CE78C587E499930DCF00771E542D644AAF51F04C1995DD9B81805743F4BF5BEB9FF58C986127C02564BB2ED433,,
1,Linkja Project,E9C4E518AADB1D7AB1C02B21CB8B14040F9EAD412A76DFC0462D113113E7121FD5857BFFD83FFA66B14204B5D24568CD0E86C668D8D0C3E2F6287741117C6EBA,,0AF77F75E8200632242DD1CFA0A6BE3E02BD4D993174AD8D4CFDA2E750A5CC422589F13092CD04C0E989C60D791A5A9B7388B6736D7F41B66EB2762F4D437936,,D53809C426DA026AF1F9ECAB13D79B6B35F95C3E0290F676A133B5303F733C3F1CAD54B3B951BB0DF2E9EA6DCFFA4308753F611B384883C267DE8E7A8F6BB2C2,,89A7AA57DEB5BEAA18C240E2B2BB876C3215934ECFA58EF88D36979774FC8EC9D9921A2903BC02F4EDFF614F5C19239DB4932F9E0510F8A13C0ABB5D433DA968,,0221E192BB3BDD0BC0C59B0050B72AC5E467510262E2EAE22ECDA82361E7A6B73E143AB4B133E41E328A2BE57ED23677B4710753EA92FFE810F6DE6FED8DB964,,
1,Linkja Project,70583F58F547DAAE7DBCECF5DDCC09C52CED27F110F92EB0AF74ADA71CC8051E6C39ECC220738944373C32E88C1653C4361E3A347350B0A43C3290430F43067C,,283785267C74E3731311D81DF4410A21770C2B3AF0905D6C8B28D9C699411D55FE0BCE930E5069F7FFDB5AE2948FD351587A42343B4EE1A71DB646AE4C174766,,7207EDA9509C1E227DE15F890216FE57C8FDC541B33ACB5141A8426DB31DE3F690586C4F587F43BAD41E7DDB0CB667BEC15824B5E37BE5CC621420ED63C5991D,,724A44DCF39C412AAAB81CF2C0071D6DA8C8F9C9397A7902BCA9D68D137741DFA2D3C375B66BF31B820E668F1FBE86B082204275B765F4D214090F910F563B85,,9F4ECE5F60AE6065032C8A86FFE5E7422920F9E1151C641BDD2622E91A38DE56D2B06965C51D202DD30615B2D85A9813F6B9EABA24EDEEF83B7810B0B990F9AC,,
1,Linkja Project,8E498DBF257C80B7E356C85C8C1A34DAC07F5AD9D6D95B2CDB084EE7C11E6148C80A8D9E32B9960F3AF3C17BBCC98E445EF3E59F8DA0CB43EBF068D1AAFFBF45,,EE0CAFDAC78F521800320AD0C72973A0FFF43E71E87E5E6AA6EEE19FA9691CA910E4C8A51329A97910DDA27F7C7EDB23F7D08EA8F51D0A554F02D014D4A37E88,,49C2459D75933B7612AF7FB66A3E18419F35BA4568F303B41724A189D921EFF42503E6605F422FEFF1EE8A185CD82CAF56DB56AEA61225AD87AC24D3BE08F0B2,,359EEE39E306F88CCD4304D723A5C882324193DF26A2D477713E16BDDDC78ACBEB350DCE6E429BD3BE6E14D716C47D800B8AB49566D4A22A42379136BA605FBB,,D7CBACF8DE33C240EDE4044EDD68F1B03FC0F0F86F0892E70C95E16D8A7CB36B736755277D720845194C97293EFA8EEFDD9AEB578FF47FA2470D953F0A0343C2,,
1,Linkja Project,2417929B0BD7729BDCD9C7D956D306F11C1EBEC6A5C1394D3ECA85396D5931159D531F3E516C29EEB599300875331296FF8C4610020D62855D3FEF6797767654,,0D1D1727AF68C4F1A715D396F16D477D0A6161C96CECF35BC54C16CD2FD270A5F426ECD3F8093509D10455528928C3AEEE6581E5932099C5F2E04EE5C930DB81,,1648EAA53D9C4D0A83968CF7F0BC1833770E6075577FB20DDE2578F4A14ADEC4DA92FA0DE920BB2CC44E4DED0A56E73CCE23439B8795B9D6AF801F0BD2767CB1,,30AC2337FC71CF618F2045F2CE04B13C4BFEA02D76997499EAC136B90D7F2F7292664DF903F7C23BF1B288AABB088D9F08AB5F283309AF808F1725BF4D08E8DB,,E7692C9F004E2FD9714A05DED162C62B996D8BA6D75B8052B54A218E6552DD84980F09F5A001149CA6716F0AF0C63E3AD4C82256CA60B1F9DFAA75A311545364,,
1,Linkja Project,F78D63F8F675823BF79840F072E74154B2845F79CEE0225ABFBFE566F3DEC20C8BA697E5BD245555BBBAC25B0F5C7F0A616C92A101D94F58716551D63C15348E,,15DD698819B677E0DFA7393394F5E9DE16CE062189C60D36E8547D0487105EDC0BB84C72C5498A1344BC9CF9781170C445BF68FF09450DF8ABFE5DF623D6B2E4,,791DF8F02D0FC9F68BF818CBD374EA705D64C888C7254DE86BBCFA81BBE48F9BCD797874ACEE71E5D88CFF029E8B3BEA3B8251197798934EE93E49DBA29F156D,,8F897277D12E7BE562EEDED89EEA91FA0F0ABBCC020A10E66652D0E7DFFB42E6A349A9F5F36188224BD73622FFFCE7E1A45B359E735BB6ACDE7CAB09E833B4B3,,E4E321C89FCD1FABC121A862D80BF21529F32BB7BA4D99BA2BE5112F4BD1A55BB0E659C8E58E31DF285ACA6FE319EE3D467DC2F8D263CB51114DA10567558B72,,
1,Linkja Project,E40C0F21739006D9A05C2DF46C66ED854534F76BA00BE3FBF99DB5F51975513BC3863F8CCBDC3B230C2EA76F97C46E20C8B1657C05028F7F016BF19630526608,,0FB31B8F829EF1E419DE0C9A0DECC23BF2D464173F52FE89B8005851B13DDF283CE66ABD61079A524A60190AA4B1CED7616AD6F569B722A03DF4CDA588332FCE,,EEDAA563818ABC1B2C03913F5B2829F90522D50C7825C02C510C8214D568232227E95D12E4C496E1E4655F51BE2E6FF5F2F429D9220A942887107B38F6B40B45,,73D36C155AB234F0E02953AF494A5AFBDB7A47AD409E73807BAB288AAFA562754429A5142BA3D3AA5507711D03BE8890F993E4296F4990CDDFBD490BCC48F8C3,,895D7F30B09014CD65B7D9301A0BF15A3045B11932883115C598F8CA8856D9E34F34DBE1FF2E48BAFBD0B1203750502B1D29364C675063E15510D79FE724874C,,
1,Linkja Project,F7ABA48138A3586179AE1646A83E12AEE309B9F30947E6CC226EA0F957E634A2668716EE21FD93A3AF7AA204946619F7F58705D7C30B29F73BE94DAFA72D2A78,,ECCD272A0EF0523768B0C033CE3A679C45A103BEAD1954A69A5F4BB3CA13ADC5E39489A7F1E237B3B247196A827382B7AB84FC9923B620C77FD7EE0E2BDFE586,,0556A37F35D141ED7E4F0BD31AA0C3FBE10BA073D5F51B92ADA7DEE3EC94B6991D3D2D3647CF64FC5204B88B14B4D9BE98C7FEA460FD20F3175757ECC00CF0A2,,0E58A521FB5193DCF7BD28EA1F17EECCA609A7966AD36A64ED2AD9F40C03078994E6AD6C3212AC97E0FCE647E648EFB4BAAA42F972105CFD86B3D6DD0D4D2A70,,FE147BA357EE9183FEA45E824E4CF09D5E00367A86AD9AF3C97A7C0ECF26E73FA3D58AB40A42902BF4923FBB6CDF9CD2ECD492264EA964BB9405314D7AB16814,,
1,Linkja Project,AB759940598222448012F219CE67EFAD9C8E64ED90566532D0B6552DFC4F9A9ED24FB9D146BD2D7EDC1FC6A2B96A36FC44A2E75DD965CA45F7BA330096896D3E,,8BE78F77C9490FC43B852B188BDA2FD8CA90D88FE4518DD553B7EE1E115DB43503ADF5A6247308F1A6EA548F1C3D4A9037AD85CD7BBA3F7CA0309AD79AD15C14,,8ABF3156117899DC50DEAD7BE3ACB7BC82A8EC00FCAF912EA7DC0C4ABF85B590BA3C3A80A0A5339BF5D8907801F9E34CEB432875EA5102B66065984224892707,,5810B9017D4DBAA8134520B78C019550EB36A46D9D14518A4E31A2CE94F8D9E2CF24323E427D5A620B81AEB8C7A6958EC51CBFA607D608D4F4A6C80587D80909,,2B563E2CA532F4C60F15FC6F20FDDA98CA89A86EB49CBC2D4917A240344E61B04B635A85AE94D7AE6ACF38D8EEA8FAA3480977EAB10E25E4EB4B758540BD5DD2,,
1,Linkja Project,9D094644F6A5445EBD332575C5601B1038C452D33E2F8396F2D8A025C298634086F5ECCCEED3CD15CF983391BFF9F49F5BB402A5029BD184CDDD3DF2168ED056,,E56F36E153454C387C4F0F1DE06B595A47D2284F3B5F9211E04210BA26357FC9732DB6FAD8CDDBD96B65A9C66162596B5BE73E65A83A60EBCC9F67732867DE6C,,F2E03C2AEA40D46897D8DD6E86E210D02EB49696EE0A55B40A3C21B183162E437A8175B3FD02EA015B581AA3E1FA5FA5288C443F236DACD058032AB3638D9CC3,,5C893FE9012CF554CCEF98A0200DDE6E93427C4B65AC49F94D800FCDA24BF35CF4DAB2B1DF72D463400861916A823AF23D511AB9A21DA0DE406F128F30EAAF23,,FED17A11C926982F0F5636B4D227AFD091FDABA915B4EF77C30E3E9F390D6D85EE8E773583B069B40B9DD8D9759C9D1291E3CD17475A5549FFD06F4E2E2FFEFD,,
1,Linkja Project,D4D31685A88A39D5DD504C483912185B672826322B385094468D2F35FB93974F227BE417BF22F16CB4D18730F9B7220C547D87B37A936EB24707BDE085F0E01A,,39C9390B135AF173121F33F88A98957AB9EBEA61EDF303A8222864B5B7AE7CE1D8E4B7E2075150901C6315499930084D1B7847A970058B223FAC691616BFE0DD,,5D7EAB2D439C249CB98742B4293AE43C508BBDCE6F3EF8D2AB9672471AFFF81997815C93CD2BA57560083BBC64E7C65A6AD001F946972B9885B6F8F2F7D1AC6A,,EDC5FA247C45C78E37EA1DC5B5D731C5E51EC64E33B1D0389219C90F997C3626D494659F9BD331C1393E7149361DDAF23BD2016D60DB6951EF44E8CC5ACA1F62,,D2057043D4EAE8D7E5DDF52A70F5C7236254F2E8CB2284F922F94B3706D4CD2B43B3E3854EF554E4B6437A098B6E3077D009E8657936223C105CB61E8CD9DEEB,,
1,Linkja Project,15FB47BEAE34C30FED0A0B39A05A76E3AE473DC3F97443E8D883DBDDF914EE93500EA6D8483F6780A80BB074F1B5EB403C34DFEEFAD1203131DD5553BF2416F4,,D5C3DC78B8DEACBC0534694DBE7858129EC6B2D0AB76A9C525BCB50201B09B535C6FC64CF671A80575665B5D6A6F56EC0D0A8C7E17A2012328B3D9EE824746C8,,C140AFDAF33AECA66FB60721413785DB8CC5E6C45F5C3EF16B57F34DAB4ED702344AEE773E7E8B389F8F6C4E02209AE7748DEB7EEF0FA331F7956514CBF38809,,580E854F2553BBA9004A6974BF1031D332F0DC09908F7B287819F8CAF592D744DB728966E206CACA2AB53E21D9333A937653E1B628290E6842552F93AB761D16,,62F5C4E72B2741DA2B39E67BD9A0AAE77D5036F28B4A81DF50037E07460B4894C152AE9D4F3F6C6587D6ED23AECA105E5014B09B1C90A22CA925A5A032BDEEA6,,
1,Linkja Project,98B2D0992774D8C5863FC6BC19D5AE9AC37597E27353A0D386C824D1DE6D972A38B439ACF431932CEB8B5B57C5920FDAA3EBE287CFC4DA7CBB82286385271174,,365786FD00C08A4D46B5898D0FA9E97C57FF6D8812101003F2C19B2D786D5E092CC1C2901AAE263100F7CF10E02A298DBC9B8D9F799F716AB73DEDB88CDD41C3,,BFA64A09820B77F39371619D2BF4A43C08ED010A92400833F995F4B8B6244281625B18CBABBED4599519625702430C6DC5563A94A70D17585F0A2E99E2560DD6,,7DAA4658A238D1DE6CB05FA9E6EA86782C8951A0FCF1308822708111A82ECD1F12B7032D7733C6F47D558DE96A59477AA9DCBA5AA25F8AE5DA98F8DDD9CD1B9E,,86C67977305FE96C35482227AA04FEFC29E08C2DC3E88C6C7FB0032AC645E8FB6A9866BB7C44EA2760D9A69E536422AD63C3616F71249D82D3714325D72844E5,,
1,Linkja Project,763438A0E8429723194E50B37168930BCE53F926F7A4F5634BADD1A648F7A8CFC332BB1DBF83F56F696979C51D20C05E3864E9F497E8FCB617DF3390EE076794,,97501A2C04FFDB0E3A20830A4FF00B0AB577F5F9995D1D8F0585F69B65EAC41BEDDE94CE1C2B37B457D354AAD3182B0B907422EA2E427CC133CD396479542342,,E058B2F7CF1718FBDA475860AF12BA9B5C793133AE9174FDB2A03922699A66BDDB50C46A96C1C6750C572F01CE79C1948B211DE1BB50BB7B3E3A195C4EE6907F,,B0E57648F50589D29BD4AAB32B02D948F04FABE0AB43CB3DA1BD3375A27CA8300CE1C42D7852E2E77DC092F79968193E26B736C27CBB5BA86A17E881A2A0873F,,4A3DD490CE2F1F3FCA404AAB7FC8963A48DF9CB770CEB147B9C3DAF0334E7897CEB100A30919C09D170BC9476896DAD186FE04558C014B589CBC10FB3BF69B6C,,
1,Linkja Project,059D1E9F6DB94E0B38A1127DB252524177DFD7A6A2C316637520B27ABDDE58CC1ACB181C541B199E926C723149DE2E2156892C747F1C73DF899C96528C7C6982,,7E57F4F53D30586AB5C86FA4D766956708DCE49F348D28CA73F9B11B02DB50CAFA586D345DF5153FE6AB90EAAD99034CDE92788FEE6981A33A8A10424FD2E716,,35C9740ECE71C40CEBF8BA48188CE523C4CB3480B615D402759A222CE555BB5C19C509FE7156C725822FADBC93386B661E755E2DDDD5CCA55CD8E83C00E4A9C7,,673A6E48631FD7451016D65EFDA2F9DF3D7F47882242A0187A5D07A6B52CD65D105C2016EC220A04A532331D4C85002BA15CEFC974CE863B8F5DF14EE09C49CD,,AAF551D9C7F28B93731FCD5069EFEFB1B44AB3BD1623DC869699562406AF37481093DCA101ACBE461301C64A42E6B3D8599F96A59FCD6AD81AA2783EE7BB72C1,,
1,Linkja Project,826BB61E62EE5EB16068052FCFDCDD72C9B45D102640E87357688A76F9255D8FFE9BA1D6EC54093C6D8EE4BD6156F802EDFC8EB0BC1069356F76C975E2884274,,870BEEFF3BEEF15D4DA5EF0F015844E4B1E1D6EF3DECD9606F7F2C6874FEC5051A8FD99475B3A0431476003ECA2EA25EF9CD577193C7F12D2BDF1C03A39C658E,,995CBD137F38D9391B6C007706EE8F35CE458A1DA1FB19BD95BF6AEE4AD1A3062F6548DA5BF5AC84D7C33ADC241CB83A8027096BAB1260F75CB1345DF7BA662B,,2FCA88AEE66700F182F15927CD7BFE8B5DB69585C881FDA1B29CE7589915B02AA8E806B90AA1619C34C4AD0F428EECCE1D230F5DD4D5898696B2CE01893CF3BA,,2BA48763AB9D7ED820CD9E4DDB188AA25AC22337E1CD6B592F0FD95F8F415B9068C38525A36B2D0F01810A1133DD00F0DF0B25D76CC9B328608A0BAE2FB9A631,,
1,Linkja Project,3AA7713B6AF1CC5F01403338194B3FE75A2007C1D2D8E10126D644292BC907D310DA372C7323AA13A643BF3EEF2826A96234CBC768E36DED432FBC1A90769200,,8E9B4F8241AB627FE00E0BB78679784FD66CF0E492738F8C697802AA8A3A80C73AB05381C8B9373DE7695A366C7448AF57DCD2CBBEC9B172EF21720AB2D47002,,F9CCA61543E17C1DAF2E9083492096D25458FAF4143600AD0681E04418A1524B17E9E4F2F852690ACBED846F0BA15FC894AD51ABCA9E69C89175CE69C421897A,,2B4D6A6BEA81DA6B02EC0295FFFCC8E9C458846F04685A10B6B3752506CF6FA295B1227FC150039EB080912A492569644E4334D6522D9343C7AD836393DB5621,,AE690553652040DD7955DCAD003E09802DDA9959273E0E5C70737E85380D4A24CACC32E95811D9B25604E30A6289DFA916921BAB5DC515DE49BC7170C6CEEC25,,
1,Linkja Project,B82A358BBC43CBD03D362280374F3BBFFB716394F91093A2903118E51AF0BEE77616AE1342253E3B0A03E8CB4F379D1B5AE8DB3755B67C99CBEE68528CEF4BA7,65ED1C5335E8698693126FD28CB2CA086C0544787C6E2BB182EAC639AE70A90D546336983066DB21C00B14356D19BBE20F5FA9C7CD7E94051020F9C7188F977B,098154E9E6ED758912451CE42BDA0F23CF18A4182E8C779BCE75875F7E5A505489ECDF38B6A9C3B883647C0C403531FBACAB2B082F8794DC7F24671CCDBC14BB,5392C76DCCB6F4A8738D7AEAA485CA908847E5830ED87648CF7A821B9FE5ACA4207F6CA8EDA52B0BBFA4A33AA71E23C8C01ADB380F661FF6861F80AE15F40611,17357E3166B7845D1EEDD9AACA5C0FFF52DC0ADD64F4B8D255F61E4EA428E6D2AA4057256AC453883D6357BA0A3034D4151307A5D6982721CB1192CCEE33567C,24E0B9A29D8185302DB4D2D455903ADD55654AFFE54B4DBD2F260666F75F2B373E331742606A3B7F5A601839FB3471AF78FF8BD9C29471389E22997CEB8C0E80,2044EFDA19E46BEA694E96C7CD722099E20B9D429C9F2EDCFCBC90773911D106E239AE59AF81346A2037B267956D62C914EF78838F762059AD4AD399ADCDA483,A5770E1E6CDADD9B3FA4191F83B082F5C581149ABBCFFFDF0A3B4261FEE8E4881F3AA42C0C5901FBBB2B2113943413FDE8B405159CECAFDFD9A27AF7C307B785,DA6E517F71803EF2375A9C152A4D4F6FDD3137B904FD1371DAE9E584D0A0FFD3263F72E3ADA5B108B1FF0A7EC3B469F981974B718A9F23B47357D5DD593F94D2,C735B67A7B7EA496B4B8E1F8F1FCE06360452B076902FF648D74ECC559C399AEE90A0F184F0477941BD647F8A3A1348767C62921990B1A32311653C92670EE75,942C8967DBD7AEEFA68A7EB540540284FD764081F5A9B016A54016ADE8A031B7422D3A1A7452745F865234BE23B0D71F1EB9F21EC545D7234916A394E8B01F02
1,Linkja Project,87898565E0705278A4BD0977C838E11503C1B0350B2FA3F0D5BD8F2B7AA3E45686D64FEFDFA2FB963E32B49509C90CBDEA5455980AA2A02965DE7BAFE5C32590,0011986A4E728A348F0999E67B8C54527989CE5B5DF2288F97443768790820463EB14755505584FD605D093EE000AEAFDABB31389F802B755882902A860BF457,3ABE2136A3FD6070F223AE62D1B20DBA5EF10DFE4DAFD51036A5126D487A2B89B80ABFBB827508DBAE86B01D15A5F0EE512B6F96390BCB5482B6E1A8E8E122F0,9BCD153EB3E1DEE169B871E45F93B2B54A78E7EB0DD18D80D9F3828570D3C85F6CB9905ABDC1BA716EF88A0611001AE3D34617523CAA31B0130B691319046002,C45A2341ED03686E7F9462A921C0156CEF3862E5EB69C6D5A3EC22C32CDAC7C717002BA4975D5D63B99467CF050516721EB87EEC8101ED83B74F1B5A28A515D3,11F528CF801CCC3805BE89FE9F10B99BAC4B692933B8CC42DC17569EA19BE598674915FD07122EFC3904194B343253C2F5E4F612F6E98AF503A11E0CCBCB715B,4D3E2F9627F1BA85C78A706B8854142EB070A61AA63412C29210F7383E94E19B7B2A3379A0FD13E05045F3D24C045C651886E8A5CBA3EE6D3ED024D84DB84D70,CC9CE4EA52BCA7EA561A1250144FB9DF0E6942CB071E1BA64A1997B3AAD08441EF6411C9E3BC7FEAE78DCCA69720946D50B3A7962E2C2A84C06923A69E53B900,6ECA76D68D098BB333B12EFC7D1C6405B7BD190851CEB7A7FD97AB8170F5A8CCD41658011F7B2C4102067D52026E7B6D7607A2BE33D5DF22BA5762030469C711,13E9D1BD7ABE1312D48ADF7AFF383FDD9F4D9707220B75013139EBD7347C996D5CB45F88442CCF23997D46577C42E615B3AF6868C26CF737FDFF1A2672FE045F,7D4C0090E19173AED7B4803910C205C561FC78AD37F3890D51BDFA70FC055E12F6FC332145251D8E9A6A6CFE38AE8F094EE916EC90DD38843CCCFE453BE38C07
1,Linkja Project,6B714032540C914A4980F3B998D957FCDFD2B477BC1E8BAA470C4F843E9635301175E05FCA121A2F5E4B74D7405CF0C02375357929B6856D4EA639E63E04CE5F,,8AE74980E0C23575F75DEB3452AFC67B9D9FAEBD78BDDD0CA436C5CF0A1B40486A2DC8D5A0DFD79CBC011B6F9E49BCEC73816B40EA71E0FD688578A1A92BFE5B,,89B1211C79EE058D4283936764BE7408A941F8ECD46A3A2355B4439E00B8238111A2667B3D4B74CFF2C51DE8C2976517FD4A1810C1063A9AC80C2F1E2B4ABC88,,289CEEFEAD584843B99B5CB838783EFE7A66D362E4DA46C6133145A159DB5F30FE7E48F021B8F8C50ECF59B0F1B6551E0BAA163A1AFBA5AF2C627AB793B0A49A,,6187D8CE987C7F7B83BE81111CF451845C555E45408BC8B16A0F66A8AE7542D795A759EB44BB1E414CFCA1846F5CAD36562D283B6533088D74008D724CA256EA,,
1,Linkja Project,03E23BCDD02D8B3B279396CD1CF59C67D96C3BD0641A22F9CDF257601BCC930D47D3903B2429835717BD144D04FCC41291D37844B5745A6528EB7DAEC3183DEF,CF58D55D36815BB6DCB37512C0809EE3E1191155AC62B6459CE1995235387AC794ABB78238017402D36CB3B7D9339C7C1E59F9A50CCE9ABEC2FC247D48AB94A3,7DF088F185CFE6711EA4B81F1250E4B4069E366A2A418C8D0D1728C5D415DF84FC00C5733B4089A64D15773274725FBB402599B57774CFDAD43C48D3046A37FF,55E4058F818D3385A16044010D81E42D500CF2BD609FFC561122C79407AA24D130F5C52FA1A7AFB9C81B619F216D67C6B7861B08A5BBE6E13D6C7152DD41F3C0,A95DD751396B40583AEDE6404E7DBDCEBBE23E57F5A2B206A7A97594DFACA2332A914B41F4E28F627BE509A817543CE3F1145972DF16590C70243C2ED728E4B4,54F8F0FB64AADF23F2218E6B11553104A80D5558CD378F82D73B546E1F077D2AA5AAA89BB74910A9DF78D25789A2FFA288A1107346C2A558A9AE9955A90126D1,94CBF263C426E2910E38F68E051AA5EB130727A4A87869610D47798D0BDAD897CE044EAE7354EC7D5A65B909FD7D81B7E46B546D1BEE32603A7E2CBD20996574,CF16895FCAB4659ED1D22C05F300629F2106695EEC3B857858571B6C67002EBFCFEE4BBDEFAC3801E93F8824C5A16B2750662DD01975B6886C358AFE3D8E1C2F,5A74789CD594C0FEB46F608DB35EA85E6A9ED7D2926C0E96729FC7C215C88BB8C1A35047EA55FA030B85058BFC06FBE1345E9985B0F0E7320179591E3E3D0122,6270F78ECA6AB18E3B883F57D3D2D6F727BE8EA74C8EA59F5522D771676F6394E1E9B182D96B9CC12E1310AF2353DA74E0E61E63B5090B652BDDDAC0DC241C0E,09E7F028731A611F05CF5DEB08B2723CC59D2A75C16D028B5D252961238F67CF66004F74814954B5F1ABC225FA9CF43C606A66C02F6336DE62E4026538AAC314
1,Linkja Project,F573D64EE41D2CEF355F7867602A7C6DF6F4C4249A4AB51ACBD5C0582AC7EA60AC17A8FD59A17E0736F68928752443E3E40F5EA15C8F78E444E48D113A4918B2,,5950704BE95DA38E4AC0762204CC97F0ED60ACA4CC8BB0F8A56D21E6E0A6783AF171570BD17A29FB3F532634B9E7B25375F52BB9827B01DBC6C08C1C824205C5,,17C418AC93418D410EE40764D6988E3853013B26264BF129CA6E0EC2EBF417E05F2C483CBF1C611E1935E4208949E85C268BA59B3A4235A05300DF6C30664302,,9DDD6BB666EC64F480B8A28A731E7DE8E248D451C17F092D57F1E1DF693B7C41975FEC12F0DA1077B3CC16846BE67C436C8E3F2E08C05A3B297ACFAC7CA0DF0B,,D3DF96D591F09A7BFAF380DF416828DB4479CD68BA12258127738B45E6F423316E7285D9A8A76F4DCEF935DAF77B4FE7D5744CD2C69888F7555800601C05263F,,
1,Linkja Project,FE732DA0BF64AED41E6AA454C54150E0CE775616847C4A1EA2AB3E06A6B75CE5B30A59EB8460293EF55D1AD3BA8AEC34E71909EE696E0C946CD5606985A1A3EF,,773810D3C3FA5B66639E996B8EC3C97059B2F7766050A0F4934A7CD57959529928F2EC4278974640DE47DAB5D31BACFE15332BD53F43B59D2DF8FA578BA6F5E3,,4244D149241C33F1B3700A54670C1F2B2FA0985786F4C5320E4E04F2AB6667B8749F70279F6F73B4D2328A9C8377C52B0A7C28EB86852303F701070EE4752DF7,,D056D62A41DD85CBD8F952F5C13E2945CF2B74CA82F6A1EFC0ABFF3E39A911700266EE6F7E9FC29617E6A07C060327B4C41EECBE3D767331EA33E276297DE895,,00125AC6C2085113532A420A3F94D959D099F07C4AD1D52E08892543626AA0134BC25865EAD4AA65FAA4BD444D3BE5516F6202CA834FCDBC4B5609C9C1341345,,
1,Linkja Project,D05D928A1F38667827CD60E0E32A14F7A8178688DC2D9C10ED0DEC398D101DCDF274A4573F31143882AADA3C3F4C83CA16064F46AA48A1402AF45531D29E22BC,,F12798BB72BF71596D699BAF33D9B310EA629CD3484253A29EA5D34CD3820289A85F884993DDE7DBC34455ED087E534181FC8A50B5B725389E0D1B819C7DBF22,,3302D114A33032042F2BC61A4E7133961EF9D68D334248480A47B46CFA520B467BA695D695BB607B359BF11B68BF478EB6FF0F8C161A320B9764C7BE93FF9D43,,937E85502B808AEC53CEE012BE76D3E5676CFAA68178D0AB74AF900CA2EB53FF0152ABB84828A3316EECDF23B6E11D40BC22BBBC2F4CC7783802E68D7F91AC6E,,5BB8294D73E5F8CBC754A3F46EA1E958003B72E2C04F4EAEF2609968A94B448485762E116EDFEFE7CB404EF7D27748754683424EDBA91BCE8082D2C26DC5279F,,
1,Linkja Project,5D1543BFBE4481FA50E1563A01278EB51B3011D6315D9C72872260FD878F4F24513AD6C7112C21270723A1325B498951B5818B5889230D8D457019D4C4E26369,,E83D699AC4BE8C587CF4342F250A0F680B67E013A58B34B23490F399A36E652D1F2BB3987956D23EF0C37CF1A0A0CF9AC658AD3D564D9A5D0A11854D14BB9D51,,AF91140265E1168235425064E8A2884E50B14AEFEA355105A180EEB79E92CCE75403561AD108A12B74C7A79FE48ABC1D67837BD96ADE9DDC9CD7A300E28DF272,,7CF3C0C9B0902B712C70D80B1EC8DE35F070D12E2BF90BD638CB6963C738B63AA609930A81AEC92C755C44D7122309C452234020994102FC85C726B3EA1C620D,,E0FA2FA4A1E8F1E36540035521A69CA66FFF041100C5915C14802040E50A2FF225510F7C144CA351582C16A7BB3E868907C6C402A5C90FA709B42872E3FEA588,,
1,Linkja Project,DA39916CCCCC28E822705F61DEC848388D68D2DD727E9D61030907C430DF6A260163490B4DE25CC669C7D0643686928944B8472FBDF6F8380BFC9B2F9E6EDE1E,,C9A49CFF8A8ECDE17370E30BF1C2F114134DB4ECC33289C0FFFAC0EF9CAAE8B894F74BBD4F58D6578EED76ECCA192BD775C01917336ED71CC8BB3A0583F6DEBD,,17C8B2B7747D49858003EC43BB966C31BE40EE7553BAABDFD14EF972C647B2173D2332E4557B72347E1D4F25BD485E7C9721DA97A978A3AAAD90B976AB98FD0C,,0333E3B050A0B667CFAF301D8C9790AEDA8CD28B4CCB4A7C73F1C2A2744BE47266EA5770033AF0934308A46309684322F7AAC88B1F860C8987E444A04F71CC98,,B09B5BA13DA57C712D8373C79F1E223828719184EF45C46B5A4F656F839EE678F70962562EDC577DF76CDACE154072AF6B0CBD753D0F558DE0317538D6B07A97,,
1,Linkja Project,1D56A5257335A8FF3874FB27D5B7A0D57825A0B89AD6BB1FB52E56CD98E44E83A544E6C64E081F9D35E34FF298BC20B3F7ACC9C2C9210688F8B22E2ABF24DA19,,85081AE35AD38245F2FC525CA7FDFAEC6C5CAF7D43FF7DA311447A7DAE7955C57CC65FD221B5111EB0779289A531457447FE149FFD229B387BFF29EE61F71F18,,0C87D64BEF5D30727355711B259D89382BB6A15C349296F57AF91D0E059E7699C5013276672261FEFDE467A71E943E07D5FEDD4608B17DD705AC2E72955A74CA,,70404E2E9105B5288AFA42BF137432033EA05376A44447547E2C9FF4F91033F43BE90613941E494270E6413BE0B99F05D5155ED027F66ED93E7ED71A8F1EFCD7,,8A1A530EB1BF3284C3D0A41CF439F47B45663A355CB9EC18AA9109A7C4EDCCF74152544E83D62E990D7265746851A91F4859319893C7E0255A0E63B6290B4FF8,,
1,Linkja Project,4D013BBA8691EAAC7E72FFB5A0EA52D8255D8D101CC47235E44EFD1E5FEBABC91C83FC967F11E97ECAC7CAB71EC1BE2A54F66A8F1B1A93D1D498150242E82379,,93835B7FE9CC66E3879071DDB53C19FDC316B89E33DC458F51EC03B877959FA1C3A25F3704E16B59E8EB3E7675EC2B0DEB0FB55F43AD8BD1DBE12AC04DDC0807,,6ACA0B608BB0338743DC99680DEEB5E0361915C300AECA626641D069BA5F26B3BD085A02925010D8A4969016209B843E70FCF5AD1E69775ED53CF6187621D12E,,00BF77F26D9AF9EBA98BEEE757CD41183352E58567A510DECDFCC673F7F91DD88B63616179352521EFE6E86C57F6E5BBFECA3E2DB6F7738E81FB79D094BFDDCB,,B2FBC79AB5F4E735C9F1154A85CD7A7B0B6889249F325A25D5F1014F95E7C26D90D59E75EB02F95A0F8D4C81E8309A75FCB84D84894B6C477B07B514EC19F830,,
1,Linkja Project,0946BD9D3A182DE03BE006149BE5C8FC0DFE005D3EA460F8AEE5846C9741A9B5E4406E642B4BAB90BE5DF23302052A9217FD60E9C02C0CFDC87212E842031B4F,,5DB10C997E2286A1611337C471F40618C9864EB1D89D2C4CFE049166B4079DAD6668AB9269180C8E3E96EB705AF4B94169E6151C6A03CE794808449C32545EF4,,9D527E080154FDDEDF5635B2372C918E4B81DCEF4A03392BDF8556F9FD40881F261530B760684AFBBA5B7496EFE34733B5EBA46BDCBC81D8E42250B2D9108637,,2718A3D1430525C771CC36EC5BEA7C04CAD50468E4195B8CB4E497208BAA7F82BBFDF8C483040E7D9E3C73FF3D65C90A0D2EAA3FC17E9A57A9F7327EC68A3373,,BB32065B3E5CF4901016E84D27AF42C521F757BE9CAE1DD9784A0DC30E8286E25ACDDF0837A54A3F62A4108B033E713346C83D7BFC4BADC0347A9598ADCE5950,,
1,Linkja Project,12C5D4BFB84370CF6081FE1D74E0798D82AA28A2BBD3C096E474A7C250130E2378B8DE770E98A74F375C9B0F160EF6A5FB45233D9CDF0FE91049C43EA8F0F08A,7AA7F0429DA2E26D4D81FC72A8BA37CE232BDE7003C6DEEBE7E4738441C85E4EEF398AEF0CD4D4EFF70DB695AD9B28AB95DAD49A3AF06B2748C7043D2EB62C2E,277623348387C5CFF8E5D8205F52D1C61E058F95BF16428E44838CACB78F0477811386EB01F8418432B7739C9C29385F665D4AF6F4839AA1AC6F574D28C1AD03,49544765E23AB71C8A326CBA441952C87A240E635EEE38FAF1DA0FB44E4ACA42177440A106AC9F7C2040DBE43E7C201C38382C679A7C234D07809740F91986CC,64D96CFDAA269FEB81F1159FF3FF0CE29E5150EFCA755BAC66CA400B6784C06EDB9E164757EE9E565B590818697CB25BDF774BFBAF8E6D67B3DF56E2A6C1C20D,0691115172EB7E2CC8887CB1838FBD2C09BA3CA7A6F7F56A68776DEC502F189598C7C13852B6DC70D4F369C692E5AD6A5183914903A366431BBECD4670FBB62C,8AA325A90847BCDDAAED7884FAFAECC9CA60DD47C251A95D2FA0634FC960BDBFFD0428472811250E048A1CF3D7D11F501C71E84E1B231C47E7F99A229E461DFD,A6A6A0682944498E62EC721697949AC60DAF017E5F36DF0F191ACB9D7435F18A0E2C2B4C7C0D44CD4BD681AAAAC41C3E03C8E7379CF42D853664B40DCD77AB71,C36501BDB7EC7C758152FE50FD9EB8B0DF9D946F4F30A07633EE82311258B9272E2215A7E736044B19C2A9BED70A88895157FEEC8B96333555DCA7C2B0EE4B74,7DC33223379140E63D4AEF0656E7FF25A6DF5D02C6106A8465170BA85015B31698807198C9476F52C5F36A71DFC4DEE30F0FEC5E430B75B681631B7F201A80BB,D0A9B2F42FA29B56D38591021700B144706A410F8BDFAF4DFE08668FB372B480AD5A9466A760CFEBF34FEDF4EA3E519994B3FA62A81064B4A1034AE0ABC322B0
1,Linkja Project,A9C7B788774D20209CA51684D4C7CB5DA5195BE4F5CCD259DE5FB35E6F505DA59D8239E5FF8F7481D5317F265AC4A335F053C5E7E66F35DDBD76B9997D63C434,,8D8498039F7C19A0960A216CD946528AD744D0CE83A172C26562300436F21013BC1777E7CDA87CB984D67E580F406218E90A0034B3E971A330A43F2687521046,,306B5CC308262C3305A30E0AC429563555044DFF49F3F601A00085AA41A305F59786AD202FCA555767BDA6CBDAD4C9E079048E5261F135F1D0FF367D2FF335DE,,3E8915A4A9EF29E04E79515FEBF7279B74122EAEDB8151E9E407743AAEC433F5498A3105C9B432F859C902615931FE7269FEEFD406EDC4D311B9278FBDE75472,,CC5E4905CE482C168933706A37CFC0A726F8A8606B9428AE69696C581FDB924CB576E42F35EAB1B885ABE4A5527D03A95B6F599B330B54D22A2AAAB6B12478A9,,
1,Linkja Project,3CA72FF82AA8A71725A4C0BEEA83CE54DBECE38FBBE4F6B4AEF3464B102505AF902062BBEB4B660D26AE358FA926FB2780090C09C39263DDF520AA00AF1419E8,,69AAC7257D6B7DABDF20D9E2DBE70F65B544DD4B9045B19125104B69226E9D77C9F458EBE4EB815396023CB29DA299F44F2AD539BCF557F72A77EA85FA0C3B44,,BD6A4D7AD55657D0FA2B041B08D70E0C04633EA47E01DDB87363B17122ED06ACC4B31CB5F6ABAD2D84BF548F86DBADF39B8A3BBA4A6DD6A31B1D0602DD4D2F96,,38F16A832915AB800690C4E46AD0B8A5EAA22200446DC725009F62FA2774EB27AC78863C00213E4CA53B48F82A429284E8CA3C6921EB786FF581006A4AA9ADCB,,23D14AAF04770F5BCB522ADDF507605AACD8B668428E72F02F35305D8101BAE13144BFF46AFD8861C721496DB2BE2C01F91CCF942DEAC8B0900598F1322F09EB,,
1,Linkja Project,A2684920B4F4B1492ABF05DB1B27BA8E93E1BF22F04423542F6995FF357A6C4EE4A580666DFC064A709A206A52159EC43881778FDE38206E0EBDD934E750DC6A,892584711778EADEC6D6A68D814AAC4FF4A8DE1EEC45FD25955B9344424B1C80EF0EC90F7D0B3A9CB14AB5AB01D75EAD7562D18EB7E11BBCBCEE41B634B0CD8E,AC57650943508183F0F6D3F5F08D62A9E5C677A2D49EBDCE971F61125D2C1761675AC2E169948955D5916E1F87DFB70C7916FFA3E5E2D27F48607792D21BF830,443EB6EEAD15476A239B8CE5686EA52CCE5F19BD96483FCF70B09F6F6E073A570DB1E401F44A63778E33F0A7D7D635225B0A0F0F5FE6FE572F0295EDE4835F70,950E8DBD0735F4B78483359DF604E02724AC6564BAB103FF54837D0D2DF533327F82D2394EF9B8E8F9FB30AC3E620C83BAA3A6B3C148487F63729B4F1D021E22,0985CEE8234E85FBE405D520296AE8FC7195CC96F140BDE2791CBEFF440AEC7DCE2CAAED5FD8D7D581E550561A6D969C5A780407CA27807EC5611B0F4D7FE019,1D4558C47068BB4D2EABD0305BC6C0F804E188398AE5DD09D857CA5418F0D9F31D3280313D19844598FD1DF0CFB9986DD1E22C62BBCFF9CC33A712A8D235FFF0,EC78E48A4BC01EB72E207D462119BE53704AF206E0EA74EF89664CFD4183286050CD37C494D877F5FE871D7F5C627285505DA1215284AD90DAEEF60053B6253E,61E5BC20D82C7EC7C3E99D815390628B0E786E1508A5B286AD51091DB11D3988F3431B611D7A69BE536E591C5FC9D9519568FB9838DE02B10EE66D2704480662,283A5C21E5298A708C996B1ECD3D46FF36D6FDAAE56C3DC92ED8572CA5A2F1A10D9E55327E853542D31159C489DA5E469B8E9A96E46D4A0348A9D4E2E20F91F3,1BB7577CA70E45927ED6A1EBD6B637E177C9257F78180166FC583D5F8C23CC4F288389D97CDDC30F2FECA019581341329A40F7B127831FF8430B495599219EAF
1,Linkja Project,9C17AD206A139B41E00D516CF182BF0CA0BD762D8242B7F2295DB5D422D2F2CCD4A24AF061E4211FCA33789DAD2215B7115EC52ABC8EEDEFCDF3C806679F0DE8,,FE110FC756C2142F337300ADB029E7E9901FFB7592FF5079521472B49981FAA8F12C667A39D20E59291753FB3FD0F7FDB7BA7ACD4BE54CD6F26734FA55552982,,599122AB5E1EBB5D95709262D3E5A4A360144C3ABB04910CC08454402905A7A66EB97CAF56511B8634C59B08DCD77D40B356BCCA7B76C5131C3C9E7584A4FAFF,,6679E4C16B114AB319809EDF96A990368EF7F2B274173FEEA231F3B9D784B91C7E40E65D3493CCF587F164E7279288213664CD2AA84FF4F333D1103A4030AAE7,,5937F2AA8166C6EA1FF11E50E475026609A5C8F7CF06EA6CFA05D913B22AABA7C230D129D7512EBD56700339C0E5B6BEF95D9560FC7F4B33187C378ADFCC05D8,,
1,Linkja Project,0F516381FFE464D27E1473634CFFBAE1CE7CE8688FC20DE0E4A2AE4A46431BB399922F9DECBD0C8055E5DFC9825FD98420974A059FF16597B155CDB4A71AD7D0,,C6AE1DCB4AA5C51F599FC21A75B0B592AF1AC89C032DDB079D92F16218535EC0A8A7BA67E5DA3775E8AF2C9BD30267BD779D4491B785FA8D5A5850946C9DDC0B,,DA05725B8D0839E09B226D9183DD0F9428ECCBBFBAFB45DFF7527F58AAA77E5EDBA177AC1C04EA115BD64D7F7F6E53F7D03ED9737AE4F1D11A1B239B8C110EE5,,E293D44B6FED5E11FB35C745B679E2B5292A345BC87E2E349EFC770770222A32640B3EB9F82CAB8120AEF0F8A3012F5507A9A95FD3E9C887C05BE596926F810D,,A38C91472C0B1DB141A1DD1371ECEB041A28E9BE2B5005509385D28A409E3005C7852E41A0D86252E45F05245939FF9EAD37F22A46B2F0CEB19F2D4482D55B43,,
1,Linkja Project,30459FC48107337529FCE866C1F89AD93CEF14A76542C49E488DC780CFBB30D876071584EAFAC1CBB2AA93758528B5E3E8F525CFD793EC88EE548B05CF75DD86,,93C9C521300DD5C1C44486BA61341A2D71097E365B7D77EF3CE9BE5FAF9EFC9EAEB9CDC61413F7984EA94D3735285E5C310EE83ED4806030FD174593B87CA834,,FE9369C06F7342EBBBFBD7A0365CA6FCC11D0FF4C6EDF6B99A7B3D1B258DDAD01C0F2E57FC089CEC6D379F5822A1B9DC26AACCE5444D36D3511C7018284954C6,,E7F6501DC4621B77272DB479180F6468397FA459BFB6C832F84CA8CD1D0B29129919DD7C64F09C4A48F8E12B04557CC3D681867E9F9B1D72D663DA2A4E9F5868,,3FCFEE7BC2D819E4121EC87985200C2A9F2E5AFCF4CDF5401DEE821309D49DD65F7FE12DEA13425EF9D8BADF7C9E9AA95384A3D8B0E41CB85E3F0BFB5783E517,,
1,Linkja Project,1701C81409E7DE1770393AB6B4E294A2B88496E0748FD1C20CBE79F71D618DE534FDAB5E38467B6227F53C6B1AA53DF14070A8C0594D25CD82383D40DF9B8242,,864B5B8F1C97EE78EA084C6562E52B15FD50F2B184F0E6258711C98F61AB2CC99237FA3355457B598BEF2BD00EAB0CE6A6FF5240E1A826051FCDCC62323DEEF2,,9A79CC0DD0C96DDACB5B8767F49D1CF8FE4D669409E87DD21AFA4DFF21CEB770C7A115958F168DC5FCD97CC51931F703F1A56B9DEB3E89AB587D63FB065C1221,,3D46669E9170683756DDF7715C8D0E7E82E781017A9875ECA4F7BAF6B5573ADA96F19531BC3282F682B9D2EC341A10B9443AC896919D3414983370882C92CBA2,,32559F2F40A117BCE8989831F77490130BA7D37272F79079AA896F262A83863EA0533E9EF55A4E17FD13BE054A85F8B51D813E9B65B95627E61F360208D72B56,,
1,Linkja Project,278EF607E3BECEB037A6E3E172938A40A6EFA872055DD11A34754CA3C4F549213815EF7741F96CD5F7E01232E03B29951FFF36BF355304D8DB557FA9B3437104,,0073DB356B462FB8318B0F3C2C379A231A4DA266B90DCAC77D61F85AA9DDEAA9E2348065888EF9E8E6AB764144E505A7AEAE20F49CF8D0E81E1260957AEEB4F2,,38ED1F138606CC8AFE01271497DCA7DA12B6A497E43525186F1911E0285244BE93E01C4EBD408D78ACADAB2576F5AB673ABE06ED3B0D4D302242204430268EF7,,C9CD9F95EAC4CC33F36A64517D062A6EAA11D0283033D13D5A8E41E24C6BC459BCFAEFDC9FCC107BAC026225F7CB35AC7D8EFA4ACEAE091DDEA99D4E0D37459B,,75761931D6D55BD3E7BAF8D5D823CEB6D7B9858ACB58AF67E6F39456039C8C21EFA9C1774E15B807DB029FAEAFE08739C5BD1AFC28E12D1CD637D41957A50652,,
1,Linkja Project,02A0381537CC68CAD7AE991A57E5E10611FEF65E3CEACFD3BFF1BA3F2D043774F984F16A921E5D38A6BA9A5F6B8A78BC29A57AE17D2500E27B36BA381FDCF67B,A5ADB8722EDF076718085FE7D3C4E648304F593A121A0AA37399CEA939F4C7D9EE4D62DB8CB94133AA1FCD54A54E2586ECED0241D573DC56B86819C1BF11F4EC,9B63DEE9F1761A3E53FAB5C9A6D90ED0590CB9BCD55EA6D918A3125A16DDD77B40EC68CD500500C25CF6C3C9A3E8CB6C4153BC1213B8665B01F1A300461E9A8D,D90E4527F6F947A3D49B8B2A1176228639DFD9AD015B3E739CFE12623B1B628355EA6D64A85FDFC05F844EC79F8FAE7F78C398CDD87299FCD8B1B1135991C3A2,8E64C29B627A82B7282D86E26F76D63AC3CC9B73FF99C7FBE15E08D0DB773ECE3F9D0D4EDA498647783BC0890608DDD462C610CF5C04735EC1685E088FE88930,02EFF7752EBD1B1211C2CA10D97F5257CCE917AFFA6BCD38B3087332EA82E7578760C38BDBB5AB4E254525429BC4679802D13927DC2404D3E1AC58F4692793AC,FC7DC4C2BEF0D8C03C393881FB949FEEFDD53CE2D2E3DB336FEBF6ACA47B94698D2A33D5C71F7059E55E3308554CCC8AD03A9FD90CB9AE720411340AC7684166,22EC4CE196EC6EF5C4A35B7A66F5BC6E0B19C16C1FAC4658BC615832CAF6ABDE5452702C6D86C7240FF5A3F034724C312D11A9A23707B7BF7B02C3C9ECC0E041,48880F0CB76F1DE9E05166D368B6E78FBE5C883074F879965D7A13DDC0DEC8699B3F94FC1938B7C4A2B6398DD2D0E74A813A8D0409C55E225BBCF823A2DA9313,F38B7559CE4B8750B9FCE2E398A111EEC806307B8D67E56215E2FABFE9B96E0F44D0743FFCB35D5B640EE4344DB5CD6582E90D4F84233EAB37E47190024EE2E8,FAA6C54706B2527D281EDD6FC43953BA246B6C026D65775E798DDF2F053ED6739BCED23F71E0941D27B4BBFF65F1EF6C6CF7C71B014808B950A0CC696C89A9B2
1,Linkja Project,01E43B9590D7082CD7FAE4055AB9CC16EF9A9F78D53EEBB8F5213941DE291216934ACDB97F4C6462EFA9E4A247EA6055ECD777F921CA1DF081B03A3479950398,,92B13AB8CF082402BEC6E3256CB9D9909ADC7B85393349A357B77A171BD94FC4E70747671F284C6FA6DC4F1DE884E76F2E80D1B427DD26BC3EC5A247D10E45EB,,25626DE36FD97FB94BA947EB8489FCBE7BEC39427716DC7E43D18E295003EB83687EFD9B08DDC20697845980F387118C78F01A09688C8512DFE56DEED71057F0,,891C6D066BCD0B290D8DB5CD1A9C389DFF6E73E0FF449988037E94B53C1164EF7356DC6636CC928F1E47695F26753C04308A31E607561A96D40B1FBB8E4F16FE,,5795EFFDD438DEA664417853EB82ECE900CD79181596605E9655E626C265CDB5525693B88CB3E22CCFFB96BFF1F2020D989ADE60A1CCF6C734CEA0B2743A381A,,
1,Linkja Project,76C5089039D8211CC9482EC93C04A17225D699C127CE09F709B7ED1654A95C9E69DB8308469EEA85C12FC57FBCBECE923DC3BC21E614DC8E092631F48F701A44,,1E7B3FA694ED9B9632339223FD1FC2B26090FC97142CF18F9DEFF6B32B6AA8939B7305AE71E838C0E8F2A06404541FA0DD2B317B0CC7642E0C20578AB51F1035,,668888708F12C03F0FCE9C7F2482A80A85C8C73BD5EF6C943A2FE40BCCB52361C38E6BC131230CDF4FCF2CF29C7E17348B148D8ECA642BEF9548D10120CAE36A,,E2FDE06D1A83D54301498BEF8F841A52C7A97F710D1B5C0D73CD4881039EAD9B06BB0BCD6D2C4FDA8C671829CFCF440005A9853615A951BCE5AE22D363C8A2FA,,02C344F2EC2E34666849F192A9F6A5B94C2E34162D0F543AE0C8CA293A346191FF4E049AB785B2B5A15A8BD8B395B6F8715894C646B629C24FF80AA2812EF732,,
1,Linkja Project,2CFFB611D1F369DCD906A7146F37FF5C56285C0D9AC1A06D55C2F71FE11151C92AB109D0F0F70084B24BC3B802935A7724F009164E659BD93088419915184F54,,4D5D9FBF3488700EF7CD9669F74553457812DDDC908FB4C64374C8AC8BF1E7F7E70DD1C47DF5929BFD03ACAC21153CBE9D1436181B22C5AF3B0D6D4D5277CC0C,,B462B8423E40558EBF64D9CD8CB1018FAA158045761297D955A56DD5E8AB401C495D6C37E87B5732B0771ED546A485444F9D01744504E11C2DBAD4825CCC4D97,,AF8711AF4CFE9C105D3F021923A85F1C043D9DFEE4DE60C241E4038134D39773E228D532E679F221EDF18B3B22B3901FF7AD7B860958F64765B0953435ADBA59,,FFA41785EE530282BF2DF3A3F38F1855F5A33B5F2844BAE78E04C3926BB4A3C1BCE3520507F1B85235636FCFC3D44F7438BD16C693E02D4F4382FB906588AD0B,,
1,Linkja Project,3CC771D83068E07AC867E8E4E8059FC6E317F5C9788BE943E8F0D630F87C9E586E68757E509A80F2776C72F30F2A2305A248A87E6D690F274517765D9CC05DBC,,26009AB0C4F0FB9ED7BF8CC0A5DA9F3D9BD854C91AC39E180E58E80D9C04795D62AE66FF2C3430F9A870F0699FD66130CD3A17AFCE3382C8EC266CBB45A3A4FF,,06D185511A7CCB0D1A9B5761ABEFA52E3A02A06F4C8F5062E5249152BBAA1FC965F8610C55395B0C209909C37D6722E6196D10F6A0CA612025B0722AEA41DB46,,BC94902244E5E4FFD16579A6CC206F7D952F4275D83F3CB51821D048695B56EB3C2F37377B14C1760E1A03AB73DAFBA88DFF12EB92F921C2CA0EB16A3917808C,,88C4E08E6455BBDA9352D0F850BD68AD98E06FA7ADB3DF6B596325B8989DC322B7CD7A1D90E01E368711A2040F40176C88D38AA00D7B873B06342D07FAC21895,,
1,Linkja Project,8FA50CE96EEDCD283E8BEAA99FA682241296B5F1B458A9CAA1BC89885F999D7E6121E993B3A7AF4FEB6F1E42823F9C3D3656C341EE083FEF5AD4C9303EF3B300,,2E26F9FC4CD209C09EEE1535E4D48C06DA1C088B79B5A77194F6525ADE448398A3BA18A4E7B5282B8EA484272760BC1C05B3E36BA0DBBBF0FF7091D75885077F,,28756788853EA70E6E48A466DE156E6ADB8732B8AC75C64C9E66594B116796C22E7AD7A55AD59BBDD9791CF04CA0D612CF7BC159D158BB2D4F8EE0606AE579B1,,E81860C2AD92A01F99C1FEE884E66D950DED9956E7765F1264304EA75121130BF0D0A0260CD51813ADC611C005F4913FEFFC43041A10B09E78A5D23E80C2DE47,,9A132E49040027AC788170F65D8D796C9BED628FFC9DE428D2F4B2CFCA50A15363C1341B2C99D0C93E566465F6B4FBB8610FEB30E1B8639699E6A93D60A59646,,
1,Linkja Project,4B93E61C7EDB8C37B730F67216FCA417FD5F725E8331556AA48002581EF078CF0F445D2F03431A0BAC940D712BB733DCDE5CCC47205AE37CCBCA77E8DE5F41A6,,77F5286B7D88697159263D00DA388C565AA08F85974D66132F70B5A822D6B843D2DC4365C94B4CA4620CE729AB1ACEE8B38D07F5822CD13CD990B6DA5E3FF721,,5083F5E7CDD51A459BA8387EF2BB47FBD923E6CB6E3472A34331D1494491BC65B64A3749F97B919A61495D019979FDAAEE1E66C478D9456F4D2C262B8A7D1852,,ED7CE24929863C74EF0BDE7D7E1D04BBCE0E8A497DCF34F64B002915A4F0D4457D556737EA80993670A5E680AB633357879781DD2556469F94748BF1BF77E3DB,,0D181BBF8C7FEC294E36442EC21D66B46323FD541026E7609E835D7563042AF521D367DB7144CABDCC1EBD03BB324FC014040D4EBD4374736D21C0A6B5098C6D,,
1,Linkja Project,5E7814F0812E46D42E1FE6959A9BAB839763B9EC31EB2C45D0BF610C5004A8248D082839B1898C5C0C751E486FBBA6BEA45F4FC3F1EA07D49A7A54EACF92BE08,,99FA585C9C3D68D55FEAB285BD33158C83AFA2AB37FAF3FF472B2BCAFDEE8861417CEFB37D056DF1322427E289C8E36C3DA48EACEEE11D02ADE4511766CDFD5D,,4D7687369C778B13BFD3999C70A9DA79B2F9A1381FADD299BF6E7140A82890A95075DA07CB874DE2053DA6FC801CB7AD248269327AB4A632AE9D837049FB5851,,337AFBD971E6A5AAC192BABB4E9CD596BC6A0DC84481BDBA8DEE766AB325F75214E0BA5A38587D39C7A7D38D40FC2E777DBE6D48F0719649FA64C7504FBA42BC,,7433B82421E75F1BC03B4AE4D0F4B5F1577A0AF4CC8AC7E6087FED9CAD63463D6E4F23A575AAD2FA5EE57AF3BD24795A7ED1BCD453D3CBF1575ACF071F0529A2,,
1,Linkja Project,12AB70A8605541FCF959A95844511FA94951FB45DC35C5A5ABFF13334D759F216D273497E9786B34B0AEFB755A251B4F9BA5CECABB19372F51E95C36D9D10820,,247D7F3465F2D5AF62CB2F0B9F593DB6ADEE2CDDB18D2D44D2BE90802EA13E3B72292DFD1E1B03D9B1930B3C8BE377E0867B03A086C0AEA46ED934BF5D7F7577,,EA96C41DCF732D3EC568BB016A192CF550E0800EAA75C277CA9D4A802763DFDCBBB00EDF5F61B216BD008BC74F2A3DED7155B43BC9671BB0C649309E2447C404,,AC11DB5EED4DC4AFC41B06C8516865615761A6829759C06CF879A3F738E39A8445EA697238051AC5B65DFB8BC603EF0F425B13311CDC94B01D1BBB22BD761D1C,,59BD1DF6FD0E2E3037249F85E8D19B203DB792560581596087610592222A9EA5D65F17A15C5225ABCE68C61D1C0995D113B9254260746CE49FADCB1FFD240783,,
1,Linkja Project,8BC1878623D93D097889CAC8DF32FCF4415D48E364D0B34FF89BD2AD942C7821A14D4C64A7B26B182962430DE5F03DBDC06DEDA4F200EC9E6B2E92D9E2CCD681,,1D4031CC9129EB6C829F9D7E455A76A9BE54332A504D44790BB6DFAD120A2A20A9E90A5705B34B25A425F6D7F45AFBB62E30F2362E78BDB2AAC8E998C0E5DA50,,0F7014ABBF1047F2853AB97EEFC153627DAEA1C4689FC07F6EC01E256C259458DB62B81FA950C25455BAC7777AB120BBEC3E30E87BA6034141008630C8B9F76D,,183490AB4BD173C218FDD3A93FBCB2F68ACF7A72B02156A1CACFA2FD43768390A129DBEA9153EBC63097BFA872E7789D3B553626581D06D7AEC1CFF7558A92DB,,CCB3D9999F62C208730058E36A22648D0662D24328E931B6F91AE92C97D7347890335F40B4C83337813F6B06BF80A9C746ACE6977BB714C5B1ADB612AFC8E548,,
1,Linkja Project,0E54B45EF60CCDE5275958C5D5ED2A9BE802B9731A10C46DE505DE08CC0E9370BB9146D4966FE755BB6862CB08AC2815D6CFAE7D1633BE37F7A996C5B65432F5,,3CBEE8BFC99E9935C4AEDEF46C0B9BD97C17161704746E3C4860FAA0292CA3768CF2BF9072CCECE69DDF6DA42E378CB41EC932D10EE0ECC9B94813D74C4BE465,,69439B563D9C23547D3E51CE3B7800BE53C523FA0DE3FE34B189BBF574E35DFD20E0D62BBB9DBBCC7514D2B6116C637C8BF68B9692F4FCBAF7AC69439E0D2EEA,,CA24F5E78596656E59BE139437948C61A86620C6056F9A90BCCC4817A8DC5569D07C2A6EC63708E29ECBA2472479C2CF3CB9CF50FE7A2F7FED50A28AB01DDF37,,7BB3EF226944E99E215D5DE38A4ACE07A63944FF2BA6A5013FE05D230C51BC6B0C6FD3B03C8836ECBAFC4AC25DEFA4EC4D05016327C86BE044DEFADE462EB8B6,,
1,Linkja Project,4B0449A6826D50D859168803A4F5CD3FAE89D0413613A1B42B8C61E51EFA51DBDE490D17FBB18C2101BB55D67FF0776CE249793CFD2ABA58CBDBB05D1A711499,,3ACF22A3477B96EFC187B486ADBD6E338664E5B7B3B2FDEC2DAFFBCEB643AF6390B2245D9F0DF1C4B533FC187ABC71A1FE3718B52A0179BFFFD98F7E74EAD9FF,,4912467AEAD115EC8BE92F103079B14C979730917AE24B79C76A89546C2FB23B9179A96A92849076737ED78D74546EAADBDDB979812B02417277F4F1220E2479,,B5D1FA7A4ED43E4AD8B2FB86A184662CEE203234603AA78E5974FB1DF3D64D9B89EFE0699316C4AC168BA6023390C35DFCA1393DEA3C9111613FEAAF80E59E6B,,E7D9EC6D03972D38CA8DAF10C5A292C8B9994378FF23ED96BF2CDED0876D98AC67543AF48E09C9487FB278135685BBB7ACC6A3186A13EB26E6F60E785CE384A2,,
1,Linkja Project,B3FCB5B2421A627B87089E2A441F01674953FD5AB627E29FF7998D6171CF873EF3B46DF155FC8D598B675D3F0B9200DD608522ED89165AEF75B156D0F1C265CC,1D557B237F90BFE69B7B1DDCD6B66EFCBEAB3B0144CA0378E0C6492D69A9AB672D07E54C0B1582482BA780720492929D7D8F96FA8D51EBD71710028B6CEB383B,1D6D22B3434E0AB3A4564E8174584499C6617E1C0C49CDCF1913D2B74480CC33F75A12C980511B48416755929454EE138473554DC5E7647E436E1977311FC557,917B5F79178EBE65409BE57C1D47654EECB6ECC200D1B0F40B2F74950B74700023500615CBBF4B5C32E77502F7642562158FA468CAD3C8D710187772DA8C8764,8D9986A9ABD5B8D6E20D46F42B5EF40E345A0318D48E5F031F8F8D7C0A3E7F4DBD3D811EE3FF82E25ED5505E2432CC7985BE6593269818EF79DEB9FED0BECF88,8AEC260E48A2060229D70ADADF1B0E6DBCB083A21691B6C27C1641B1A3965C220A81B34CB5AE7754744BD4DA344B237B3BE6B02D016946390C3B163B0F3D603A,C305DB506453524B3D4DB8E7BB09F8AF245DAE793258BA6E642B5E0E88DC88898260FD346D45F72EAF8C0A0671FF97E2513B042493F725B2F17100C9CA4FB52D,74FBCE6F2C98AD90AFA4FE64BF96F1BF1E2BF159CEB1FE59199348AF54A0A30AEAEB64E8683B839116D8458525F3F9A0359E5CFDB67303252D8506B79E75CCB4,DAE87F58BEA6810279A3857B7F42AE303E08569EF2BEC9BABC40E8033DEFF516CE2A7ACFBE6E5A373AE685524F3EA56D543514F43A6E11F188AA48F066FC422E,D360463269F10E066FA78562B760908B31E90A25363C4299AC37D6DAEF41E2DC2B5BB492E89114C5D0EA043D765642F24DA0F310814FF16CD03734D423807391,E8D32955C229A1E8535375A30994EDF811AF028FC770A05A6F14E8CEDFB168C90EA2B73BC40B2E1920D927A2025258F8971DF067584ACF8378FB450A624C9F91
1,Linkja Project,EDA60FB9DBB6B339030B837048613E66E073ED4D468CC9F2FC4B8829DE4C3C007F321940324ADC40195590260A592F2ED80139DAF6B0421F4A2E8BA51C371F72,,772705973A47C3646D71CA71826DAB2CB2D01936F81CFC487B2701DC685D4EE8ED7ACE44260109DA438EA69A25344D2E1BD7D0350E1370A93FC792491BDFB4E8,,0912DBEE8AAD91A4F71DEF929FAE09F69A5460C4A9F03521EF4EB7E2E3FCA7BB1160C20F249ADD153789CFED61C9AB3B923821AE9C3D0361D423AF7933B3731A,,41C3B86F9340068D9C6546D1C87C3537E94F0B154DB425D68C52B9E3FE40C82DF257F4B07B8FF89CAE8FF7DD6CA62DDDE1881BEFBC1B79176AE3D101E731E98E,,D5455A117FB09A619A4FE573893850B8E5BE8DB4FB5917D118CC250D0028238EFBB286E7A81FE47AED0CC988EF58AA07ABC3E0732A88FF4E150BA04A22979054,,
1,Linkja Project,8A251152BFE5941A578A6EFD091F5B75CD0DC2A0F307FFB3FDE4780176713D768F5CE2B34D6AE4B2E984359AB92E917F8E3844675B937E138A74753F830E33BC,,14D666B9DCDD532BA5AA2652C07A98BA35BCCE9850056E7C4F76F9C9D7F7B1E8C30DFD37C8DCC75A812830726A65D8CD8E76ED8BF98FED552C13CA27C7984CB3,,502CA9E09495B72E92DB42B3BB4D135460B00549B6C823D95B4B7DD78E07B251BBBD3D03C9B8BD11967E4921F023427E5E9CFCBB94CF90F04CC1CB3BB84352B0,,7428C2357265D24FD30E0F88AC5AD4D591F3C299CBD1E04B9A5548654FD1D11A8FA02BF3971524DCFCAB9D5FF1D601F8C45AC06705B15B0FC327355879CF82B1,,0AB04C82824A587E98ED7DAA5E2BBDCEE4F1D577ED19CB0AE215D598C9DEB629738A2F15BEE13F4B1CC11B7A6632A6DC40875A0B7A9384D18DBFBA02CCA4171D,,
1,Linkja Project,ECAB9DBDC830230BE5F679462463672BF2725D5B0313A2AE237007AAE0D5E8CFB790D24FA089E00B70CCDD4249BC606F0F551BD2A5C95820C9C8B3CAEA631E18,,CCC7CB1CB13F92CAD3AED4689C8F323906BF4F168C828036F606E7A6C6EE928835E1F04A980DDF53F3A98397F95763CE0E1C749AB04E1DBC51161A7BA9EA11DB,,4CD8F08AF6B90DDE84BDFF3BD16F345FD3E5489A36A023855D8D2CF04852B21A47C018D6169991FB2E517E127D8173C0463A3276D32232A74065F965114239BE,,3D685F5DAD11393CBD5A7C9DE0256AB567A85F93336FAB0E158D1C08357D6C5D4974936570869627DBF4632F2DE26B3656E26E81D482AE0D19917C716559ED34,,F77489F769CA47D0BA9B2F14B619991D7864EB684C96BE29A4155F7AD07FE622AAAF60B74E933691F09E43370493D0E348FB34851375D6B119CB6A16868CAFE0,,
1,Linkja Project,9A6F5132A570B7873A720AB3F57C4B2A6089963666AFB1BC5290BCE98F2DC5CEBAA3E0512E55F4E6ADAF360CA9526E00BBD2E053E2792A2CB69B8D8569F83145,,5CE5BBFACEF2D584395D51A4373C49FE08DB490F41BBCB8532D47F6BE93AB335905D852F5FF25A7B8EBA2AC2860A69969528CED4BF0B35F1B3B187D16A5CD999,,6D9E2E70200E51D1F333DC638B209EF2CD97246EDDAE77A9D032CAD6F1127F9A9278CA9793357F0C357B8443F7E3BB709CDC1869A02F56204B1EE452409B39F3,,D192DB667CDEDBACA5872E772B705E9081DFC0F6DCFC1E1E6AF2E15BF7DAE3525C5D1AEBC10ADE01B1C4FD86CAC43B373EF5E5C6E905E0F335030543D4658944,,5EA1742E35490FC3EAF3FD35AF65CCC2B3984ACB74541B7DE25895895DE1F02B802A6B01C1322622BFE55E3E3EAF7C34926D7E9248D3CC10E3689D553E471D40,,
1,Linkja Project,EDF9458A5A3BB65100ED6DDC57A8C6C118B3B3EF092D742AC03B1C9D4717E09FFE7470DECC70B3429DFD2F3068FD0967966B455AFC63D8CE83700DC290FF811E,,E6A285D2A3046F984412C1D26558BC3E7F1551897DC3B58A021A39CA7FDEF48ABDC779476DD5E5E518C41F9CDAC15CAD68D6C1026ED498B041E4B10963A21240,,638FB646266C1C6A1ADBEF1DC086A7C462B543312DF69DF6987C717EA89A86A50238F65A2B17EE942AE11394D88866599E2DC207CEB0D77EA6E23E9D7EC3913C,,B3459EC17B7157697768E819CB2AB1BF3CC7E6B30DB102E5668CDC417FDB3DB079B2F3EF35F3CB45993E88B9137771B0C8049BA21F11EFD891E6142B99C706CD,,DA84D5B47C80FE0B0331870C6C60068361504EE827BAD18A7B64388C926ACFD8C2DC159302DE21AE8C2B44B1A43CA6236A9841DAF1217B5A2CD53B579D20E23B,,
1,Linkja Project,B3B1CE97325C16444C8CA2B1CBCE3E12691E51BD88FC05635B329138E28A3123DB517879EA95AC7C87CF4F1268680C37A740337EBDBA326386A99E9562314232,,DDC686A840AC9639E4B8C6EE83060B94AAC345C85CBF91324611D8702E2481B7401239EB014950E69DCC2A1F10991F51E4DB3B876AFFA71921898F11B2469F1D,,E75D7B5C83272D577B3EAF2A731B1F646C90951E40039675C058DF540A76F29F5AC80B8590238AF844ABC356E9F9342E25C1A7533107CD44242D31FC22FCE26E,,D46DAC599186A2B76B25E4878ED8F748B2583CFAE5ACF1359F265D1120FF3AED42F649A6588D086CB89F821CF55F0537E9825FED6AFA5B6CD464D8FC52A4F990,,913652DAF89E6D26410E9678C92AA522BD13517D51AF917FF15563ECC5C716BD5AE46A9C4EB02DAECA117617231B7B35A07416C560B4A55A32E5AC4626199972,,
1,Linkja Project,B94124A6ED747305CC6451EF98CB4B8D510273BC02BDF505F15422AB353915755397FF33F6A18988047AAA51CA1CBD95182C6063B7C4418BBF07CD70F6CCA823,7FCADB189DAFF8BC3C9D8AF979F4D6599CA36E7262F95533EF5EA497E09DEF2792C0A6834D230236296B48254AA5200C139510141B6A437BF9EA6F920F39D2BA,71148EB4C89FF5753665BB0635269C3E7B346505DF0BA003EBFA3EEFE1BB63DEE7314435596DCCD8FE975DF03B78710891DABE7477B8F64CA1A3082F92477479,D0948ADDB702973CBCA95E6C92F94E58568038003F73480DC516DA1D5F7D27EE4CD92962E6D8A6D9891827B82B14986DDD21A82A298EA62982053922EA7BFD55,A521117CF6E697D59675E765A395D6AC2F8FF72945E6E0353424EB3B0A59A1D585516A558F8B8D0D4A34D27B231DFD2578435ABDF144D56868E68B7C1E14E553,D7F3B5D2191A8A08A7734CA2798FD1377788A7F9BD4FF5DFA502E8ADF1E4E47B596DF465C72063BF1DC16F4D3EEA1C2585C2BBCEC3FF76BAE30395945EC8E640,5AE66560752F616FC2D48667032C31644D82C37A9EBCD91C1A3C9BEED1CE805ACB171926A28ADDB483968A66E18FE61421E7E631B0A5F7E2405022C65DB92176,00BC7CF8467DEA90B6DF3ECFAE56AEE514084D0585CFFDEC159E22F7B2824A24A0A99ED0F8FA507F3E5CBDFC21079C7F38B5AD57FAF445FE95AFCBEEB1BE9656,BD9F6D27008A5A195878279F44620CCAF356CCD27BFED660450E5C0BDC587EB06788E6A7676C4E76FF1FE6FCED313BA8D08F0B3C522CAC53794105E8C146A527,1DAFAC74C23E862D6FA4B8F173E591BB8A473CC2DB03D674890956F5FA30935867331627FACCB0D4BB87D0AD72BA2C3DC51275E92D7C5EA447C4B88A43F34348,C7F58AB2D703B4FC7A677B274BE7AF47A7939AB6EE52AD2EB37C6E6689DA4A24CA742E44B5DAE79811EEDED3DA6D3A2F5306E92CE10E51ADE0E2C2A5F3859D1B
1,Linkja Project,E51FC157070497D70606641E11A0200015B308466581043BC507A463299E3BE9086C673414EDA2D1C1E4F899F0F4817501986546257C1571A8176551EDD4A7ED,0236435BB7C3224DFBA98BD024D0D2FEBF4B2E5572EF429107E30E42F6231F10E0C4F4A7A2C4CB2680E65CC4108B224F455D6417D508E0F21C8A8E39DFEEA32E,B99ECC9E2FF1E469027637625ACD8494033F50971C707485845F32B95968BD820D58525E29B80ABE7F7837328C417356AC2B79AB91B9EC6A92207FCF6535DD50,3BA9714A745BC10EDCE00E4FA12A2C1141BEFE76014C52F434073449DFD11F762CEE2FBD5A6C588C200E3562846B91E73D1F4D94844E2516898BCABE4EA6AA76,D2051A2CED72E06B2F1E7732C71717C9B673B928BAEA882764AD71420AF24E44EE454FC9BD9C38A0242CA941F4D8B00BBE78E54693701765D380A3C546584756,2A9B4F1BDC43146B1EFE3EE0FED1115AE5BE79DDEC6A32FD01584BCC48771EE7AE8F21831E352C9281E4F49B2F6099D94BA27B06EA6188EE8926F2B51DC5D8AD,B43CD758A78CEEDDFA9C629FABB5CBD0EE63926CD4B25A15736990B3B77522F42C29982ED2EBD6CD45F0742F08B6A1B26908258DCFF7733296513064C9B79DB0,2DDD5A1B22ADE8A98A7625A12D4468783792B00A7039A7D9E6ABCFD78E14C52F1A3BAB811C08625F458E8991A2EF6DA589CFC7366DBAB81F4FBF3B2E2E5527B6,3EB5608A5BDDA44D7D7A34950F96184C3EF8217F21288E1E5EBDD29A548C114277E20A9118B5215589599219893FD90600ADFAFB9DDD1BA34FE36D3A86F325C3,F00E67AF44FF072B1E895AF388508CA36FA05B5190221043852D326D97D5C3C61DE95CD3BC9EBA1E72ABD13D4AAA9D7FC35DD9CBF38157447EEF3C671FD4D1AA,203D8B182DBEA98F49DFF4B1C0A79823D93351A65F58BFA644441B99D5FC1CC95F6E96C9E3ECDA447D7ED1FA632AA2BE102D28B209E1D204EC7CAA5835912E9E
1,Linkja Project,4E4ECF5A9D719404AC5152F7840DF8F31F670BF1AB3CA483D8E5BD94CC433B308843C5CE50BDD0F30ED8642AB58DF3DC4A80BF6C073603D3DC09942A89B486A9,,D041B193DBE0E2EC9EB95D5C402FBA4890D954F926C3B360A2257C75FFF7EAFE3F856FDC36740669E12FCC4B5E5A474CE01F401C0E15786636753C7CDCC3DABD,,552A8505B0B1EF82C0898AD56F2B7F5C00EB8A37BDFB9F59E664A8E6029E6D0E66838A4FCD7946F7D6C045B4DFD857C42F52772853DCCE90057A856B4F34E1BB,,43F106538A886F7FE36630AF999DDCD7290E74DD023F319FDFB9FF489FD34C900F06932C9F39911F6CCB47053C8F7BA78DA2FCCF033C43671D24227AE98BCCE8,,C4D3A1629536ED69886D50E9F6E213C3DCDED0A3A5EAFD7EEE7DD4AC6B29A54303B55177F5967DE15260EA37029320A7D7DB0FAE9AACC37BBEE53F62C230398B,,
1,Linkja Project,622F4E7A227A589E8CEE8DD84F3CED660F6151C9A390B5AD33AC161D1B8B3E46AEBEF3736AAF8EC2C0F32247899E4FD2E44BAC699CF04661063B551FC405ECB9,,B475253D61E0EDDEB5BFFFEA333382E641B23D564174DB2F3ED7560EFE345BA3DDED80FB4F5BE4D8B3F1DA13A1F9772981BF132F22D9FC19A8DD77E0B16027B2,,BBF8E80EBFC0FD5CA92FF1A7DBFDCCFD5E8F7314FA9E2D9AA39FEDF5F8F4C212F2962C80B01AE4319FA187F9E58577B50B59B27D771AD9DACB72AFD008B202E5,,967DCBBF2EB3D91FC2C5363BD2745549EC7A7D3F106F0BAF3E86687AEAD47428BE9E45B82B6182B5B79004320EB97BB655F15C0DECE87C150CC7DAEAAEA5A815,,99B4766D5B81A9C6FDC621762ADFDF775106381D6B2ECE8058F080EC27F06BCDB9E6BCC5E527951FB5D600EAA6732E72BC95B9A78397378C74D6FB0ECA062B58,,
1,Linkja Project,F7C478E6B99B32F9300BD4B66C38CE94FC767775BB787CAED3D6B1C76834FA98D68BFDD84FE100060EF223E8141C47B24877C71762C4485AD8BBA24C923B29F5,,F46012873CC00CFEEA0181DC9E603D40DE9984C4F869F3319D628037799C00D23A9F11F97DBCD36C0F18221026A2E59B930A4D93DB8B029DF50F263671A2378C,,73D1EB9EA6FB85DDB59784681CB32148518D58820A5BA07DDD38FBF797AEDF05314F11D8C20E73F3AC286C39365BC03228CC370D256ABDA019B7001DF47BFB20,,0344245E2691D2885AE5C32C648D3187346BBCF5E7E6A111D44FB8F6CA6C872EFFC4C9D23266B2202653455E89D092FE5698A8ABF92BE0DFB5400CC876B5EDE0,,3EAD800E024E1AC96D24E854032EB0D58391CD0B60C23F9D057C0F7AEC960BE0599A2D4CD4638B0E7BF1A9348C5129487935D99582CC813421A9183687E985F8,,
1,Linkja Project,BCC8202078F875C79515873DC200EDE4DBFEDF9FD15ABFC995BC825381A0387772AE636C2DDC23F77A48E992366833B65B5C8BF66495DA0976C0651F33366532,,409F3808D9A0D8597C481E036DB789742F8A0624742A4970F9BF9EBADECDAF4FE55EC0601E1820F461AFF0307A1FE6F018C47F3F6408CF6E92DF76E4C888E642,,8BAD1BB04FD444DDAD44A29427029ECC5D8137BB2FB9D31DF9410C2E205188A2713477B2335C280E6D2D6CB677F93EB533DB1C7182C48B2631A9F55A87117197,,82B6FF139F0C527DF3FE5B96CA30D42CE4A5D072E2C806C0FDB7B994E0E584E0CE7D9DA78E70D9C91DFD0C6DA82D5F46A4509DF371A1E9539A4DDB9A86536BD8,,37353186FDC5C9F1B0373F83E866FA4F7B6B5AC18EBC72F7547120E940E90226ED25BAD3B6769CF14E7B9318D72D2FC1F058389CF281D2EAE69F77F71420F7FF,,
1,Linkja Project,D3BF82A7868FD8ECF5D6D4C03B0A8F91BD78B11C87FDE08C57F9941329B968AD968B2F5D3C02B0E09A7372BB762971ED70331DB3D6DB81A9442B10998FC5801B,CB59BF76AA1A3F284E4A9811CFE7699127EF88D4DE32CC0470FB6993FF72C54A296F0CF958420759AAE7FCA6404285F0FA313C9B96FDBC2470EE94556AC33340,5EA2814C56CA0BDE2BF561F81D8D990C5B69207EC2E185AB5DFAD7FCFCB4A011C20193245755C96F1E304EAE77293259DD735B446C277EA842BCA07405724594,D4B129C46AB6AC4498DE2313F7BED545A5E6326AAE375F2B0F45694E7F0BFB8B1F51D4AE2378E513167FA95B8B1C5CEBDCFAAD429C5F2921D2F3E9ACEE300DD7,F6E9233807562DE025FC6A02DC5CD00C871464B7A6FC6C5F89D442BCBA0990999BE39A84420FE6277EE02D55966C4627444AC6479CCF5C6A6EE7269606DFF6A1,EC575EBEA0156E436635B9E30D0059E63A927277E9032011332FF20AE74634C2FC76A7420FCFFD2AC2A033400E46FF61BF7795160F7DEA3F2D432CD4E698B346,A053A7B38FE633150E0DE44B94498E3471F1F4FDD9311A40E6A00DC8DF05E69C8C4E33839EA1101541FF8B1B9FDAD028683F209E495996163D6596E90BB57CDD,99B9940F55369234264275972B0CBDB4CD7DF2BC75EFB62D5000B1CCD00D4280537553736EE9A6207303385BED40B7DD3234397D1B622BEB14867A3BA477981D,DD9CDEF120D70DB4C8C996690BB6FC080AD612FE4CBDF808EDF8846EBAC144E06F36776960E1F8207563CA22C6C94A7D9C0FB3AC24568C74D77089FFEF8A9C95,C08BA286A642345361AA08F985C76007264C77E9DBDD84078A7895FF24462F9E489303E7C1B067E4B21D3491B3A30FD21467313647FE023F37554C7925E04387,AFF6CEC3855C86F36C7542D4E220D62705F532E7EF219882791083606FD0361DE0AED90EC17BCEE7559F6790B21F0CE4C95277E812D60F9A6CC73A2BD068B41E
1,Linkja Project,E53F6746566736ECD5CB3623DEFCE3B4D73975FC53B5BB411B213B0C89D61926ADD7ABE999A701F58AE63747D66FEE87FDC8A30EA84FC8EB5FABBAF966FD0422,16397AAECDF3AFFFB5F1B064E898BCB9642B3BCA0A2AC54CE6F5CB120B81E4EDADE5F42B5276793E1759BDF08CEE0482B75A9D7E0A8FC1CFFD37206DDF06C958,833A8CA97DB3634DD29DCB8A0AD39CE24AA06BE34F7CF0D99FC245CABFF7E7E34366EDC7A505214E53D4682501EBC722F52AEFA997FC5E130C4172D7005588D9,34CBD3EC7BE388D7C332C968D7AE8B04A6F4E490627DFB3B6EEC729667C98401C50C9049168D4A4BFEE8AB67885A226398AC6C93602BB595B4508B3390253816,893FF7F8099DCCB919850651716989152F8DF4E00D17640F8784F80D5E67C2D89E6B6F2F49761C18F60B1BC37FB3779E80209AE5147F57877119B15300B720E2,769CF402EC620FB1477513A1FB05F986F9A4E8024C87B25EBB74A4F1CE3E100523705FA635CD8C56A377D3AE78756D9AD819360AEAF12901B4B46A8A90A3725E,CA9CEE265C5FDD5194C3E396CAA21072B68172516F37E9E7F0469A699DB564CF385B1927E43058849156C6066551C73C7FF9F92D3716CE788B68B73F5A2D98C6,583716F216CA13A3E068269E4C15E01EA0D79FA42CF54D78FE7F05016509785E4D66FE4D0BBCD7DE4D3793FE8ADF6FE56F682DAD280E7B7C19EA298345DCA6E3,B318C1F63251E88B611CB0AED4757259E4CE291159DA2D6E7ABB56B7A63FC188B7E4540DA649E1190E8EA5884FA24B6C3EDE325C8555C8C9AC95E28719EA1F45,950EA253C926337E1CA69CDA2E2705A964E6D39A105CFEC15910C3F1B75A890ADD122783FBFB9FF4ACEC8ACF63A6EAED49124FBC91C9A0FD6E8F12E4726680B2,3D77523D2F3856E9B56D2D769E46E1A95A3007894760092127C80D62AE12EA2661015D429B7357C3AC9075416A2F78B61B4BC06779DB368CD42D0E2A5CA5CBFF
1,Linkja Project,C8DCE5F04BB97350132F1B893BFCB8DA50E1CC8C568D5AB303F6E655ED39F810D7B78B88B7883B48485666E0F396F30EDF2DE01E2BAF5D2A2ADEEADC27A207F7,,FABE1DA7AF8234EE5C62EE8587739D535150DD43BC98E1FC18BF48F69BC739C6BB8A84D6C84BD6B6A979EA97876A761F3F60D39E6C80CD0E2D5A9B470E54B45A,,A961A27B39513A2C20F8DB51C680E427F66ABCA4216DE3A81B69122F670E82D807389400648DA0CE90A27E1A2B40AFD981A4DF6AACA62CF124A2806C5A61611A,,110432A4C176AFF2181D3A9DAAF284406E7F3EB074808D3FA2E3A78B094F4C31F51C3CA6EDC638433A98EF2CB67F8C62085C7BA4A20F64937FD4B9B6C375AA8D,,99DB9E2A0DA322D6B35815285C1F3C5A1B959586FBC5A61FFA5C8C1E38030A065EA34DE17CD604E64A91AEB6EECE7E9D573FA3CC7A4207B0CB25C0E82ACEB824,,
1,Linkja Project,E5079D84A2092F71438686F951A2766DDF483B026D71522E5DA48C1C6F3C69AAA21BA17D0BABC710D99685A84047982F358DC5D44FDFF18221261ADE04860EEB,2C5193ED75EBAA668EE6052FE5A1965F7A00AFCA7E01382C959E7705FE0DD4FD557945D55A659FA80FC919F4CF531E0615F5D99E1FDF5A52BF4AB58BF705B585,A3113E67ECB18C3B3ECA774730760AC0148AF061569657044773A15A385019D5BDE832C2F21139C4DDBF4905240288B17F3CBF6EB32F5625F8E02D08560A5307,D9D5A563F86A65FABDD4F906E30E786E5B35EFE7B0AB50C4890149C1F4CB8809A23FA6979DDAAB491B7526400A991F108AF98E2293D7F750D0E4818E4516CE87,69D20964C4870AFCE1C2C86C76337CAFECDC58EC14D8903E3BCDD1685A57A3970DD2FD0995E23BE9133909B3B9AF4CC1213F6DF764DEBF2B2C65F8404DD90FCC,BDE220DD6395C5B14EAECF71CC0001237C37DE17CC3C09924CF1E38928E97028A82019E60D1E66E1EB8109928F4918EA35AF2900613E990F51D850CDF794FB18,14C0A6A437A9506DF82DB361D3E7DDDCE462DD6B0B659AF18B26C285699AFF3BD496A754919BE3B362EFF2614CF7A025E24DF2406A667FAEC7E39D1969EF305C,1CD83888449C774B550DEAF9A5E2D74E32BA7BDF2067DB218A65CBD4242F6CE9F68FF9C446A94952CDB9BD00EE27044F7A0D0143211343553BD36D3F63AAAD50,A709B2F247D99C829A39D6F1E96C7398B71C877F6AD97D219BE8F384370E2629211349281F87AFFD205AD65EC2BE3DE3CC09D2E730987B53E30D73615FFBA934,85BB04D312DFF44BAAED9CFE765777F810E3BFC50DD3C416630ABB9FE57AC81736F3924E4676CE03A36885BB5365A1B7CA5405C6D4023C7B4BAA6401FA633616,805D8D8EEB6CADFE455A1C3967F36734A86C5587B71DBCD049FFA6CCDE0E1B89B9E4F58F7AC830ADF22208EFA7DB9BE09BBCC1C33D722F488CFDCE214D54506D
1,Linkja Project,0D9A84840BD9BCFA9A9FCFEB4B5FFE6C3AAE7C5DD024FABD6BD4DBACE5FF6450701BD115E8D09054D281080B56CB101F8F04E6B63B53640696BB61A764EF0740,1F0F7148A9E2E92052EF95E1C769287AB5A45A1D0A3456EE363F0C3DCF005CBA50E4307CAB4BB99823145F1DF61E18B2907A9010E58CEB2015D72CB43091E54F,E898B2636822F1920558959DAF18F01E339798C98A2C579F898DBE9DED21DA87D39BC62962D025A94EF7DC25C1DC260FB7A9CAC40DD89AC845D7F97D8578FB7A,41A928294D3402DE638CA1EFCD90DD6E1AC90736FD2EB82685D6D9DCB7789B5F854BC755B1A4BFFAD1019E604ABAF7026CD6D2C6BCE6D16E47DBF3683F33AC9D,4BC837F6FA4BF6A11613BB284B87DBF9D43D6F02DEE38C15846060B7A4C1E54CB7D38767BE4D971CDAEFFA135F9BDF4DC505F52B0DEA18E0CFFE574C738C1C19,FF18C481C25E3500A2D224AA381D6C67DDA5CBF0BF41484DEEFF8DF25BFB155A1832B425CC4665167249D30E4725A4132D94F42D20FD3256F1B9CF01F7ECB64F,1926EFC42245FE8EB2E6292B81F702D99649750EF3B423FBA8602F651A9BBD729BB2EB728953DA6AA83743B7485A68DB936153FB7D6B8994FCC2B987780D9740,C5320EB5E87D4CE2C2748FB281D02E0DB7D8282D22F01C603E9E2705EC6D02D94F0F186D5F044BF29FC57874B273B392F300B294B07BB94C228FC4ADDC521BB6,1F263F4AE9321D87A89E2F3BB83D0D629B98F7B4E7136D4CB91B9D649A22553FDC4FD53A4C1990B4BD4236F535B70291FD644015B343C50C47AEEEB4BC0FA7C3,CE3E9AF36EC93E625F128CDA47A9144C41655610235847B511DA42076F3DEC0561E07D61EA9A90AB2F1DEE0AB75EDA4902BC14C0DD11508DF55A560702F08681,DCB7BA2CA06A0E2C9DBB9246A577C5CCC1854784FDAACC196B0A612227D8777D4431E4DD62220375AEE21BB74300711C83098FA7DAE8C7C38D94792153C80256
1,Linkja Project,1A4007DC150EB7990194D2FAF9DE0C5714741820F41335A2758B298939C5A47B8E0892221DDBB446EE07479344B9843FD9103BDC06C778980015254124C74680,,6B04602BF025A1C519821F6B0D0A68E6ABBC391887277CE58A770B541E5845CB4038531BAE0CCCDDCA53E15ADFAB08E27F3F2E1CCEF2C31D0183C83FE26FC867,,9CE130AA999FFF4905FDDEB762DDED986D09A60D1F8FA79A5D88A508E60488254D73CC7CF63EF6997158DD11A87479C4BE229DD091DDCB904902C93015E384EC,,281B61F7B981DBD23423B336FC0F6081029E6AB797E9CAAE6AEDCA404E191DBF80C757DBAD515FC65AA471950AE8A6C5F297FE347D754E85D1DFDF0144A5B292,,F03D24A055DAAC3EA2F88721AC4A681C910B9C41180D06E5B5B32CF56EECE53E1B112C476F82953920788B7950CFDC9FA1D80E2C8925A0E9BDA6E91C4173584D,,
1,Linkja Project,777B7BDA55C23315B65677EEB72D9931442B9E28D2F230FBE175E739E9551D1DA96C064A7C74EE19AE986B0BD91A4C7E9E083999CAB50ED3076AFEDA3B2FA10D,,A6DD215E8E70DF1FC99FA4BD52844B3CE8A830C1E52BC281BF7DEE0F1E7FE0F714C82AD2E2EAF45D79152A3B36FFF30F98103920C966D8DA0826EA990BD86DB8,,223C27BF6A962FBB182D4C36A1823996C3AA9304EC679E4B4C8BB39C8A7F4091FBAB219A3C4924C22D0A8CDAA05EA0DD4E4ED7EB82C5EC3FB84ACA4DEFAA1759,,5AF29B0ED9CBD94A34A356F54869846A4E09259C0A42FD89FA2B7ED7DC20C2ECED212859A16864332B2AFF6966E4090559549B886D688FF1C56D2BC47CEAF751,,C0CF33AAFC0A1E73E9ACBDFF8D996E4DCB55542B5D6186E5BCE99B5878660ACDA2C5F715C34D9C94D5C2EE1C2681E3AAF17D315B97337C6CC01191D6D8B8386D,,
1,Linkja Project,D93D3FDEFAA5F81414D69FDA071F6ABF8F51A71ED812F2FA7BFA9E55F01358074224A8DDCE9A26D757C999EF93E15189C3090DEA5D1B8012F57238EC69C88380,E999F98C4858873F4007ACCBAC992EEBB1BD1B36F918B32A80175C90C7772D471DF78FD5F60DA38DB2D05775C9C0EF2C82F8BB5D806D49235C29751FACC5C67C,2F88447D3030E596F859D5AC9322F39B75866C5C0AAEDB6812FA59B01234CEFA6C047CEC63D576D35DB3E7632358E5BA22DC3FD14B7899A7F677F56F6703511C,30FBE954F02F5DFD7265C04C04B4B5C48D5BFC05214D008A32DEB2D210239E3D57FA27F645B96257EA0462C81F646492FE17EA245627683496C65ADFE3BE7528,39036038DCF86A7ABD1F2742E2DB56214E61034C7E855F5B325A559DCB20EAEA1B97924ED36A70DC66C0FA8B73DB242D889B3EFE44CDEE101ABFA4A3C85E384C,15ACED93D9CBD958239E0B203C9F6F8DC73899DE016F6388371C2F17810C059B135CFEC88DB93D9FE80B15EF1C4252ADCF1417628571C7D0F84B559B9135C872,EA16DA8FED16C3775482CC0F9EFFE3D620954158442AE7D3926444BD7238773C2C7669B460592E9E2C92B4AF142D6DD816303938F084DC6467D7AC84BC542510,E6D5E45C8B1C42F6E015C2CB5E604AE60F5FF1000192228020D41D956921C41468AE0676B04C4BD95C0547F7377424F6CE63A72CF6FFB1D39FD87F77C56A2571,E9F9C1087348F2FF63E2FD72FD0F06F6F8703B00D4531DA598DD63CBD224FA2A5A062769CFD3F1943B6CE1586BDF4D94A92E05A8742C7479F5F1D0ED853135FE,A3E2D8ED51511DEE593DC3BEDAE5259CC289B1F15F9E0AA8D1B800C93F29E28C8E1B242B5A30C3E2E10C99E9C87A825D61EA0F4BDA675FCD77FD431A465F7B04,22CB20B2887C4098F4182FA327AE4ADB476D70178DF84A3A4DD24F7F2D9347F98C6FE2F977CFCF7C192BECA19E73538AE65ADF8C217360ECF2EC8B220BE27424
1,Linkja Project,7113144D2531F1AFCA754F6C3E9B92073DDA68A8BA2B23A45B78AD396FAF87CEFEFE581298485D7FDADA980B99C20DC42414B7E582CED64A5845C155FDF2B615,,861B54C1DF6448FBE9AB3480CF218BD01B088BA8D17526E0EB9F449CFE8407EAEDE3AF423E8F5AEE7E9E20AD1CC0CE7471888A46690A2FFD954F577C6C050A53,,160CB3CD9561B30670EDFC10A7578227B2250A2C99204BFE46EF683B1A1E320D43F1C76EEFA30759F9D9CF7FCB83AFD60E78D3A2D04981E8E04D94F4298E90C2,,67DD5D2FEF806C2E4C6D2374094BCEA3F16F7A77CA2614FD2D1194D3B162888494D9268F0AC4A8F784C44D91C2E7F8F1EB4035B148A57A3E742326E9E22A8EC5,,512B27A596083287B0F0AC25BDC0DE9BA67AFAD147E4EA2184B08C0897EA096B31239D79F7C0E461420E4FF2220EDCE94B8DA92A7838ABE45DCCCE0B76124014,,
1,Linkja Project,E37B17D5BCDD73A03BFCC2E30411213C179FAD1C58D1E4F52750B671541712E745E1F732E5EC904D0D74A83C8F84B677DC9E903FEDE244CD67CCB35F4F72591F,8CDF56B5B630DD79D60DEE77281A0F3F3E76403113C8041D1EC2B5F9172CD6CFA0BFB0CB6EFBA4B1C2C271FB3BD6D1F67F6DF8F8C4A6E5E747B9FAD174775EB4,A72C0F2FD72639BB73FD4E0005A0D6212D1B5568597399855DE57A35DD306125877550758BD4E8239692D621FCD3B3E3C2A5BA8236EE7832F4793A8FA0DEB054,B827A5BE63A3FC42EBAF1F09A2F543CF05070DB21AAAB11F660E6C54CBEB7F94EFEB18BE53AB50953E293EB974D3694DED95ED1CCA3F28EEEBDD43B7A9610534,AFCB76777E868691BD888FD6DEB6621DB1F122A38E569C405B1B3AE7FDC5A0819F9C4FF08BEC01C8755DAAF5D9AA419F9E49B03D535E990A7F57A54EA43DBC1C,FBFBCC3B0B78BF079245D48F35A651E41FCA3536AA71C5E31AFFA84735DB8864A44179525D9F572D64332F9FC726547A0AE63298F46C688908E8570F8A8FB204,95F7CBF8FFFA19F1EC8B80AD4FDB79EF0C8871BE7911F549547E8C960B4E4AE15E16AEA107EBEED70B75A0C00FF31177F9330D7781059C2E8A5758BDA62C3ACF,4CA70353A9108B9256656936631C3EAA879BB33D7669F767302D5E5335A79DFDB550248F00042DBBEAB9A4C218664D83FCD2C554B7F36B99D986159D31E4F70B,61C49E4FC9982096346FF758AE788FF019C36B6B49EB6F21ED4B852DCE76189C0C3A275F32325C83CA1BBFB982BB4EAAB48C665D645F8D0DAD0855EFDC0669BE,651527C78E000B079584E404A29FF6F1615302D4538A12E9ACD0943FFB277E8716DF2028C216EED802B4252998C1AE15E034186EA47E20F36AE26B750114DFB2,DC7451A1F046F7AF1D071220BA6F3B7AF21DB6E5FC884DB4227EEE1818C7819594AEDBB54CB801A3B7528CC3A0546A9B1DE5CAF71CF69B0C6E881DD78C5D303A
1,Linkja Project,476EB7D29D8846CC2EBC39432734B995819215A49C68F5415B7FC153447E9ADC9525C38D61615E2FB70F504856C6916A2BF33AD9EA4C21801FCA0C79478726FE,,E217D95A51D5DFAB27989B93F2C66BEB8B577B8DD6FBA19E5EBA807B270C08F3818DECF71FAC7C7CF4CF15BD392B1CFC7B7ABF563A2407B5ABEE87E362CED626,,34D226AB55FE276C854E4C19D5D55979F36A8AFFBB6E94150C05A969846B9784983074977228812B11A202CA6C010CB98C47CC9ED08865EB61F4CA519B9547A6,,579F1A67C88A8AF9B50AEBEA93686DF9D4DEE3FCD419BF5055871D93C2CC9BBF495B8B807DEE7C35FB6A11F8F7A8F159053F31E08A83ACA2BCDD688719D32437,,9076469FC39966910FF91A79483D8DFEB51B5B8E9E77FBB2C564BE44D23D8992C2CF4D04AE840C4F5FD79E0CF6A00C20101A781E7C7571B99985467E1BF814E6,,
1,Linkja Project,6D9123E6AD8A72E113F1DB66599F2D5CB011F26ED02BE03AC78E6F32A98C6C7F69A2B96F9C22C8DD1D1D75F04137382112617A1FEFE1297D4E28E37E3B1916A8,17CF09558DC98DCF591E64C51BEBC7305866338E716E5EA8A30CFF4E6229BDEC6F9C83537318B20E35AD86C99D2A813FDB87A8E44B87C457F6A2D478C885FA09,3B4F8981E1AD1BABB0D4DDFEC8C4D29394024181C846B6B468E27B74BD95469C3C2AE0F3BD07DA2B3A01AECACC69C6C8C4268B543DD2094D76351E4403AFFFD2,017808C9A8FF1821A5AA10E31ED4906ECB2A1090F1A0ABBC5033242871C5EB062853738C84D8CA32EE4E227AB85D73386F2F81BBBC0FDD6AD3B70F86351E7CCF,7482ED55CF2CEEA991F9B2842C79B139B5F7AFF0160B6E701B6D99343E3C7D07E85EF0EDF057C504C34B39D3FDC94EA7ACD518EB6CF7E40FD4A7250B046DD0BC,7FDBC845ADFDE8ABD388A55BEA2711873F7410C46DCF648FF359F037A504F115820D4318B091DE0575B10D36F7A995463AAA4D933FE9B3C6BECA8A56CA5C092F,0F033295F24A9A7F1B1EB1B97DDA7F6EB45534786A6BD934738783FEF2DE596634132848AC2D82DC093185B9B083C116D6A613ABA4DE5F516CAEFC1F673A6FC7,B193FD2133AAB62AE2CC58172A94A7093B70864C6EA711D07250D45454CB378BBDD7CB3FEDEE33FE55C7384A881F64FBFDC9476F41F4F5B8A1EAD1C521E3E8EE,572A51B64CCAF1CB1DB0222DA3D37D013A1A3091644DDE48AC2410A49329495033F88F9718CEDFF844F4840B0B13F12418D314392E90E7C2A3375A1D8E3EE67D,B345B34169251B245C7C55C9F8438BE27799C1DDEA69876053D5130039CCC708D7EF50E8BE08B8A1670D4FF6564F957D2DE0F4C64665D0E04123B14C9A777032,D611731AD57C6B0AA29A6CE1B8B87BC2BE94E023654FF837ACF6FDEB27B532A86ADD9D8B39175FBFB8E991E814341A8115DEEE42FA52B4F1A906547B09DBF324
1,Linkja Project,B8EED041DA73B56900EE06DDF0E50E1D43DD393A1BF6A0B23F50D77DFF5336C5C096849FFA0C4F40E72E8335985D661D5F2E640CC9075AC7BAF7E416E450F792,,823B7343C9685D3CEDD2FCD123D8ACEF05C3118594F84D7B65E6929985380B3993CC49AF575F2FF061FDD648513105B26BB77F13A85339E0406AAE7C596806D0,,CCE7C75428523EB0D3AB0313623C776456884101FA9429BB343152A7CDBC4EF24A002D7840CB70272A3A2C2AC91886860938A9A1CE630F087BE545FCF77A771D,,EF228E18CA01CD2834A643E899D056A283CEF1DF3C6D22026CC1602160D85C162DEFC8F039C5D660D90D3CE8480178D3719F8FFC329B61802BF0C6AC9FF10DC3,,642F173C8DB0D3F5ACB4E182FAD260239D620C55C8EECAF28ECC2EAEA101FECE3D5EBA4086F99F9EAF71A56E1C9545968E52FC3AA23047252E331A4373E49127,,
1,Linkja Project,63F0F3D40645054259DDE82A50A036F649A8A8F45478574080E4F8E0FE103C2CAFDEF96475B849340E0EC810D58DE70E00BD417E87276A2F22B785F2F3AA906D,3A748E73EA674D421985DFDED1CA71DE225E565ED166C8E645701AF0584FE446E73C9B36560C81F80C034D8B7748B774E5A0C8D8923965A472985F3AAD01EA15,96B4D3F147F2688ECEEE8201C87A9D75D5F2A294E6FB1B98DAF8E1A360A1908B73C1D28BC79E0313176851D313785876C09FA1C61D1A05C3224AEF8B31FCE786,C05660A1A1605C13A5989660343D80480D5B422B8F690436D3CDD2A556F4727FF984FE14B5DBA79C5CE26AA2B4FC441CB9889DE69042472B6E0DB52361E53EF9,80C5F176D329789AD14CED9FA315E16F4AD4CD577746810C9D1090FB15F19C8EF84F4592E3DEC5D4986A00D1A150A01E545733540C9EDBE0EBDBCE06C71F7851,E783579E66DB39153774917F369E3DDD220A35A69FF25934C16F2B2A8DDD8DD5A74E2FE6C6070D0F4EB4F5DE54750B2375980406AD47175271AD83D582FC2670,6AD74FA38A5F18B924D71932AA4BB63B7CAA7CE61E4EBE723D65A7BBFB65F7FC68C2DD266A82DF4B3916361A5AED806587DC52D2CA88122BE7BB1BFF9D89AA54,139115D8531BE7AD575151342FAB868658C3DD930D15933937FA23166AFB4EF86BAAEBB468F55911CC3B9B713B688FF879679C614DECB023AFEF0FF9F700D3DE,89E470E4359ABE3050AC25E9AC55B588CF6CF777AC703B90D2F0ED039C2137011B85E264E83F2AB859776703960922FAC893AC4BC97084F232E72851C9E2D775,FE1D82C9A1AFACD66DDF7FC2574E53CDB8391079170B16687E03BCEBBD1BF16A8038E8F8F736B610D945790E09077635FEDF61658DB3C95140A76CA88C43166A,7382FC4662286F6FC6EA544D03787A399E857F258E5D7669DE5EC52A82B35F2DDB53D626672839C2A381ABF6E0878D3E95E7226D9668C8B3B5A9FDC63044C7FE
1,Linkja Project,CBB6EC76727A0156755238B54400737CBDD181C7D553646FEBC7B1B2C7650AE0713C9F7794C3CF7DC21D5AA3855E092211D90F057D21078EFDD5696B594AB9B9,,301BD0C314244261CB0DE3C998F1C1291C758B91C765E81B8EBC0E58DFE516A74B4CEA60AA9C5618340D9A5AB8680F2E29DE535EC695828369CBD7A78D18DD09,,F932A711B3DCCA2DECD8432161245BC7F79C1E26DC29130B7A3F1A5CA2A4B7CB816DF5478B6F9D294E46C228E249A785A909EBB8BCE635588E2BC03B5BCB17C6,,B82772F037959C845FB7429D93AF300A84540F8DCFC106250EF1533A1BCF545DD2B68203F1B96A7B3C9E8F3559CFE506B93A70681D46E9EF233B1B572728EE4B,,CFAA8102D54CB154041A233EB0FF1514F62BB2F2C91A7956111D6FEE246682744700A21AE32EC24EE63266085085DA3E8B05F3B7B7408434EF749FA44714E857,,
1,Linkja Project,2CA135A56A08C382AF3BF118FEAC0F724E044063CEBF8E27638C723BB0E14756CB3ED854D6178EBA431231B59C7F0DB3D45E2DEAFEE29002543BD0C2B289A062,39F7229F3EA0312F300A047443D09E70CFA4A93EC037F24DCE7E54CA27E6628AA79B75730215BEF9D30DF1680C838D5624CADCDE74007AC928E1FF2998D910D2,8822B2E047FBC6408E36FD22A263EF3818A7FC69D09206DB1C3021DD0A6E02BD3A3C76A3EF3AFCAD872243C8A271AC1EA457987B7BE0524C46F76B907D0C0140,6E1C8A65C9442691ECAB6BD0B48AF55929468CC74030183802374A2026DB2F23ACAFBEC3D871BB192044C3408DAFF2C4B651792BD8BD3E2EEEEF655184A2B642,9995F88F7E5CE2E305ED20C1D17C20508320A18CE487C928E28599DD8C68E9D9B2CA7D5258C5800BEEDB8AD77928C59B662A36915CD979D9B3B912811B205909,2177CCD74D051F04FFA23BFE7B8C401E19E3CE0779B8177B3E9CC546D227A8B57519C937212EBA1FF473BE4FFF7F88F2ADF7CD975380DD05256FFE08F91C6473,D58704E9879A8C0D658CB989B05BEC3630610276D44592D9286438F8705A5234558D13C630FECFEFB99EF376AF50C24EC098A6555848FD2AF79091F4535C6E00,2E1F218FDFE0FA8FF959DFE1CC9B840FE6A07EAD0324C48F1441A360146EF182CACF56732DFDD1141006D8774716369B2C884A8B6921406AFD58FFCF6DCCEA00,0B9A1959A1D8C32E8C488A94284CA8052BB7EFD900354E28240F4E488D1039BCABE87B2A43274A5DBFF75E31DBF32DA7CC22C9EAB37297D60F84C08291AA97E5,362D535018F96522BD31F106A5759B5445DE5D6CD69F0BCA0B78DC7A4ED42950A52BB180D10FDE0E1BED03FB7CDE9CBF20856DB276DB7A46E9DF316B3B5D9914,0D7088546538D6F13D4A8A6A2564613A929FD552778E81CF0B15FA3C56C71BE2C4EA7764D53771FBF0447482EC5CC9595CE3E38B6F3025087DEC6D59CF5B8C10
1,Linkja Project,FA0C0165431EE6A1CAD79E2BCC836A076796D6080C8F61312ABB13A7F416D986239270CCA485643A85D903F1E13500A669804A92F0101F002C344B9EA8AC1159,14AB87F888FC981D2E01C6CBC77B9A8398FE0740228EA32536DF6C0485D2EE175A1125887BE6777CF23BC6B70C3709933E5BFC6DC4ACB71BBD3FD00A3DFC878B,56522DC5EE8F726C05E0A8D2B65E50B612F26A57961B22012C3BCD5C59AD29CC6B2850AEB0DA845410CC29FD23962134BB06442277DFA86A0C00C0C48F82770E,0A5892DF75E296BC2EB0E5B2A4248BD56351CEE1A75162523203A9E9FB06A99930967E437705A43AAE4F195D91C65A976A662B15DEADE76BA1301A826FED3406,44D278343888BFBBEC41B937E0EFBBA8D9F5C4697984E7234C256B32A25650CA2F628E0B3C0F7756BECEFE8D41A25E8134B0FC23B9790B7AF1A62E8E5739FAC8,8FB372ECDA4274B2421DB2E32D15B279B5C68DFE6F8041F9524D077D092D33DC3772F627061A9E1E22F37017AB47C5DC0F0F44302952F5E02C4B1956B1ABEFC6,35146FB7F6CB1219B97630D8B1EBB27996F68A220A8E333800713B33B9C050979B59A5C91B5474290C85909EFF9E9169512DF3CB7CAB0217FF48EFDCCEA74D58,270871582F6559BB2ADB56B99C7DF4D86E35D7ABF4E3AD642321F07603042522E0014E5D68D7A7E37FD9985879893927AF8B4D3984A4E6AC51AB9B4BAD7AAED2,FF6FC01573912BDD20DB45DC98B712A4D1A5BE4BAC893EC74EB0EC3FC0DCF904BB5D36AAD79CC5FFC3FDD4E3239099A37EC182B93907C47A7519306713A17AD8,1DB698BBD54AED6DCD0F9B6B808C35C4A6F3B58B542E4A0803012A45483E7A0E5505DA376D9B8079E17696E0FAC5D54969276C2FEB3D6DC3724E2CE3954431D4,19B557B033024E344DBBD29760F16BF84F95EF38E55E899E63A172D09D72F86B2D1DC39C4B92AF359735E5668379A543C2CE6EEBA31AAD132CEFFE7708D48B16
1,Linkja Project,91E722F24D0A1EFFDDE9A3ED0DDC9485B91B0644475C5AF55176CD2954A1C9F806909B16F3456F5594D2CF8EB9173A0E2138765541636B755F9B1FA14DCF3EAA,,88D8C7B4762A3DC29019172275AD2567C5025137ABA23EF55A3F1DE70523706698A8ECD58E53D648ACC3AAAF67F8E214B5428B6236E236C68E89DA5A7C8D6106,,18DC1E391FD4855DDE474B348B0748B4B0CAADE5E30AFF9762DA4045E9A18D279F741D97B3050A585A2C6D4AC93A67D0C0FF8F44C2288C9275E25A3FFF431805,,0F7B3D529D84FE66E2334CA33444E2E6328A459715305C676BC4F0851EA4524FA938C18858D841A66D5E1B5F3D58C34DCD66968771FEBADD07F0F7C467FB3608,,25674AC1D92860F8EFAF0F9A1F73C076B644F73DA922540F9EFEB25123D4E1173497FA1CD60966013AF8C156826F1D3E5708F4EAAD49922F6BA366A4075B1753,,
1,Linkja Project,DE9355DF9D1E3A307AF7C849FD21DA2D683B46BDFFF0EA30CE340EEC2547FDB6F33D5FBFF9D8DF47BC3D8BADE9999A56F2EDC252070C3F4B8CA49D52DD809FA3,,CFD9DB7CA8A548D3626F6AE958F912FB6CCAFC358D24A6D311BB1FD6CAFB9941CEF98EC772A69A9611BABD3F70EB564F95FD06020AC2A85D82BC516DB4C3F009,,72295904EB5D19DB0F2D83F38BF998FA3C5E375D36E95BB5740DEDBAE86BE330CC4E8327033B0528C4848B2FE73EF0A402507157CF24C4B9B2A643D04620FB1D,,B75A19C30FB0226D698D9B662AB63FEA5BA3500C097DF22C9073513B30E26FA84DC9BE873011774C2CAD2E127ECABBFB6BA7D69C0AE26501065CDEBE7D856348,,8E0AA489B9993B2C9B7FDEEF3204E090ACAA049C18920A5F9691B24976349B8A89C0FF95D06635E0F196A5F00291027D757B2448E32355D81A36542D754EC427,,
1,Linkja Project,99A6C1BE311484BF7FAAC7D3CD8B075EC5797493E66B652DD8E9B97588A2D4F80F7533BEB381A585D8D6FE260458A0CC11F4AF31730264FE2A266E3C62B1EABA,,831630ED365AFA8A768D5796EEDD36A44C5AC7ACA0DB24215588E8D32BAD43C7359907C45A4E132D12802871935E135969138F3809390A117D1D90DC8A67478E,,FA3DAD4B7A2B9E9527FDB0ABB4CC5A767A852EDDA545A7021915B4C7519737EF8B843D4B73449D84B93C4F1176733E8FAE98B09BDAF9A0C624AB7B13914FCA67,,2004AF7943EFC07E0262ED2B2CEBAA4396D419FF78A2DB55EA013A7490268F21095442498D4AA019151A1D1836A9B286045565BBF6FBCEAE0B5E38F3C2804F7C,,6CDD63214562ADE5CF4528CD6CD7D8CCBCE0B4A646B3830A7FE92B895B1DE87F80CB8F7E7394CA9627080DC0EC0C479F2FF0CE133E979DF14F24CAC15E5B3BE1,,
1,Linkja Project,039F71705F7633552DB1D894C1A4E6330537AAB9D49BCE53F4FFEE86905738A6A53A6ACDA716D4286FE5EBFECE2DF54091A36CF223FC2759A0D94ABAE4883449,D42F9507BC1A3DB1103A56E291160A9B6153F1A9D525E597DE494BE4AB430BFCEF39A4256469E649850C0DF7ED907BE9C390CA2EDB6436952B80F7E1831715F1,A6BE924308EEF53F2E1A06D6CEA935926FE08E84D1078681D255ADBDD39A540BC66D30C4579604B219B7B38B448F2DDE6A2E8FECB1215FB5F374DDA6317BBE71,AD02CE0F0DBE6A1C9788A8AE554C03D99ECB7F9838B816E1293D6B51127E0A2E5A9FD436D92877993982595A26F2323831A37995ACB742033CCCF88E8BDD08E0,0B2D29F65C598D2923E921975CE97FC7224E47D464AD51E3FE8F5DB434BB5A7068F37FA393CCFCC023196B1DB52960FC68291CCA5E8EBAF2E3DFB95865EEC6F8,8B0A4BC71D771E2ACC45F878A0ADFC2BB13C97F9365E2C401DE1986B7471496B50A3EE88F0EB47C5758D3BD92DFBD2825E34B2E3225435CCA566D616DF803518,20EDAFBA3258BDAA4A3B4016B1C89DD4A1B2E9F3E9EB6D54A2780E2F5DFD2BC14BBB79F2CC3B6E1306E658B100DA1737D23ABFE70B5C126967F82FCC39DE562E,F54F390373E9155DA63B82E483764206725ADCFFF2E4F3143365655E81B393317A205BC2C740170659E5CEEDAA82C2EF0F3CEC5D4FDBDDD4060B7BA6DF9D7F55,797B1349ED1BBE124891A80E481DCBB55539E5101EB62E71E132A29BA113C00A248BD3E401BE423D999929164C0BD187546C58F7C3723ECD9A2DBC4A736AB2B2,FD69A915233409855B20209E8A6D9FEB94631A469B95497DE2DA5F62CF06B4332E244D47E71E65C0B4DBDD0498C0AEE1B9D1BE23E49EFC30D9E398F00F6A5C3A,58D9837AF8DA3E3AB7BD89D953D259B89C2A961D71C19DD5727EFB3128369F570383A4C65B8BBCE0ADC23396B273FDD8147BD11C1BF0EEAE41C2308C4E840B39
1,Linkja Project,A2F0280D5F6BDA29894422F05D992D6DF70DDB3AA3A8061C7E91D68F06C5657D000482895F47E85B7ECDF2B117417DC02BF7F467316A950949E693AF686FCC68,,2D537BF877A8DFCBC47D25F91DABF1965C59FE388DCD676B1ACA39CD9C7361ACEB9EB603DFEA23DD1CBB690D7E77341431CA1A31239F88E60DB35E2AAA5A14B9,,3E826B52B1A353BC704732DAC527CC44DCB96C3974E81B5C6006FFA649087B5F279F39FCCCF00F15EBC18BDE9D8940C28CCF34D498D16E5FE930CDA26B63D56E,,31DB3EE81764714B9B69D5C1D758FEB4EEEB8FF57C09B0CC47E870409551DA7F432CE026A3010640BD4C28434E09F8A99E4AF6C677D3BC7792993ADE381353C0,,07DA86EBE10231F343EB413C1CF9C8395876F94684B10882696DD5F30169314123F922EFD7B7B43A8F266D16340A7219FE083A52C08032ECAAD96BBBBF17F09D,,
1,Linkja Project,82B0A974F1083DCE1CC3740ADEA12727DC49CCB60583091B8D7FBA9FD0327BB2C54B2F3F4A26AA0B6D3008B9BFA592280F6A28309718641356BA9A4B38E34C8C,,B9608D896798F70BA6391EA13EFDA15935EA1896C1F382D9F63E7565BF1C1DEA95DE15C825C3C9687B4343D9F0214B8E4A8B6FE111A2C4D4689DC50522A81556,,873E4BF570DD6A4CB0411F1771A4E8EDA29AB5772BB9AE1647CF3EDFB803B10AA88FD74B42B2270F0132C1671A2BE0DC6BCCAF9BBE3D1ED173CB8A935D4D230D,,BDBFC238F15D0FB5D16B2B4E527122CF5E115F77694371A4B29C4B7CCECFD1965C23B76B6D6ACEB5EA1DA220448C310E1764286A2DD04C4EFB57D525A25AA8AC,,EB912FED3787088D7524359DD54E0266EEC2340656A746FAEC25CC3D3BF532AFAD8D3166FE366CCDA19A40A068A04DF4748C948629B3B11C80E55F7D9AFCF7A8,,
1,Linkja Project,1631156D6CA9C9A15E4AAC8D8E5DD927440FF5471F1303F30DCC101880116F698BB7083AAD4172946548009E89A272233C80E1261F67F48F89DC1505666C8C5C,25F84C90EA143B714986DC4CC8A8EE940168C40C19A9EB54E9089E576B784347A47B3F538DFD106D9E890028416B0E27E5B49857BD30AA3CDD8C7ED08F95BEAD,420B95CDB9BE50F8723A3585596AB094A7B49A4B0A65B61B1E757BCF6ECC10CCD4FBFB159322F59959618A73F82C2FF0E808CA27456AE17B0F7A8B098DC2654D,D37A97800A6DA616231CC14795C0142C864CC2559B9C0B48BEB09F99DC691F1610874FF9A8DFA887B6D7A2FA7CBE9E08651DB9BF35BD32A2E18BC0BEFE20DC40,6064A09E8F8E1590D64D5F1B350C54B88A2024395BBE13C953149B4D157003F4A36920F9F3785E017D13DB4FC51DC7E1A105AD0FF6971E963BFD9233562DCAFF,7DD38803FD5899DE331131B46A0CC64FDAE259082D5762D4FEC2303B5AC04DDD4F5518021419917D2A0E81A0B3D963D1288CBB6A9738FB4EFAF1555D444A1D8A,99427317FB02288A8EA08574C948B2CCAAB944D30A5D3F6A88CC9C54333F607EB9706BFD87BB0BD48664D13C83FF3E9ED7CB5F74D7F3F4AF2A08EBB83E96A72A,8B0F517F654FD2E5373C5EA22AA4D53C3A40A3BA757BAD3B61165D08D129EAA501A2F9609F216B13E19EB9F67BB6BA4084007527E4605A56788B6AD2E6B70F20,D05B48B35693026FDC4F796029C73D9DDE43A858B12227526C139A1F92B826EBD0B239FE4A82008345DCE7691F7E4FBC2DB447774DC3EA0B017C2A77711473D1,49D76F472569F46D977E2A200415768B90097A4F45923F4E828334A3C52C4A365C0DA7CFFEAFF8302459BAA9D17F56207195C34D7B5225071791D140C1029268,04DB5E3C7FFA20CA1197BA7E8B2F67DFE87F64F3973BFAB001D24D1E8EE945E0A4F2C6BAEBB8A52B5FB8E20A19CC51D44D90C0B2DBB189E93AA9D8675539D51F
1,Linkja Project,7FD6E7FD3716979EE72BB7B7CCC83A44BC3019C2F7071526C6567C744B48A962C8AF277C427CEFCB73230CA9F84014F658602D4E1EF3E6BFB074818CCD974A58,,EB1B1EFD50D9FF6E39964280765C934DF19D0AAD20AC2AA2FAF634BB7151ED774C5AFE85ED570EEFA30E9E41F1237BF29EF197978274CEE27B552B0F75B343B3,,3FC15BE86AD4C44DE44A71945336177F83D77077DD8E3D289A881E2CFEE05CFDE77013483331D440BE5D1B910B30B2D51BB65980B4B6A688D83B7DECC2F33318,,2CE6DE0AAAFADCCF090407E6E3A2702A32BBC42A77E0E8E39E52F5A3115BAEDA6A4160D8039328B7CC3CC7BCC19202F5D5E913E2886A11B04D7CA6BEB8CF9D6C,,3D132335C458CF390C31CCF86596DD833B37F2383BB8EDBD1B0FF38923DBDA62CC03EDB2D9A7FD933E6E654A440C163B7F94630CF9FC6818C03E3B866A981278,,
1,Linkja Project,275DDC96112760FB4DAC6F0B5E003F01AC3421D97B462C8DE3389BE74008D8EFC0FA8B59B7F98C103648A50D14C11BB27CFE44AC8C7A6F2D34F6E8DA71940C12,,A3259C8BE4891FBC4BAB8748F537F08A57012D8352D96BE78DABDF2F6CCF7F5CA3610FF39CBF214DBECCFDF5B4A56313A0F8C12D0ECE2555A9B55F5C80B5A365,,1FB3808BC2A08E0A676C5D9821CD299EEB4F03C1EBA5B30B97F2B253FD03DBD338969081817EFC140A6628E994B9AEE52406A1EB10EE83C7CEFE75C0BF2A2D97,,112B5A011599A449B157FC6F188CC6EAA22C9F758FAB5534D4D50C40731D7069AF95E7BD4CE2078CD10272446182D43D1DF6352511F343652DA321A9A2B9AECD,,556F99CF6A6213E37F2645DCE24206CBABC2B2AAA75B289E77FBF671093733352906E89C567FC51F8229E7CFF14E9DC9DD748D20055607276192478422356207,,
1,Linkja Project,389652EA89977CADBE4B6D913B2CFEC7384D5911D22D4C59DB4ACDCAFA603840DFA6A7D0CDB9840A1859C85EF4F7E0AAAE182DFEACA4D4EE2804EE8389FA704C,CA745228057F7D0B4AFF84AF975290C9B45C3E00EC06A1A62C48D8C7A4318AD6791E99855871A21DF9E5ABAA745832D7E904A908D65A554D902CC07BC17F86E4,68AF38491BBDDC04DFF4C24F83C8FACBCFF00F281601568C451124C755629FC2479F079633E10AD0CFFCAA00FAF461A0111FB6738340004FC8009C13B163A4E0,DBAE76131C84ABD54B59659AB473500C3A40D2B4E9C7037597B8CA6936345342B641AB42A0A39865FD00B426D5D48C9B5EBF49DB0786C8BED448829DD14EE3E5,8B951874288877A047ED3A8DF82D7E2A5B08EF516EC18C511BDE63B033D6512A64566FFA1D6A3BF462C50038A0BBFEAA463812D046632500CC2C466D21CA2746,3753BB94C0C6FE558C9C800EF42AB2E39AD0E82651BEB5B3749403FAA3D1431EB4EEFA678E8CACD08B4AD929514CDAF20166ED678EFB82C021ADF61DB05BC07E,DBCC84665CD868736B86EDD3A7BACF7A5593B6E433E7246C4598FF3AD8602386DF8D0A5FDD477CD1026F077FABA8E712C51E4A140FF71E682A1FB8AA86B0BBAA,0A577D7EA6A43817E41303105499D1098DB8840E94BAB3C325385AB246BBFC950D1B604631870407DAD7399B48C3A3A068CA305D67A8CD3E3876B5FFEB8AE92E,741FC8A750818498396568936016C525B97A4D745A8589A3DC8B34C29FAA755D7FBAFADCE9FCCD21BC0DA6EE2B0EF8775D079A38AB8A9FFF4EE13DEEFEB20D57,994943060E77F4E569C90177BCE480F321470BF774E4EF3C91522F7FC54F012F89A0B4D1AFA75B6AE42B396429C09BD1B656F870457F4C147F0A97C831D8EDA4,37E680EDA0BC0F36481CCA6B70298482C233C5534DC857E5205F6A0EDF2F5A21FC073B62B3C9C09732A2FADAAC984532266D40722C2C11B95879B8B4A3B541E1
1,Linkja Project,8579FDFD8499D458505AF940F1D0213055F85EBAD964930F0B1C287166C35AB2FD9B45E2FE4555F329512A9792EE2A455DD92C85D35928E2790D9B6CD4E82F02,,036C48232F586A9B1EC2E4B8D945CAB4E930B034B177082B35ED73E2BA563AE5C30D5FA7FA74529B47A0091A56C75C995CEF949733A27674CB98001CB7ED746C,,4B410EB97B67BC6E937DAD80D6197B1435433E90266EA6BEA5C865B23A72B3B9F8DCCE04BBE5D72F54D43BD7384B50BB206B6B4B77512A35DA1772658A7B6E33,,312D4E93FCCB8C89AB0217021A56A5ADADBF1D6E25B5AB8BC700BE767F56F7E7F6F6364CBF60A17D0698CF5F2DCA65E19C54713B785AD068298E0198A0F76A05,,0FA2C7E605BA2F179B3D2753CB9D6107978F929872AECAB27B25F0BA868915079A201B8C7818B0BC8D002E0A1E7BE3941BC97330FBA8A78ABB4A94E1F931D724,,
1,Linkja Project,81560F79720B2018E80A6AA07AC96F88EFAE77DB554702E1AFB2E492ABDAE0A4E982F60236EBEF9226CD5B42F547D905837B20042EACC81A4C1A53CF1E673FD8,,C70C919FAF69FC9EA97D88F77E709C321EAED0D6052BCD932A5015B7C20501751D58C9C7593D0F9C82F5D42E5EAA3FCFEB69D3C48120C65B0A10B9063C61E8DB,,586BA38B4CA3FC63D0B5D5CE7B39568E80978EA9B6467D4A643AF75DBC134CE86802E4F37E1B7E2E49A89EB073B22D6798171F2AC9B28F3E6B9784356BE9205C,,4D8E272749450771D0E61C1A997AC65FD4801A63F1F7FBE80681D492CEC823E3484A5C705ACA0FAA91C972C14533E492867E647FC6FEC6AD75DE666790725A88,,E51A76D74874149BB454701E277FC0792CE783844167AF04EAA2E13ED19A8B40C0819102702A2B0B8C8DB9B606027503FD0AD27DFB3684AB7A26280928D26DAD,,
1,Linkja Project,12A8D1FED8E771A96C52E18C6219D5015447BBCDBF40A19EA8D032C8BD76DA36C287E697A97FB576480B570665168BA75A98E227ECD03730CAF7C2499D1136C8,8F3F24498629AA9A31DD9F35749E7B95563B0565110FB9A27DD3B6DDCF74E1F086208C7CC37BC4C2AEF453135A6C1BDA48825C8DB7A72832294CE2C297062D7B,4EEAE93DF2E172FE8ABE2F6A365DA816F03A1843402D6848F40AF586AB4C3F0D93106D83230D6163D47B18D4CA3B594647A9CB9F0F2E3943F9C47DA07734649C,52CEA2DEF7C0552CA4736BAF874F5126CAB468AE89CC7060720E132AE30EEFCD14A03DF565618AA9835CF4D6DC9F61760DE3FF1D20A2C2703BB72EA77E783473,B81DE3065C9EC5633E4281CDC7C6F55048BC26BE9BF990BDC418E330FDC5596DA025BB6D5B6A6CD641BAFE9B3EF4D2F0CFAB68288AB54001C92C2118ECD46B85,A3AE4830ED8E653BD536581207C9F7F5787A658A9FC198CE520BC2269ECA0763440F466A8ADCD8343FE77F7F582D8684AE1A7C1E079F3BF6BF06883996944F73,9F966ABEE9E44210380C4C94F608DABC2E01661037D3CF115DE53D7FFC2315FF16610A3655F0B43247545B94AFEA53D0739F7A9D2FAFE7D2CB239E1283CA342F,FDD0DE341464B7366CEF36A181E8A1C4F488B24748ECDA8B8F3BE69C8F1D7E52DB33F78AE79CC64E8066199B2481C94AA67D88EABD7B15837CE396FEAF60ABBA,11989967F4893209E5DD17A9B91B8BFBCD3CFA3CE9B4CDD9A126DB3B28F1CB94CACF51FB3BB8096BEC4E3401502D336F09D3FDACF8B75B24A5250A5F2C4FF3E6,F57CB7ADFB45507F05B7ADFE0FD906B281BEA647132C8021B00CD053759DB515138DA8217327D0D18A176CC4AD6F0A475C509B082B64922F8B4B1C816AF68D89,F19A25C630BD1D9EEB132536D2CBEBAF25A39858C98D5CDF48D55880DA2848D64AA6D2A9D88ED1BE596FE1DF11D7C641710683523BCF36260CCFD3A48406ED89
1,Linkja Project,FD1522D8C73A8ECA909D646C109E7057D29FB8CDDE0A10BDEA9000AE8B2DEB1CB5F9ABE4164D35475D1E6DC4AF5AD8971486460C773D86D1C1F86FB246239090,,C072CA2FADEF04D82533712096AA451F5BB04615110D4AC3FEE35D1D4E42B02671DD631899409133C05A15013D00AE482394522E8D40B14DAAD82DB1B2D89A9E,,BF5E56B52255960CB359ABEBD60951B80DB2B4D82EED0075B0F5EDE8E89D84654A8CCE12347E84D7178B7BFF8DC50F158A814689794D70B3D758CD7CC63761BC,,2A1BC5B5FA40286CC4078190D7D40C533B6B7EF10E0D9EBAB6266850C7FAA4A0FE6366A2130B920C71813F1E3F9A4A12D9F7703E99D231C1C9AAF69290477221,,F1216AA2C4B78811EE81F0399CDB9AC570C3E3620E39FA597862E17F4FB16040E217421030B2CC5072AC251061C81EC7EEF4786191E4CA6C8A2BA0581DC729C7,,
1,Linkja Project,CBB59A6EC90B0AE8C97114DC3B96AB38CAD94EE7934FBE3B1EDE88D3046426146AD2C815AE53FE7E5053258F4C0BE5DE9563D246C74757FADFE3172E8380C40D,5EBEE3C0693A57EFB95ED42A6FB6C3EA73805B4F8D40C484DECEC3A5F0D140FE7BC08233A7A849BBB472CB34AB5C45DEAD618B02B7F7A4056F9FDC65425FB057,8B2905CD4B3AA12BA694D5BF78A618FAAD457DAC9061C36E6C8DF7FF527DC64EC72F510C3F0A774DEF4D55963F5229104F788301015EAF258FF0DF799EAAFB6D,66568D60E0737777D136B16B166A77D75BD1D9B68A26D29700444C5E5D1D92F02C83014F28647D525DD8EC4A35C088A9559821E94F5E593F93531370E6B8D21A,A10BA956B8A0180A6058FFB74F4BCF4B7612BE4DD1DCFA427381EA7853837355C00F55731F8613FF696532B523AFD6A435D13A56B5407ACEBF2A4F4EB482AAD1,DEC8D1E32EA0B36B33BC697A5DE8A76C6FB8A3EF1E6F6243B1208750E6BD5A7A6B7D5B7BF4F33EC23A9ADA8733F40CFA4172B571813CA367E983E9D6BDEFC6D2,328E90B141D6D74703D722696522588A955E11F1FB36818AA27A97A4A7E179E8619E04093C5C906B6BAE35C197E3D6534EEFF4FCD0143C3B517CE2AF38E71668,47523F04B6BA7498D5C896AADA0DE865557D20C0A22E60891F73C09BF03C4C4AC533A74B6E44FDA79DA5FE75CC2A8ABFB91EE2B49A1578DDEE51E91D0010FE28,4A8F644044AA557C4948E9F28AFA2D855E4BE60403DDBEABA82B6CD84D483FEE87E6F28D50C136C93A9CBEB0DEDF86277F404496238987F30525DC367F38FBD2,DA8E7CA57E05F745679E4156BEDF0A70BC9D615836E671FF3C559DC8AF33F26FF7CCE7A0650ACE10F4965EE29AA1318266EB9C6B1BBD8432B4B77B99084C18BE,FC9A055600AF979C22257B23DD7332A8E1D425C3B079B47962A7D80304921B0419BDAB2720D46364DDE9E6B8C2F08237BC8127E6B125211010901CB7926A7D71
1,Linkja Project,AC69419D78A061A6F94DBAAD21560BDD8498399BA28C669A3192C045BE9BA4D8EB093108EDF01BCA9A89F6ED09EE35E2D547464F8C81E76FE002E30706812A12,A6A74965DB92910410D0A4FF6516C07513BD5B6B637F84D1D10F8D382A5BE225F87D6F0ECCAE8C239448B486C0089E8EF16BABDAF2B4A5329B80977BC93AEC37,B23C862010456C724D79FA699851252FD9F4A7D93F7243DA184EFED8B0DBDF31EEBA5647F2B672CBA20CE56E90DA6CCCFED6C26131CB19C39CF3003AFE821FF7,C3E67391E259986CE8B93B24B2E774918DE33AA1EAFE791B6BCF7B9F2BF78A4F0AA4F8A3BADE0B2568FA47664FD878F0D19590299BE4073FDB7F9BADB7AEEACE,E1C401A610BE8D4F9743E9F973D70EA2F5E649E6B4922F45CA351742F9BB2E9148C5C2786E53DA3D843EA864879D7DCF9BF1C67BD90FBD13E0E627139B77E292,D91F43927B4B4F8F3E3E9EECD8FE06FD191843491D728F6361EDA7C0DC6FAC84A4934C7B01230FD36FC5919B9BD91A7735D2187518CF8A3983E2EAEC537E7814,1D5A2756BE659AC46E45B320C6C759FB00E67EB8EAD036DF83D993760E6EFD245410584A344A4CFB3778F88733EE66DB0D45120880DA1F4422D20CAE8ECC03BF,24F117283AA26490E8322E6DE52D71779AF5CD4781C16C511071BB0361F6C5BF1230DFE065019A5740153C3D572B148F249C195B1284861E556D412D1F31A311,417740EE0EFE44A8DD7FAAAC65C8788B22B2044B9332BF4F13B1FC484FDEC6501C0A4171BF0A8156EA126F74337DE4E541424F3B150CA40996C092069F72F568,680A4530A22BF1011EB76B68F5FC13DCC2419357C47E9BB030C9B0C2D3DDA451F7F6FB3F510A8778F6B7F618E1D3DDBA3B39D15ED0EDED650BAFF8FAF3CD7627,DE2261DE02D1A25937414B0822647BB571A5C6A6C8B500241BFBC5C905C6856E7B65A6F8C9054D919E953FEB81F54C1D8CB2C6E05D1662C45F8AB704332532D9
1,Linkja Project,C760C085CCF9B7F432E0592E068FB290626EB18952A5958EBDE09D609C487730CF599FA4E1579698C39982057A66DAA6BA03F808D2C4CF7677958929D51803B1,,4029A32AC91D2111DF1247E06C7C42ED03BFF7E163803E4D5FCF73DD0B2CBF3F8D845EE912B24E25260ED7AD2F8ADCE7B0834F634DA7547A8EC428D5E016E02F,,540A919C1CEEC1F668AAC508F62445E301DDC205DC3EC31ED6047307DE585DFB20F435851D8D2B5C8E36EED450E671AE30BED82E020C69F535F08490467D1E8E,,B9AF39EABB204E25BB648A5D5F8152A5C51130575B55B2AC8ACAE7D62E7C2C114EA36AA0E69466292B32F00D86AAE378C9D8A1BA597194A098431229666218F3,,C9FBCC9EC8C184DE02EACC34F1F39F8E9C1FF69E66EDC248F5EB7F8680332BFE8F120FC776E4A21FBB1F856B0996A294D1F0EDF3D339CC310733FB209E414401,,
1,Linkja Project,F1F523D76A42023AD9BC4877A13400AEF0C8308BAB3FD53EF4D37C9E87438016A82FA70C224EB16582067C9EFC0B9037223D7E1938A1CAC813518CD241DAA724,,4F5636EBFFEE460F7565C889B4EB3A0DD5020838DDF4046E6A5B3BB20215C592E6010A5031E4A38863795B54F5E25FC9C4996A1B4DE3917053B8E5DE5F98B281,,C23AF5BB184EC444CAA4D81C5BA4D0DA50164D8567A6C03A10B95321B9B15C24E47B74A245A7B1F170DE3954B91EC0FAA0F83C06416F24A306AED92C7E16459B,,6A55674E8DD01328B15B4AA047F7745D8AEF175AD09A1026FC41FE4353AE77A75047FAEB1F182EE230ECD56ED9A379621F0373B8F3563C2A6FFC9C7600D6DC95,,661416505AE9863C50DE728D513F7055D388A0EA347152F5843E5CC2546B62CAADF7D039FB250545E9D30DF7B752E49101686CDDA03D4450D649DBD374CD3980,,
1,Linkja Project,9DADA87186697170709F286E29DABB6EC859285439FF99B5BD20C4C3EA3E70971070CEDF8E97DA6BE07C9C2D8D1CCF99A94479DCE6B8875CAAF69C359B250D09,,3D5EDC21199F8095539DE6724C4164EC3E83B1FD0FD972C3DFD7C40417F818B0917FE7095A061BBF6436E9F39A4182B19B8476B0F43C92190B86C84CA43CA3A6,,FF6129A5229610CA58C1C4FF29FD4F3C74969E0C57FBF8A64C4DABB357275E2F8FA72A00CB9839E4144EB8389171C5284F8E1E724D191C1F4413208496FD5B6F,,A0951EA45A1FE7D67CD4331347E97CFFED76EB91A8378EA6A43A52135FC9E27CA296638049BF1FA34EDF76C4D262130649D611C1F5ECD395EF460236E59D7F1B,,BE5971881E2FB44694F01E942FD393C38FE59F6CCFB9624A69A7F4038495A934830FA4211788B44BC59B03AD349423FB32C7F7B401B07D46D2AA6E516B82A6D5,,
1,Linkja Project,117335AF4AACFF62606B03455B5BB9AB485C42D3A59827ECBB79B713B0F0439F180559F16D6A37764604CBD2A07D7604A64F0B6E869EFA5D06A4E96826470435,,D981FC996388612B735A72185499F211B460AED28269D8B9BDEDA62F74EEE301D52A512185D9F6414D47C63941B873C9CBC86D550E3FE6E2C002C146B59FEF9E,,5AE3B9770DE5C672AE69A07FDEDD5E23170C7CAAC40BABADE671E995DB5540AC3566468307015E8D29FA1E478A048744117D6D238EB6211FB7B5F09426706745,,7D243D337926758D63588C4E981E7DE4D6839F26F50272AABF230DC63E3281AE2C22E92EF06B52C354E6330B4F65CA1EC07E617351B331A375D99462B8E3EA95,,BA01E731102FD9146225EDBBB92AE0E3CD709CF10BCA21B51EEA74DCA5858996708B450B01B484022DF8DC76FF0DDE887E1194BDAF1574A24B04B40C5B7EAAB6,,
1,Linkja Project,938277A1CC58061F89970AD1CE0BEBE923DC27628745221C468659EC162CB1A7AA36ACD15B74700D95BAF1F8415113AF17D7B7CD2D96EC73B55761B21A2D6C9A,,58453CA8B49D333EE2A11B87229563ABF7E9A994EB3C82F64B85438F87E380C1ABC7AC65F4802AA244D7CD5EEED77C849EA85AC02AA0261733029D5D5320732F,,B23BC88FAB4DD3522DE6D8BD0DC99883C9FE2C75A1D99B6C4D5F8716CCB335EACE28F5F4F14FA34F183C4510EBD06B7AEE8FD0E110D5CDAED0B07CB8316FB4F4,,FBFEB4DA0BD67DD515429F27A126245D484A48DF85D8D74A298EDA10D8D952A8ED942A2BC00ADF85A89D7E21B003BB1B715B6E51EE226F8161D4E6958438F0FA,,4896C4B8EDDBF063FD977BE67B5153DB9C50C401625CD59541B33C99C0C24403F881D2BA993A4C9EDE3842CDAEA1710A99D89B8E353A07C6F4E48BE28A40CE09,,
1,Linkja Project,1786298141D2C158DAE4FA8DDF243C349DEDBC665D9250FD0E58E13A66A88668462EC172EB8535ADD324BEB6FDF240382C9B771A25F2B14D68785D72BC264529,,E69CFBCE53E103955E1ED4EB89109339210DBCDD6A19A4307B7195AB1DD31F9464B584653B409F3DE0D34091791BFFC5066FD66A8C10B681174B1F3C05AC6889,,09B861994DC87E054AFEC489AF784355E198649104269574A193C62647DD0CDC1E0E06E75377B92BAEDF29E64D41776E048E10FD2B6F1473573D22AF3A6094A9,,E32705B057E292B1FE7D819EB64821CA53F701FB55B53B335F81D08A6B01C5BDD607888FE6F67FC212A5587A2DCD0C448BB5547F4F0465CC1D596CD6EC3214E8,,379B63B15AB728C91F0076754D52E892AE25DC120542E3BE7A152235902D5D185AEAD594DE8293B1C89F3637472CB697615AE192470DC1338394ECB37DB3F939,,
1,Linkja Project,7DD1C712E1E93075C3CF9D7CF632D910D3B3C5772C910613544E99805C34CF96174C5F8B2DBDF6B88B860365F4885D48BB6914D2E5CD1E396AC4FE7CFBE29B32,,F6C47C8EA63FD8349854816DFC40F30685B0639BCE1D4514F3227F48A2A60675A485F5888CAFECDEDBF9FAE0743FA6CC0FC895FFC95C380597F5593FFDAD6EFD,,AAF3A33B7A6225A4324536FC34EB0993A436C6E12A925F0A384290CFC8C7011BE1B3F13AA106C903014A0DE2E3BFC31D7D0D2DE66252DF48D3B9E671ACEB9BFA,,68A9A8E4F6DDDD133DEF2244974E3024A4F6E793705280515553EB196167740A786E3F6AF8681D237C0A72422F2F3D66E3002F7A32638D564F0F8D6FD4C3B268,,1754A1A2F7D1B46D0ADEADEC9C8527BCE7FA2FB29DEB8C95A1280FC4C2A697D5875B51D94B71CD3D7CC2526E0FDCC7FF8DC1217D9999221687CB4C394660FB49,,
1,Linkja Project,B7AFC88443B65F9D7FCFF4C928FD79E6A0DD10D14AC5F1E42C17F48F3CED4F34D9BF334B05C3C7052CA434671CF55EB49667DE03F81D3BE53DA14FF5C130C1A6,,C7B4D750E7DF8AF292E9A80401E50584B8D51700E974CCB704A0D0762761E5FC595062DD9A3402F243B2BEFE968BE4F698EDBFEC9CF3895617A14646F5725AB4,,C6896D32E6C3AE9DA17D620E4D1D2C01DFC5A80B8668E4C83DC93AED6F9F97CDFB38D71C030FF4BE279025BD19B67BE37BA1E72DD55EC30E49BF8AEDA03E6F6F,,28753FAA81EB97672BB0F60B666119C36027D236816BAD33901FE447F441A8B1984E189D1554D4D290EFA399F28735E26C06126486773260B3DCC51BDD0CD238,,E00AF93DE9CF712690925FE62F60ADCE38DDEF596722B5CB5435AAC9F576BFB4B0E5196887C586AC0912E8AE6A350E4FA863E19CECB98406161CB344AE5EF375,,
1,Linkja Project,ECEAF326173DC8DCA5B9DB6CA03151927A80A91ABC0FA9A192CBBD641CF3D7A08393CD111A1E45BBEBDBCC8DF37799BD664EFB5341D84962C41EB07B2542F8FD,,826E822A806CAA79F576BB940293CD11A416594FC6F5C272FBAB7771A15B31D28877191784D5C19E6D35118F39C30BB8E71505B429E23378B000E93935EA33ED,,FFA51E80BD5ED4E655AB4785E1F35C7DC09E55F49979A7AA926A45D13619BCC608ECFF41663CA468567E684DFE7CF2A415DC2CB97673212056D9AE91C752239D,,54E3B7FAE3E6171453D86ED90CD4DA896820C334D474DDA3325E3489D78597D0DA4C046A81BEA48E10A3405F9CD021588AF55828D18442AB55EDFAC622DC8E3C,,F1D86BE29DE9565686F8EB7084EBD3BF709A3F4535222A59763A1503F894576FC854AE1C1E6B22A49F79E3CDE76C275AFE3DCF380E4BBE090282E6DA3B0384E3,,
1,Linkja Project,DE67FAC02DE7972E329BB7F9AE556F7E7B7E26FDD5CE04F93C1293207955D62F2A29E41AA55D863299261BA76D362D08C70531522AD85C400B87A97F9C4430C7,,FC222AFABB197732CD555FFEB85BB0F5BB69FD183C175B35A78E257A1D5EA7393A728FF362DBA96743C7A14B06A1425D599C503C140F5B0BF57D5ABFFABFC694,,6C60A845552E38F0563653B76D8673E6CE5C5D99CE530AAB0A72C954429780F2757DF4F18BFF872CF6D7C95EDC2C4207F4646A2C2CB38B97532AE1BB5F38A69A,,CF907F98620D779E2141C9B358E7F08478CC1C81114B79FAE44BFC963DB725BEBAE0A5CB9DEFBC65C310349E8E7CAF797C73626B40655D67700DFE12DE999904,,CF3D0B50A035B9F5A83BC37265ADB05FD135023D76D2C770494AEE3CBB0F33A4E88FA55CD689880F7F9585C3E7885D7F22CE3D96E3792D479D2F40B33173532A,,
1,Linkja Project,BC9A9A0910709036D4C684AFDD1398853344FACB65C7A8276233818F07FE1C5BCFDA335D82EDBEB3D051D276624A6E75EEC028B53F31FF1E1E2943CAFA5DFC92,53026D16190AC9968DA5186EB5E195ED7FF0A5CA84E66ED9A425289E4C034C99AD0478DAF3C6B0321C030480ADC904E73FE859F9D628C47FAFDA8B93D4A213EE,371A613A8913F916C135FE56EBCDCA48C8BFC6C7335E0612ED24B2096799ABEC03A15FB98415920B48EB3C190A12771DFCC5816322F50C8C8ABE96A944EB83C1,589CFA939775FF7428C38CB8CC0054EC4EF63953FC477B57BD52E3C4691F8E73CA624F64E26774405F8B8DEA843E162B8141C5629479DD98297FA51C1D301865,2019BE61EDDA838B27000FA62A88AD337617F73C52833439AD08F1A364FAC2EA88E64CF156A4583828FABC9DA4EAD12FDEE8307C84A5081EBB4B2BBEC2D1F068,DB6F8AA08B140CC287172D744AF6730604879C6A320D2C1E2493C8DED60BE05705BDDF0839B227DE2848223348B9ACDF48203F22EB42B75740289C86BD7D5840,D6100DF0C1EA6542213D75E1FF9B834B1F6C0FDAD166048F3C466587A43A37BD05317069C25F879CF877FC763402EFBF10FB11EE7C44767BFA8178DBD8F758EC,FF4B6321A8F713CFFB4AE0F07B403D15C0E20AD15B51C69691F68B2DA53E6103DA0A4EB9F676565FB06324E0DD0C287D642704B3F16970BD605FB090B83E923E,327ED72ED7BBB49FB5F51C0D017D49C0AA704A3F5E974726BD569D22A6DE1C23243DC564A9325021575F003DE3BB86BD0038AACEA3F9D2C37B63CDACD450BBC2,42F35C9794E7B3F4E4CD88BB0FD711B18A45EE5CFB18CC83235493A1EE1AF69ED1E5B5232702AE349064DF9107E1F7E83D721DB989219C6024E98391933C9741,0C4E42165327E35555E4C036BA3114455C5A29E736EFB24A67E9487FD0F0F48E9F62FBC41E4BA6743EBD94A0D922529D0AD9E62CE80AC3900A4ED33337E58075
1,Linkja Project,13614A920897AEB54AA4ACEEBBCEDD10014892A3257A7E5D02FF4342D02E67D2BFBB71995A72B2C1B9AB2A3140E291345AD3CA005EBF9AC0A9DD5304ADE51A54,52516C3B1D24D6DF253B7B2849EB3123DB26E82AD36D30C6CE1BBBADEB966069604F60F76985909E568D203251C2A177E221B783FDF06887F83305FDD4A8A233,3351390866E88F2B863F924A25A306CE2F10B609DDFACA0643A5F226E1AA3F2C268B2FDB112F7414423D379C18F093DCE7BC1BE05C091399557EF9B8A8247F0D,CA7583319F311ABF86167E4BE165A1270592F5F391A87ED728868AFF72724DD56B7F50D90481DD6FCB9FEF15F40785142BFAAC47A7EC831F5FE698777E0F2835,7EB827DCB3C2D3158677265E5BA5AF23BC3947B456B151C2EDA5BBD9F6772E52FFF9841A4A38C5376C06249EB745C763466F81D53B959B9E183EC48B9D8E4414,48A0BB9C0D3A31253DC982B4E4BB847681CFC933FAA1ACA7D69C98BADF4A73E9863F260AD7375128148A81B9A305DFB1882924E2150075D33A379CE0FB7D7AE6,572BBE55EB0583C089843AFD373F3F3F0FCC1A33B49ABCFFF031A915FF4645ED36636BC41C62CDC905A0985ABF5B90E1F9640C4FA86021B35E1765D0D8415E64,843999CD327E6D8FB0D71BB2B8F91C3044A3A308D7BFB0A7A78BF51E43C78BDECAB436C7D57D67A698EFD2D054256F79C353447771F21565D844C23B9E875370,FFBA8E6B40BFFC48C8E3484670811A62C11E772917449A9685026A2A1EE840F86FC17CD8786DFE8D606007B785F6324F87A91D7560342FDE85DBDA30800499A4,220BD806A085CA6FB62354975084C2B990924B6C08F539E33BA186589D080A505D856F81E8071141ED48D73D5E252FAB191B71F8C321D3E7C87BDD1DB0E02134,212E9E71E62D0EE15E13F429F492200F7C88C17D195E0E3E3BCEF82D1D891DA2617916B9F06AB706456A74E0B57ABDE8918C6D439688624CAA4C0F05153717EB
1,Linkja Project,3039946369FDFBB3AB184BA3D2484684A10F0B150D370E73C84A595238D6E83DC4B501052106B7A62F0133444BF4D35324E87AFDD25E44AFC70DA75B6105702B,2259EC2AD256A2668B6D3DD98D34C9D834D73E849D5F8A986E2E7639AB707151356F565E2411B9A52F6F2DFCA4FA659EF45745CC26FDAA2A34EAB01A0F6F4DC0,AE553A08AA9B283B3E5CAF422EF3EC3ABF15EBC74F8AC6A65C37F94D6772FDF207AA46C6381E7C7CF3EDF6EC56E31069637FA851E98DC4668E61F55A5767EB44,94F6AB4C3C19B494F3D114AC45FD568E727995BFF827F6A41C67188F7E721B6FF255AD4FBAC91FE1BB6BB7EDA094DD75FC15BE26B2F9D913316FABD348A85FD9,970C4400579C066D4410E028E5C0A98626E546BCBFE0BB666B603BE80892FBCCFAA5A687220C1E33D518CC43A14CD98D13B15380EBA8A40C70A0E1176D9FA573,1556EA40EC6B3E0CDEB8CA1A3D82C792B7B4395FC9DB2D7BB212AE75BC000B1406DBF5835C6EB35CFAD25B1698EACBEFE71728F1DE0373FA8C3252DFD5FF409D,255472CCDD73B8EDF7858AE696F18EA47D7299ED95D39871E1E29DC6FC74B0171BF02AF8CAD90525F01746A0636A61406A75B96185377AA7502BB349E870CBCB,7C916516C882DC90FA0CD107CB2976ECE62BD99F9F5DC24D4A8C718EC7DA668F3DD99F143F5D1987C978028D0F274EB76CF37E392FC9E84921516922C2E49505,4DE0E16D4B9CAC8D91C99D9DEBC64F6AD3549E1FE45BB83FB016B0BFA0AFCF2727C36ED0BDD8807408F0C7A68DC999EA02CF3E2F85F3AE956E9F36A73BF9B8B8,B1D954D4A3C232969F32A18AC3C4309B16B65EDB01EBB0B2735EAA23DA6C4C74D9583EEB966F82D2148BC871FB7A3FCDB98C738CBE6E338156B4913EF200638D,47694043B54694F7095D649867E3CADFBB4C87E56D50A50F4DF54113461DB7BB483974B859EA983E63A2A85791F13D7BFE3423BD96A6B716ACDD0A2E4E225FC8
1,Linkja Project,A98B06AD0E686060E12EC85218B5124196F3C8621C5D216DA0FE2B20A9FA424113B5983EE80A53E4EB9F05750657A581E015C93AFEB5C121DDC87AF07E2FF9EE,823014D0041C5B68E25CCA2A040B6CFBAD48665AED59424B482D11220F9DF57868D30A53889A69273F63111ACE7881C2D0E711EAE91E0E16ABE278ABBD90ED17,4D9C7715EC6BEDEDB9F375809252D48304C7019397D0EDB9C5415814647BDC9072F7853E821817A125A4C4CA5DE7DE11382784FBCD40A4F93BDFD8A6E0A60198,4E9B01CA9E2EF13D5F4D12BF070A6EBA8F4A5DFF000220505312609D1229D109470EB43F499269DA5E556A6B990C3FAE17F8783EBDB406FD2254314EB464B89F,5EABAD21029990DF5B928BCD56AE2FAFBE370021B8F354AF2786C3ADC1C72154C48809D2B166B08B3E8AE41780E4562C11190C97D0E43C423C1FF0A565C27618,99E87419B3D22EFAD062EA56DADE605584E10C6AE31BCFF703E9556A27202243BEA3336108F25FC56945EA5FA72722F879261C45E38239A5F8B0091659223804,B9CB2C72D07C94240FF7BDA575AD5189708F16854AB4A4D7AA0F7C1C4B77B8022B8B8EB93A35364B6CA4E59A9BE7F999F804744CB6993B084BA5F705CD9ECD65,E2911E73C7928170AA220BD0A4B0BCA60EA8215CC33DA1AFAA7D40B0BA35620AFA9A928EA6893CD5C1B45C8FEFD2439745431FF987DA7F6D600CAFA7E109CE1D,9BC5D7E94F32A3A3906FE6E272B0A5918040AF565218614D313B75CB4426270ABA6BA721A358B184CFC4551D66D182C75C6E3125FDDDBDFE89171EBC7812E186,7EE491CEE0451A6E35A59E0B5A57B6122762822807094B18879BA6B322640289F6701E0D626F69375B9399F408BDB21B346B77ECF35CFACE4A5C37C67DBED06D,28C2AEFC0B27EAD751110954A22D97E54ADDB605CDDE9DCBDF6223F16BAB2235C605D22A80ED40D222C204DDB56A20D0524E118CE4472153BDD581F57DE7B06F
1,Linkja Project,B71632A3FF74599FE2386DB7CD7BD18498EF72E9945C4A2CF8A7415BD0E9A6E149D1FC382E452ECC07AF94564731212E65525AC1D408887331CBDB68BBB02A89,,CD80FFEF4875CC7E7F0B70733E2B3818D2E0D07AEECE685A2EBA08C818B3E7696597AF022A84B2AA8978CCBFE4E80CC1496DC6448249D45C56690057D94F8CEE,,0A692892DC92F17C427DFC4862E0D11A0BBEDF81FC1F3EECA4FFE355ABB0294D215B2E163A079703F6401881370E552B2DFFA65AE6AF5E9330A361FEB2C9D248,,17A3F89A436C0DFF388A068DBA34317F7CA989EB94635F8CB0DF6B9D77DD5105C3E5E9B086D28246CF8EB3183CBF2776F43F3C7FAF3100EEBF6D7A3754E70EF9,,53C848087CD1208F3EBF1B06E5917CC002D81FE0C2521E82CB9D9B67C6CC14F3A345211825F5AC884F1E8CE36C92344395DC76E32655C71E8616A650F3632A78,,
1,Linkja Project,CB7DA7B2FF15705B63731F5A16FB15DE7A0A6E3DF28AB02C41F91539AE787119D5B95E847D388D3E3B3A4B5D26B440DB2F2F7B982EEE8735B0862CFC280DA997,,6A12B3C95ED530DCAB5AD8FF15D61EA0E903B66C4447BB58821E1AC2EAA98987E2E76114D80759980E4940A0FF587CE1EF1BF628FF51654ECC573DBD55216C47,,FDB6C48677249246862EBED068A07509B3C4D02503A1C427DE0FD3B2FCAAEFE162AC4CE9E6260C61C3E3D9BBEA038201F3EB0C19C11BEEAB70E4C1DC50072BCD,,1013D7883636828B30DB24853094D8FE26CA677985C93EE9AC8DEACA52A25367EEF4FC5D29E5481267C374CDCF685C5E290687AFB8EC36C9272106F6807A6BDB,,18B62408D2B84FE06C72FA2620667FA40B0049F547CF3BB26922515B5568CF7D5CF435758497925909E4FB18439090F8B284D891042227ED7FFD1F23BB1494DB,,
1,Linkja Project,221D6099156D0CED1658BC283B98D328D4C5F6F9CD6C54F2B97A67F394835E26E1008F055AC685DE89A44AECE1BF5C1D0C8732D09790C757FC21BA0B72F48843,96347B7AA7F689CA4861FA434EFAB0CC09026A0692182C75EE5FEFE8C69B5D673AF9D8FFFAECC4158DCA43D8BD35847159AA635B5E7860801015EA7F448A38C0,579968D5EAAC5A2373B846332BDAC4AD6FACD95C06FDB38D716B21782EF18BD025C7B3F249BEFFE2100DFA37F1A9E8E8D312BC19EFB6AA2A72A396882335DC83,387F7268F34B7AFAAAB77F9F4119C4A7178F7CBEBAFC391A4B16B38C9FD4B4F7DA4272FA22C3D462D986D28C561E6AACA4E7FD749736D7F09018A3792F90C7AB,7B8CB93A8E3680584CA35DA054785BD438F7CBB88FB046343D4DD9D433EEF1F92724097F21F7B9EAA8EA31B0B58565CFF8A622110B02AB8ED7F2397DB155355F,2CC9EE39921267D11C3CA0917BC707BAB6D68E975BB7D821D5942082506FC7E0906E8F7182E756F784715B17FB15A0B7208B82B97A5DAE750B2873B7FEEB5291,3B1F01D02A957D81098241E6B4D941DBE156A26244690DB7D9297E80B725A78165D0A4FD6DBFBCD03AD61535A087B17FACFD62402B61EA297FE18D442348528C,79D95F41D4DBC465FD2755CAC1A432F1510ABE2F54A9F60EA637F5A774A06A3F1EE07445A57561EAAB304CDCE8900D66DDF513B92CA25954052F60FC3C0B3A0C,229D63788EAF26E5AB2E907ADAEE4AAF39E3A4C0B33B6D8F016491CD28A85036DF19E46EBE6F8F7551FC61FD6395B8683F990EE2DE306AA71EA14DBC1CF8F7BF,75321F12268B6EE513E7C0BC604DD6116A9CD0726B9D28D248B9C84F1FC18CB207E83BB59A70FF225F0C0D232C0E81CBA3A6F8238752A22C274ED4BDA1309E41,D89D2D24F09E615300E151DDB96019E0C55E42A1D706B9F4ACFCDCD1BDCD9A9E7E961F0AB5034E194A45AE0E0B1E12DF47EFD1FD2312EF7DB7DD836D96CCBA2E
1,Linkja Project,96F5A7FB8E6B876FC5A922F6F6D30A5BB14AA499755A1F45857A7A7F4C4BEB128EA9492312E4DA41C7A235ECECD86D597E4F9E35700F2561CA24256DDEC42CB1,,684033D5C0078DBEDD85C4344A9081B3852FA2359D52B00FA4BC7B705984D7D021C830F92CF211B8F1BA8B6439B16DFEB31D0A56380BA925B2BD667135483A11,,7BEE23517B73E10FDD1500BC2AA9922EF02ED09C1E570F67EC00815B0C2859C127828E165FC20BE325F723899C634377145BA37E3F5D24D03816D582B718C024,,4BC10876FDB51652913B83537E75AB47CA6D9288C01170D4B359625D39420FDF70B1340C22FEF686FC80B48605E59B9445220039F1155A92EB2255DC7017B18D,,45B6760ACAD5C59D4B6C4C8D41F63497AD2D8213EF4C102722FCE1803EF62F11DCB95B39ED3F52B5B21DDF95D8423B88E9BAF2D55BDC48EF7414E9F387A7F3B5,,
1,Linkja Project,365C059B3A2ECB16F1B1264F2A664BC585996B9D2D74F1E2B68FC95F0B891A2CFB236797CBE749BBEC110D49658BE998CE9F5E4C518C2E0BA4629A59D66316BA,,03ACA514EA33B653236ECEE59FA47828D19BAB391DF5EAC2DDF8390880D1BBA788608CE2A9AAE90CD332582DDC21003B167055246DB50AFF6932506BD4D1B98C,,55020940101B66D530F78765E17613947E149E47EB1996585074BAE2E7113709A2C97344DBD3BA0A3DB4139FB2D76761589162FDBEE460369EB4720C82292C46,,A9343B7ED561974E189FB26DB3B0FDF829FD3518119234CA008BBB6DBE831543B2719839269A952588C9816F3D7E0485A331AD22AF7FAA8E0080B2DD77562259,,5B88CD897250DD069988F924806E62630BBE3DAEA3108BFAE75E3330096CCD25EE2DF6FB046A4AC2807E3D0E86BCDE3027E103D461DAC2814B22BE9300A833B8,,
1,Linkja Project,ACA3BD03AF672D44179DAC51A5E8A3E4361E109E6BF92F6EBB2B27E3654300732462EF6837AA59C71889F5490CDA9A49EB1F92BFCA234CB2D7B3FB6AFC22C246,,2EC402425FD194EA996C91C3A5004237E2BD7B7B7EE797CFC12D6C38404129B17C9277BF932D0EE6E166AF12CA666AF867F7BE029AB9AAC859ABE809098F24A3,,08B3F1A65B231271F38169CFA579996AEAE63DD0053135B7FE8ACC4BF5B3C6F6740454141A6FF42C1FB8A09242B7ACBA8B5A72C7563B98C22EB476BF011DF383,,D411F64A562B34FAE160EB05D4AB1D58ABD55FD05C4149822E54A7D863D435C58BDAB9727330184285F5C4BF61B05500339AC53B24B0BCF4968333D926DF67D8,,DF1AE327C0E68D07F809E07E1020D29AFF37BC921950AF96A3D99633CC95FD2CF28D0471BC0FDFF7D215F53D272FCDBBD7C7AE1FB44EEAB5D30ABC1FBE0549FE,,
1,Linkja Project,8CF372167D575E02C29E170FC5CB54D9CD57056FC5411688DF8FB361C63F80FB3A5EB662C6D58B48D9EBEC8E8A49CE25B8B951F5F5006573B7DAC9EF9443FA16,,C6AB62F22055BC3E510DCAACBE618A5AB6432F764808F61DBDF4DB36FEF3FC890F91FD44C1A583357D3BD8FA27CC5828741C25EEA22F0B25EFAEF379ED990712,,DFCFFBCA3E4D79A3D9639271D65A7C29A93ED5F778BDE823DDE0B4FACE516FA4CA5CED78C0F9F57402638FFA17428F62ED3E65B60343FC26447C1C0D39176B14,,0D6753612B5CA8E230B6943CC68FC37427143848A562C766A86F0883207604FB729AC98BFB50617D191D509DAEC9300E57143B8C760CA4596FDE9D016E3F2A2D,,FC38309E07526065595304E35B12540194724398E14AF2DA5FB71223187C5A734A855EFBC5DC83511FB44690DFF73BBFCC321EAA1C434AF5C4AC232238BF7B5E,,
1,Linkja Project,B7E622ACC7F6304D92A5D5B03C9A1E644060E036DE03FB7E5C87B1CF34B5453EA0E73BBB457A60BB457B4158BDE6ADE8899EFB436148B4F313E0531B6F2FAACF,,91385E20106732E56AB38F2C38A73F3BDA55BA084CF2320AB6F59CD1AC8699A33200935F9570D5511512391F374B71FCB2981563387A18DD5427607DC43C5074,,16E139B503C580AEDA4838BE8AFE8A0C1883481E2EBD0E9B6001F6AE9260EC17D5DBFC79333C3EFF88E80F3001B539737138A37E28244F2D890C9C07D0C7C629,,BCBF5C4AA37B0A2EDC0CDDA30CCCE435DCE0FB6996244AB7EC24147E0335DA87C29A24AD859A26F4A2D8C07E91B489C6BBE5BE6A16335F72BC1AC6D6E4F23068,,AFF162904F8B463B55DADC34495A1E9D7E92E8EBA637AFC25C50BD021FE21CC7A8F4AF59B2C6B460C0270905562084051F24AED9B56D4E867C5B6DE82F871AAE,,
1,Linkja Project,9E5644AEBAA0AC943CB227BB03FA0A7B7C5D2AFB24491C33C04939389F806DD37F7F478394ACFF639A3B95C2A2569DF5DEB4FCF49557D835B71A9EE291A5D9BF,,CAC0BCB81C4BBA4E66DFBDCDBE6EC844A18F07F29A1AD98A535522DAD207004E68CFAF1B49DE387B45F16402774D7B45561AF5773D4EBD4C25B57A25B9D83828,,7825F6209DE9291F8D06244218B3A87F7570C35D57CA7475354B890029C17B2749F3E793038280D03D24E63CBC1D466506762ED0FF31F6A9C6F6EFC56BF56CA8,,A129122D5AC1774AC189B7FEC848E0269CE44F2FA2EFCA6BDAC8587581D879E5D8F476551CAF7C63F12D5859D925FDF09F184FD81FAC96FD0628DF6C684583F1,,0BDFFD664B44EF9C94ACEA09DC5DE769DD562B4EE958914EBBBBEF59D753C39ED59AE8E66EDE4AD5A350B21340DC53536332DF7067F8850440A8CB24B0A7ADF0,,
1,Linkja Project,B09B77B8307AA005A4DF9BDE00406143F78F3710EAE6553113466216C83805E10217111AB6A1B424B4B40BC852C264B008DC529C3077C98C135C9512B7B4844C,,4C821A15542C6771A88F99D14D20B9705BBDC1BB73F4FAE26875F700A3DE6AF04521D768FF7B80C696D42F42A20350471DAEE45171B69D7BEE68C131889B913A,,219F96978550935E6AA78E6393BE1C69B6AFE25AAD3595A87771FD2CB74BA349B0DFBC10B60DF1EA5119F5AAF496E75DDBC66F010865F10F6692E2D6AEEFE291,,27A9B03190CD7A683C922F61024A369FCBFD918DFFE5BDF59956A140CF665FDE9811D5A595F694486D84B1DCDD6C413C1A78A3C5E481BD31A09FA3473700E0C5,,A830DFD62D04F1A2B3FC0A5E98717468ECED3E7272BFC35E683B6BDC4626B52CDE3326D8E6CB13BEE148936C4559E721307DE3D4A54F4DF95030DAFA56C85942,,
1,Linkja Project,6CFC45E8025C9D15B52BD76A0AA7F24ABB4993E50125A1E5F74CE77695BEC2135319DB6A0AAE65503FAA1B745AAF145EAF4AEE3BB87C68D4224BD8B818756575,,54D0456D0AD076493933B2958B0E75899F73A31C8A265E1FD3A24E4B6787DADD60526F48459BA5FE5110B8BF4213237BBD566FFB915EE9EEA183FFBF69D0084A,,CC911E05B0B08FB6B95DCD049B0D0D5982F1DF58BAC0F314AF945FE5A08C2EB47612A316F10A0CD7F79869C8A5A394A3E77590B170D911F9E6F9F54B21A7B87B,,E39E0C207C53223828B457F25C39509BB2FFF3EBE0C48603130906173D8CE569E621A8E871F2C925E0145E6E0A0F9BDE2969BC12B6CF700F8C01F3431D1D74E0,,3368F30AB3E41FC669FA4202E9321057136DE8DA2A41A052925367A7C26379D7314B64E5B1009C9F4AEB97D65469345D0C40AC133BDC4891BC60CF7585084DDD,,
1,Linkja Project,FC3D7142072F2B18D50D1CC5EB7F63C2A56FBD020E8A33D1EF63367662CE98F0B30730ADF6E342E1E50916F6FB6C462DA4C4316819909146462234B7D5C0B294,90DC4B45494DABB0E7F445D58A99DEA9FEE2E723E4E6352E04DF01BD6EAF09BB7E45C698192F98302B0B6D308EA7C140B2AB992FD7B6A80ED8B742DC8CE83BA1,737C69A34E01A017CD095831C142220B991BC912C6E890DA881573CC6F67BE628136A8F37CDFC6916A6A2F3FFC6C7815D43FA860FE74B0321E592E1A53C0CACF,CDC762834D428A5B4425CEDA0DA05F7A94C799D23FC7AEE3DD08E04DD6E5ED9934A9803064FFFE6F3D023DD8BB0DD4A8C790978569CDDB88C7F6825653D7EF27,31E98E9E88C3C3A7FD16B17E8945ADF6634BFBD8F58B7FDB296281158BDD80589ADBCE0B96A77A984ED7F5617BA107F66429FD7BC180846700F0096199E9ABA9,3253010BF8380A6974879676A89D1ED1B7CD58EFC6450BE0F707627D82E5BCA244F51283338E611E3D7475579E6115E6E81F6F68CCE55B3CC2B967F98EB43085,BC9A390076208CE490A5D57B7612C6A58289D96A01D237B53BF8B2A54202089634299CC54261A605EC43C02E96FB347B0F5C8D428443715A42B6396E5F41A5D2,151185D057C04A700A790EB625BB4272031849D8030EF0EAE3AF2D96210404F5BCDFEFD8948DE659A0C781CA0EE077A6C8EB9602291DB6AF2F002F5C7C1031AD,EA65C672AAD62D40DD312FA3E1E885D4827FABAFA79055DEDF84C3C80BD2C15763DE957372FAAFDD59EEAB88C1B29DB3C2A0A2938443A15D4AA43E08B91EA4DC,5B46CE7FA672F6C8B18F89216C40E0B62B33290EE89839EC02189881CEA8B5A761D380AFDB14EC6068A4BF8F82242559F8A4E007BD17A355FF0AA7868FE47258,7D04A67B0CC7D147D161413E8D05D667B4FA58987830B70768B2F455D51F66C7647B5415ECCAAD918360FDCF761E8847422CCEF5992D71BBB0866B6EAA458D2C
1,Linkja Project,A7D4D3192B9E0C80403EE26650C1440A4112AA133CF6C454F28B1398F6A8FDA674482C89A087AE8CCA1E3401F5488B7FBD6CF9402FAA18BA12F28D656CA4F24D,3A145859623E09973383D18ED229E79D80FDB9D94573CFF8E8DAD4819EF7DD0BE52AD58D93C35B95A8DA883B4D65C1C90BE03193AFAB804DE1AF7F667E31DBFF,61C15E61D163FFF783EDF5996FC9A331281E6E096682A65BFD4EFD7D47463BEB82E235711CD7A1061C2E6D0ADDC06BCD2D360C68E7423DA3AE4495E1FC877BB7,7D61A6CE73AE9124D16363AC62EA1D7FDD83177C261ED30828BBB322B177A1C73DDEF09473948CE3B52128E47D610C0DD49DB2BC36074554B5F163957237A9EE,ED8867CD436C26C24F32BFE9F1F8AF5387A39C63F2482B2133E9FFFE4EBA703EDA9D0A9B97A48A0ADF9E247B51E2ACBDA609534546DE5F66D40CCB8AABE405B9,DB35AE8944D75FDBEF12AD462104E55594CA8578EE90C34BF596EF843E2F4718C3A3ECDDD9291D180BCB0565DAAFCCF55A1BAB0791C69F920C1150ABADC6FFA4,605D7BF4921BC781CF1DA176B976060B8C7DB305F339DFAE5B45BD988A6DF061ED25569A01D9FD1BB6C7983773B787021AD664746DE49904C9B72FC2169E6530,53FD2436131669DB30728F20647B29A90B6FB83DA3D76D69A491F064B52982B32A1A400F664F780005272DD280796A606D3BDE4BC036EADB60E311DE015EDAD4,493075739EBA655358B48EE09046E23CBBA516A355B8DA10E2A19D1685697D9BBD1750557B2D7E9A2FA2F20F75EBA10AC7EB0B0B9957D3BD9A84CE263782E867,E27DEC7032188A4D7F3CA7D82EE518BC10012845C47FA7A041116CAE4B54568FEF16CA6E5E3FA72F8C4102352C3FC1D5544E922A518B1BC54EEB392D1E903CC6,F3611EDA848AC343BA948D62DDDB75E1AE3FC4CCC65CB45E54F75233A0CDA251D7661DBBD3D324E10A0050125BEF51EAE2887DE94AA4141E930F7DEBCA5EB2AD
1,Linkja Project,C5AD3E48C18E299112DD2DD2E9DC55F6410C9BD18D4D54A3A3A21FCD4D93B99BAF08A7FF28FCA9480A86DF8B8EDF61B1FD94022A933F7FFF9E944EC90586A7CB,892C80BFCFE722D642693249F221F0C10D5C0BECA4E22A7AF015859429ACE02C96A5E01A151CEDD4882437D58EE2F7FEE014A8B3A1216CC2455323169DC64126,B18EDD5607FF055A18665AA0FEC5BC83350F23EDB1A3E65CF0E3E49D501F434F8A6D83496FC0374731D292C3C8F92264A6086EB5484A5655CD33A4EAA27EA599,657E35909006D7B974506C12901AA09687AEF290DF51E71CD5AD847711BCF96CCC491CDADB725A57F6F5863791431EEA54A62D1EDBDAF92F7D1BE37632704E8E,80DFF5893FA4F674502F3F853A374D030B7BC4A8F924597FC7F07D18DD9D8934B5AAC25AE8DE73F9605C27681DA8622C1284EE706A29713E54C0E53F81224D37,789975FED5B399FB31CAAA725E1FACBCE62D3FD6755C8ADB4D8B1A54CB7479B3AC686C471442758965077302FC486C74B19FAF046492CF9274528F8664396A56,B35FF9FE349F54BF1DBAF095B0E1C24DB5EA458209E25F5934C3F5C59C192C5E5B728903792114670CBFEA2B96B2D2C27031E17235CDF4DE7119B4DF0A1660C3,2A906EDE711577E57223D591FBA49D2C5DD94A8C9666D748E2C9068A676CBEBED7721E538461292B1E1821DEEE1ED8350122DD4DE4038642C6076FC9914F1B52,200449CBAE97CE26F9F36A8A6254AAD135F726E28824165BD6603A1AE96D6D5189E329C949C8952A2F4125BFE606B3AE2941441CAC7171929C0318C14E51E3DD,5F99DF4D008F02FA123D349DD05C948D955BB1C7F61D3207E199C185AFF99980EB28694DCF9D0A763ABC491DF49D17DF1186CB4AE39E6AD4D20975B8E6457114,0950129D61114452B5BC1BB271FDDA33792E30CD4E86871755BFDF894B5712A70C6002EFDD7EB0748D1DE5626E4C359D73670FD17155B69A415A38F0D64FC1BD
1,Linkja Project,DEE690DEBA86F681C5C3E19F2135735006190917EF340DDBE9B8D1BBA799665DE2966D49B469CEF0A861BDD1781902939ECBA5156427E257B9A4F8A2D3FC56D8,,84DFFF690F84FC38347706766EB6BD7AEAE4E34CA39732C9A029BEC83A056728FED0883F4307E1B58593854394D8A72609408C2059F9510F7F5F6567EFB05F0F,,047800A82AE16AF21862E8876EEE001040D1BDB96666D18EDA473C1214549E2B22B738C37D1F085D2A60289356BD760CA702817AFD3B0206A15941833906AB1C,,540AA296EA68AE0A33BAAAFC02C0C2B27F6C572802FD3B807FEF8BF7D9D12F00ECA76286FC1D942897FE316CFB1CE7AC0738A03D2BE1EF34996FAA2B543724B6,,BE9C6EFCCCF285CBCB23806F8A612A76DED768B49C0F29344A5E613C3E47C550B69E9C0E815C76517932DFC4BDA67A3D2774C92F7D5D8C9038D6A602F96DC4EB,,
1,Linkja Project,2255EE76813A0B9B94E64B6ED34BFEA55553DE096CCCE3BD586A2D2BB7CDF3299517BE216450D71A9D30AEBC2AB84207EBB4908AFF675B5634B6F00A333B6B8F,,1D1AC8E1C945278F7C461C76E8865999CC9963A6EA59D4AE1EB662A5E1D92216B752ABDC3D0A274A5B028B7D5A5B2ADD796146AF92A62F1D9CE1DACF5FB0505A,,F50D2AF38C347CFECF72C4030EFEEE906BE4C591409595BB5301ABB5FDD44B07F6A7397A2829D974FA86B895700B76DA867B97CC8836762EBA28F72C634D24BD,,9034503D1EFECB68A217C18719F0DCCAE4C8AB6A0899D27D33D3984BD003743D7A648EDD7C7F4ED04BCAB367E9455E53B9CC44B516A706CDC8D35D0B1234F1BE,,28B9B137C4871E836693EED7123979131414099850E6EE0B6ECF6F0DB19DD859DEB5B846340BFB7C23AFB46BD9194CD336778DDF8E418F6D3E3864F2432536B6,,
1,Linkja Project,14B8D5DF9AB8C08092242B5C2EAB0B2C3915D3325ADD201880999D98FD11E4249D5B425DA80EE60D67D4544BF29AD449151BA6F36FEA46A11040B51E38888075,,4B0E94E93FBB9D7C09FD837FF0D3DF09C9DA9E9D8BC44F8F05CA4FC09C9064482A5299CAB1B2A5743B5E16F5352F46DE6FBEEDCC5E94FA3D858B4AD33A01C407,,BBB2365A7EDD030CCE23A9A6E052F69D6C309D73C7B487E05D27B1B6E09E8ED4C988516024CB49BFD79820004BD2D971B0C306849E3E071E9216FCDCD48A7131,,60177FFF5F8ADD061DF66A4276C1B7B59AA32DE7E4733B7BF1E77A0B34018298D3C33A61C6659E8B7FA67B57ADA14573DB976B31E4326E3DDBEEF80F25909526,,875AAFF4FEB5F279AE6EF5410BE0C176A1F3E71A287F0AF90BE7FEE0444E47A44255145F1EB6932E23E5928BE7BEEF9B5A1A484AC41D6348CEC7E5C27CAE6762,,
1,Linkja Project,1D4D50DA2F4A61E29954B8355F32B2A2B7CD100F0498C209CCB3F4A3A57FC4B6EEBA828F9164D8893A2510A34C4CD681A3BE158A637E60298C0FE2FA99FA138B,,AEB95A0FBDC53CB565682F32B4C9AA04B68A6C46BDDDF9CF4424B42B1E2461CD66F1D1FD6BA143C033EC23BCE8EE132E0CA392902BB54753BBB3D31DA73DB688,,054A25178FF78442A6D461B6D474F6D6F5291C9C46A98411F5AAD45C84E5B1B2BD7412F2E742A96FF8C031B43CF9AD4D470C1D99ABC57BE1C7DD10FF90F2C893,,2B1050A001384AF039E969C127CD58E3F13C8C34E6E71DB6B5F78DB87F122B28F0519E9D203F2BE15FF1D905E72364EFBBD9804C25F420004CA65E6783BCC76C,,803CEF94417671100C1EA8B5E33924886692BDFAC75FBBD4626657F740141F258169A6E773E19A7B53230B3E4DDF5241606CCBB81E1980A9B2CFCA5B0F0059C5,,
1,Linkja Project,217F6F8F8CF005EAB6E63424C2778E0EDAC336DF9F5283D4EEDD75BDA1C6BEBB724481ADD383D28A0B39B0E37B5593F7B0D96FAEEFC1410392007849DE508B3A,F9056CC816B74D000EAB5476D8DB7C244E26DC8BB33E28B21A3FF5B552597D611CBB36D1B1F6F2DB906A6740D486666CDE69B9E1BC104BFAC649175E1B8BA7F3,9A675B169D2D26CF0C1F31D0D361E7582B07EC7AD85EF338938DC62B8A6578564C324843067C58B2FD988D7F3683FBCCA5F4B99EA2A668917DFF5BE7ABEEB59A,6D0A7C2AD138F08D704624C7CD5B78FA5CCF9A81661BB721D9C746D38CD8DF7295CC248B6F4E654B1C2227E2A13B22749015F5AB6171C267BCB934589AFCF7A1,8B1184B826DBCB8BD7FD02E90B5268BBD5C1956D494E126DB9DC38BA1937CC5120D0369B21B1CED44BCE1E7570677451ACD22B9F1E11E870F15777799AFE5B51,708ED067A337EA8E23C1F60897CE9D202078E74FC776CA51187BB612252EF26AB8958AE4772F28C644ED1AF724A6CCD8C07F9D82E386EB0CF0567ADD3C01359F,9DC9418213C1757E26B41B455DA21533D87D1F50331B05807402CE6171581FEC3264FD228C0961147949DF6818368B281C8D96794AB26078F0C56807AFCAB661,0C4AB2D3774566D4E540ADAB60F2B4BE76D8373FD07477C36990F6DE73FF48F3EED43AEB5B46CBA6EE8B64E5D245988C430C65E4F56E75E76D6E732B277AFE31,DB2BBF7D792E6F53ADFE22E0D71A80365A1A3C8E9C018B85232935C25B5ED580C865A3EECC13588115C4D2E49800F6553FEF8A1D881D431425C55EF68AAC127B,CEAEEEA0228C658493F483C1259AEEC39D4BE6C20C27B4A7D200136118FBFFB11F2AB8BE48C7DC2A46B97D9E2E756D0C3BFE2B5CB88245D36899C63CB705C7A8,35308DB21D2779A7F577A2E585A9D478A8DEECCF65FFD80FC8EB7979B8AF442E341D07FDE1E7B542709384B716B2DBF51912412F21A5C92DB7B6AAE89AD5E08C
1,Linkja Project,6D30B4BFCD86A4FF5EE50094B72E3239804DB98E312AD32071A35512851B2650C05826FE5A7E994953C72624F0D24FF1ABA1993EB8F36F21C7C93DE06DE460A8,,A7EE26808443970ACE0F0602CBC2AF6647863A74B73855596D6E3152E15BFFF0596CBD3CF0B996051CB5317DE86DEC241A871374BB59BE3AF6825654F78ADD37,,3BE696F2690F9F7B0207C5980C418BF6ED88418F38299D102B27869F6CF74B56F6D801B6037C849BBFE166F7103943D0A9E5B1CAD874A63AFEC1F270BF299ACB,,AAE2A0E5AB8D277A9B063C2D3B628FC4824C6EAD85141073AE34C569CBB4B9A440E72F68E51F4ECCFAEF373F3DA99D8AF42FB4821D15632F28C28EE5EF667302,,13355E1A7E6316FF574325179A919516385C52AC1105C958EAF36217B370DD6100C279B0752E04FEB1207FBE985EEC43EF6B5187C0A2519E65F510AD35E9F4A6,,
1,Linkja Project,7FD6F303D1B833374E301E2177DB0F35C6AFC68CE631897627DAB7CFC0DAFF04292FDB9FB288CF4C8C9CF8194D76D6329DE921B470E0877B186734C667DBE438,5717D6D05F011A3E0C5641A2582BC3B1DA20B0A02244E5BFD28D0F5898030B94B3BA40AA62B44E580DD00DAA05281AB9AFA2D94B145120DB01F44814FBDE0E13,4E59104481C7D001C01010FB6CEDD15C212AB50951A70475EF5000B34E74345034BAA649EEDD99782B339E99BD5071357570B54B6F44B4B77CCDCC7D67848426,5B8F0696BC06F2A7848B7BA3A2A3810F1A4F3B6FDEC029AE7A4275507734494A9378C9712D8EBF450E2B8013B50D8884BC9E0AB6C2FF92FBC5D88B98CF2D034D,EF7DFF81CEEA939C19373459711254A551E10FC4642C960E9FF9A147E0ED37CC0F84C8F9962AD96C471FE8664C46200AFB49AC25FB77920DC434F472FAD9B7AE,B7634DD3F74F18B3AD87582B938A2ECD4A2ED118A59519C616C507CEBA03A509F12DD76F505627B8300BF746B9B3960155F9EC44BF353BB27C845D54ADF91D10,1C35AC4D723E9F82FF342F0E2917C0808D22E58DB5348B66CD48040B995E72C0C42E51B2A125BECEF7B13C4198A4AE076254F212DF5FCE9E770098F84D484266,D6DCEA84DE319C3DA4738B5324FA1F194CABBB0719DDDB9BCB631FFCDDF8A731555B78321EFD02BF05CA95474F4D1167A17CA4EAB9569F3B005D37EA2CAF69F2,E1494572CE66B620F21345452D4D198B9F23780D6F69C3BA85C580D6D476DA62AEB22BD1ACE6E7558274AEE7ACDBF984072A5D9787ABACE27293D73647014CD9,9FE32F845E39A0AC8B64EBA24C1DC7AB464A83BCD344B0E52130A17D61AFBF450375DE2B38CC5E75FEF8AA46AE3AD97360FC952DB397DD94F9F0BF3850A90AB6,F60981ED4FB7E29D82595C576203BC049D1A7B7F86694C3885851A85F9F312F0FE482043D6D81E245F91D5BAEFFA1A5BF9B475BD9256BFBB128D7277608A0D7F
1,Linkja Project,BA11CB0FB71C099AA7D12CBCAB8501044560A24562A6F0FBA451F345AD32104E0940B59D035F0EFD01D1B178D4CCF637AACE4470E4C7EDCED3649C91EA74255A,,AF3C104B9993DB2E0C190FA69249A62B172C9FB971FA89070E9F3571428AC44C3C1D427DC399993BC5856A8D8A25A39C13417932B9316B0EFF3C465A38AFC749,,290033973C1A7B26364A04108D324696727E26B1428E454D2613D9E4F45AE7F04A64F3F4CC208D31E0C9AB95DA322A6800130B27D4EE887F673E94B845E69A1E,,890FDBC0C9FBBA57C563C2B7E7C20E2D48BFEFC550F34E0BC020E7B28EEEC4574C88D27920AF09BB64C72EECBA7911D79935E3F7E523963E6CC826950E0C4785,,B3B0E616C1739F13E4EAE8AB3057B8370626D5AC0B7EA5AEB20AD9AC1C6AA4BEB41326F521564C33D9456E9E5C47980B68A5CA453B2577206E774526BC9BA0EB,,
1,Linkja Project,456E29352B83EDFA19E475A9A9D75C6F53EC71C3F820467A7329B131BD43A2D3A171FADDD46689BED566D135461FEBB99D68C50E1CD62641AB8F7B0C19669714,,9246701B83EFE95A3E9E413A96BD9D723C3AE5C8A7CA75CFC31CFA9815731A05ACC44729E3FE85EB4BAD20E2BEA39237C68A47545F2FD0611468F9C6AE24BFC2,,080C411DA0473338A9CC44C8003EE63CFCCE170D78EE3A611A547F7FBC0C0EA1152B3F453BAF19C14DF12F858BA124C5FE2A68CF9155B6CCDA96B2456508C862,,4EAC45950DF5EB6789CFD51A3EEBC7AF3084E806A143115FFFB6DC8D55DD9D8C44345A2CAD8EFD0E3628185130BBF418D35DC05E32E61AA0062422E13F4D164B,,8F684B8410507544F87F00A51C2AE23F9E1DAA056CD0534B417ECC1561F2599CA93BA79843407222828DE77D8CE51284AD7105FB61DD422AA46C5BB8FEB0BFC2,,
1,Linkja Project,000F4B84D270EF7B656F11D984BCF06A1AD646143F0ED48692F70BBD338F714428F5F38E0BB92F1224D36329B3CD873C329E433FBE170555A95662E2A431EBAD,,8EB1368F128CD7876F4A10414A6C955F829969800760000EB65BB83BFAE28D95BD46704D0348D61D161DBBEEDD8922702397D95E08B56A0098831AD0D2DBB6C5,,84F6AE0269CF86DA7C64D121FEF530D05723AFC36CBAADBCF0877AF897FE2DCB27F50DFD89440C36C8AD9D6C30DF1525C345203A167C72EC85B5EB149C23879C,,85B7B65848FF1B070409B59DBB30C19EA9F379AB119158BAE25970F9B3C25433CE04B5B482DEF52DF79417101E19BDE00D5DF325BAEE45AC5F7D46879E0E26AF,,4AEF53B72F2A5EF58A8B281B73781A8447849EBECC55078FE018BB37AD0AE7FC65BA9562FEE03A1DACCC60000763C955D192BD816D3F4A5A4F3CBE69DF07A786,,
1,Linkja Project,6CF04CF52923798F0D45C36BD999340974BE8C5900E8919BE63A1E7A36E3E0BF87A798E9D1F7063BB7DF9AD17D5936A7651D1AF98E2F9F4498A62FEEBCD0DCA3,,AB73E37910F03D53785AF14693850912228D9AB4C36CFAC589E97F2989F26CBADD615D539F43D652F870F3CD7FBFDE22219371EC31B1A88FA1F244BF9D7CB777,,D2453CCB2B016127AA4A39C23FE6AD008B1C6D7695E29C9748B6551D4DB5961844C9DE3362802202733E9CDFA4D5664381BC02B0B5F9C8AEC9761C81C852BE2E,,3179373380A322A52E5FF23E0D04EC35150F73B709A66BCC8809F9EE5F207E020E01AF42B6D5D171A9FF08D50B7CC4435B335488C7DCD6DDAD6D0BBB4CC71CAF,,0CEE1279708C8B0C96A19FE4B9390FDFA4D4B46D00452FBB8197F2E892A3F922194E0A25DE95BAB05219F15AC8AAAA2F4B6F1E5BC3A1B7EC5449B902F736D6B4,,
1,Linkja Project,D2408A181778D56BD7470D58BD38A9F274B05B45DCBCF16C5716E52F0FFD0D716471386F0E599EBFD9D55485EBACB81D7D16C10EB4A4E4C9866957B200BAE212,9F65741FC3DB9D71D48D703906FF9B4C32782195E6DDFFE67AA0C4CBBB3733011E6F859B15120E2936F184381152684995B6EC8D8E31302B3DB62DFB6A3F7A62,188778CE1ED4534D4E55E02DFD67BF8367824E36B3130FEE937BE54B6714F4A2891FE0DB19D04362A51546FE363FF3CF8B27275F4788885263CBC331D2D8A8FD,9721917CF63D9304F11CB9FD7C94DAC19A20138DD8AA614D9C21744351E11A92EAF2A30B2304AC09743B426537A0506FB9FEA16E84D8F7A2E67B70AAF5E1ED36,1F19CFABFC6C52061BE42EDEA4A18F4F05C5B4B24A91B2565FDF618F88348731536B899C3990CAF4D8D004096C23FAB5B59BBBEF08EEC5A09025593754B1D46F,C48220AE1EA82C71E3EC7470BC18B72E47CF3A6CF17CC916765FB825F6159395C566A79BCCC91277FAA94BFCCF80614510A8B079348D1403BF5F1C4D0D0B911B,FC108E06E2626E0BD8A22A7DD963C1008573E1046C28AA2051AA58C357AF809826B6E063417B9C0410B3A6F9938E61CC5CF1416500A10B09D035140C82E0C530,1A42EB78379C38EA72047597629497598C4A6A45F68E151D6816FF54069024AC63BF44C4C2BD9FB0D81B92F6A49C07BBFDD92E8BF1125CE812CEF3FF6982CCAF,7AD573BC38E3E01CD1960866D45F0A044F879D1B0C42B2A5223A43CFA128426C5B0807726CD89DC5073E042810AD89F702850BFE44F8CF33816E320F1139A533,D2FAA45F4D1DDBD4F8DB7CBEBD746F951418358FBECEA84D16A91BF625CCF7A3D93A26DD80B44E6663DE8F5273A34EBD0FFC84C3C6EF7D7254CF350260545621,B127A98C49554961E58D87C552F72BBADD07E5B40295CE05542243AC2A38FB6F89FE98B551EE6520BCC14498CCDE12E037BC3EC95BF86363706687D74749A28B
1,Linkja Project,507ED6E72D1B2FD11EEA9BA127B9186B53A94D88B4BD15AFB2B14AACB51359C1A1E57F3B7927C242F989BEDFD4112ACA47D0C2694CD131496AC7E43A7E98184C,,0C16BEDA3A6F5AD614E25CBE0B4A79298246727E2B56335EE0BAA2A10853A5AC985E4732FFF9DCB40A027B195E52986F84FA38860DC5D58FBF7BC56B2B78FF93,,54F4DC7E7F9102D7CF962FED82B11E432C7A11420E2B4AB5394B03A6231A10535D59326791EBAC774401FE73F4D19B9AE6CCB584A23ADC5897F2E31D4D613687,,8D242FA4B460369999B0ECFB0F7B33F1685B4C75F4AEBBD973D177F9FB4F0970D43AB486A89DCDB01A0EF43BEDEA0C32984B091AACF688BBE39792BF4C5FB58C,,8E6BA023E939BBA957A51FC0A4F8FC0886E400F7AA9104CA104FC375D147BEA03C283BAE61456E04ED5D33212AE9B148D45BDD82C52F8E5918A9AF45F2FFB3F1,,
1,Linkja Project,F86DE05DF5423B90EEDE4D872EA6E9BC281362DE09941B9F46BF48FDE8DD570C74AF0E5F7B777B62D6D780C38857E951775DD966AE0489F0260D8773CF41E7B6,,5EE94B71A1AA8B356625FB7DE4CB3FC39750F737AA26BBEDFC2AD3E77F5E9E3691BF9DFE7FA81142DD342DAF0F3751743B46A105A5F4FFA0B24AD8055E38E01F,,BB3DFA758A3C8C09A60AA180D5F00D8701078C178AD5842DF0AF96DD988A17FA98A2E3E848B2A945D3CDF7074FC90A1E5ADCA34830DA10693AFEA1C424AAB6D9,,53F10067B43DC7A16F0DBB7EC6F8F50500B8EA6CF9F4332601420941EA7E4EA87C038F0E0EDECA29F06A6E100BC3DAB3EB669879BD432A32AA32F138067C335B,,FE059F4C3CFB240229D2840E0C92501D62D7727A27216B2311CEA0ADA81B23AE620F41F8DC39CA5CD6DC67BB1D431224B3780D68A2274B65BADF91517F6E2B37,,
1,Linkja Project,D32F136148909A994703DB213835DEBD6228BEC3C56DBB9072430CBAD6563090C675EE2F57365173B056365349B1502B8574BAF7D66A153CE7AC310DBE9C432A,,BABDF646F0F538EC18E9F759F3E1E9BD13821395BD7547BECFB00119623788AEE780C748C27C63F754CDB0737D06CE7169F6F9FA01E14323A2078D1502DDD6E9,,9D735119830825D66263B57464CE505E9A1D090D9E472A4B2CD7ED630F33D16100FAE13C975249C36EC417BF5F13F66D271308CD54B17BBCE4C7B430B7D5C5A8,,401674646B1F5BE4F38BAD45F946E368C13FDA708EEF231A1E8E9F5A6644397EA87A175D55E07DF5F46C278625B6F03745C3071A246E331EA4CC682AB663ECD1,,623EB045B5AA70D08D4A7C704A180D85D1E37ED5AA9F2C0B77474EC576DD68FEEC325C657F0D2C4AF06D4D1756FDD47162241B55F5185C46F69D916E317E4444,,
1,Linkja Project,6CF8D4BC6456CB973E33462731AEE6E7FEC4FE3A77D3105F8F82CD5531D309007DC9ADBA74A27F2868209A88BF7D2EED46F30EA9B44851A4BDB6A5C389C06CC9,C095A277DFE5D3ADAB220FB522AF8F02B88FC9C822AC24BEA2824A70347AC115F2DC3FCC4133F066121FDA0714CAEDDCCC8176D41B65855C88A4009685B70BCE,2345FE35EDAAA40BAF4F84A6E4807D4D8813182A01509B9A782580B49354A4581B0D28116415C3192D7DB7DBF6068AD543352FB73887E10D1CA5F878D1BC228A,41C180F6D6659A0F798097EDF82BD716CDB8E4641908123B95738BE962012E318E73968167D53971152FB57EB0433DEAF864983D8C957609DA6E5A56D7FFCD2E,F55008B452AA02FBE839F7828D379531AFD061811C4A567E3253C3FA874F16E7C9688536D0A281863540366A6C1E7D708CADA7B1481E069B26499BF7684F550A,C252111B6CFEB72B44FC94822610163A00E533BDBA9B768E0458AAEA2F53103F89273727E4E4D8B1D3B3493AA40731BB0ECE1100CD5F8B00D57BF52D35AE6830,A8AE405D0192285BA88DDB6E40BEC32AA7EBA500943ECAF3C28B52148E43DF0214CFF2046E68A62F21426F67172DB1F03B77C19E029A983745DCC5E91C6F455E,0AE74A0CCDC408A20D7E1BEE468C4AD5D66F48EB4505230081AD4C22A986511A273E8D20338BF41E85CD439333711520AC08F2F7FC8C8D4E230459A8244CB9D3,A1FA5E472DC9C9101A8201EA0FA2B6AF6263591B103734A7457939AAAE1C4ADD6B287305BB0165B09FD2ADDFF09E8F901034547D31419862C5B9A7FE29BA2B7F,2A0DB1F9C91EC2052DACEF31A59667CF1A642AD53BD95F4B3D866FBE7F4FCDA74D1FB1CF75BF8AACA60470F5CDC74FC384BDFC2919BBA477D0A16F730EC721A4,2EA04BD7093443C1A0625A5C04669EE8D945AC6E73FC0A3E9344D6D288EF8839F52735BD00E13E278228875E18461EBB6F6D32ECB27E9449E6C60BCADF1B69BF
1,Linkja Project,96CB42292113C9AA4BC9C4F4F9F17936913D75AABD33B71499222122D81EAB1FC6A3FB1C4B6785BF24B54480BA61500DC36B6232D1F5961F9A724F415BB89FC7,,39320903E754A6EA603135EE51E1DE65EA8F0E0FAD4F221A038B8313F25588405A5A2CD391FA971ABF08FCEEF653F0C372B4A9BB106A767BB7F9709831324590,,3420FC89ADFF6F5BE65AABF1EC5DFE3A96D2F254C6002916BAE4DDD689321848674C3F621850E1089E91927FD22F1F68C84B9737DFF39BBEA487F85E6A5933E5,,B9CA977BB0E5BE2A56B722485157E5CB27831EC3EF882651F648D5794533FC6D9F90659F235675FED686D44CA0749DA6AFE993886D93ACA2638F5B697227D994,,7161ABE4A5F17D4390357AB09B2CDFBD704294CA8992634415A7A889E55DAA1B3E57EBD5E74577C368F80664774BCB840FA18CB5CA1AF58BABFAC7537567E52A,,
1,Linkja Project,09A09833E6F6E9F3D542D800D9B55B0FE51B78537026285806FE486AD80DF80D2AD26B9CAF4BB765CD91EF01D34DB74F5BBEC43404FBECB1C1F6103882B1A1CA,,9D5ED16B48BE506B568F5F971CAD6BCDD0A2FD3E18B09A7FE645071C33FCC487D329400997A22BA401A1DC6457BBBAB463CE633D1A47BFD4B32DA88D524C2076,,DDD8CE39898D5FF0FAA5316A27BC10B18D02FFF3BA5F7C0DB91427BC1B6B5301F6D4069539A036E28770E5266106E9B64F2F5A6C9F09823BE9CF4BAA1C90D6BF,,B4C1C4FE614A109C70B5DB729A5104CABB8CF7402B8E4180820A07F8F6E2CE684905D02C62FC9832C8FAFFBAB05D83538BA95AC4D451F8AE5983362DEF0304A3,,2BCB9B2D7088A16657C719F53981616C62B26AC04CBF3FD7A600F0429D187C0E144BA4C56AFCE595193F6B960E8132CDA5881F19FDEE57C269470682155F9FC8,,
1,Linkja Project,ADEC91621A9E3CB998F8DBA1CB6A75D23457429CE493CEEE6329F4B1B4367FE3543EA84D8E2719AA221D9184CFA83FDEE7E35FD1DA943C714C3002BDB7EB0093,BA1C22FD3842BD951FF2981B6ACEA974B59CFEE9B3FA5867E9AFFA64BBCC828AE82F4373AEBF9DEF858A7A3DBFD98751FB3CCA47A03944366A2A8746A24094A4,9E1EDAB2A8EF75C1B131F70918D0287A6F13EF31562C8ACF13F0E45B504AD60CEA26695C9E08D5D7A16E5E3D720D69FF1D79BAFB17994C7441C81C297E6BADEE,785E5BBC9B05CE827239E8B4F45321C187671A613ADBA1D714EA57F94623AFE52652566713FC34F1AB4C1F3CAE737BB10E4267AF32327EEF94C21DA53671B4C1,71C1231F8D0513B54BFFCA7205319B65EC449897C6CA88CCF7D3FFDE09716CF05F80CD73E7DAF04A91B8E88D9D185522AC3CAA35DB8B6B92A879B761741197A5,D52F517BF8A17B71B121843AE382D5FB7D8F6BAECEDBBA823C8FF40B41E568F58563CBEDE9D16103542A8C3EC1E8483180EA640B5FABCC79A71B4041E0480683,977D4BA66A8D366DB5AB31093929D2FE3A5A3E95D5E68E87389FA1BB0CA9DF621B7609DA48A4BFF9EB15C8BA05B9834ED10A2BC57DAEEF0FAFCBFEC381D51E3D,DAB29114B793D4B398C5336E4E4ECF0F10095632FAB91D860C8D73FCD903F412E1E843DFF7C180AB3635C03859821BF36A3800BC21E106EF5C52D6AE72F03A9C,F826E889999D34EE58691E6E711EFF8E3437D0F2CF9B1F51FA2F4099852E55B0DF92EE2207BB478E00AF23194669DA0193EAEFE1BCCED8546A7F8D3CDD01C417,A37E995039B537062E8E9903988B575C0BF4C87787B308B43CAE01EE3EB43D557081C57BEA742C6E0DD5C8CF49AE8F1BEFC3DD41400B2FDF415482F9D1A8B786,C217DC6EC5442F3AF2421977D1F3FB98847E31986055641A172195B4F57C451587C5295DB9A9D983AD43C2D6C91314BD333A71B132296FE82C6F09F18E10AEFA
1,Linkja Project,C6B36953ADF20B4F957B295AE527BF48EB424933D355AF3ED411EC7CACC388CD045B5E573A47FE4CAC72BD7A531010B79018FDE760B5BD531299EC00916DFE85,,EE0DAE3D21C771513762D4ED336539AADAA7E614A45080D56CF755D8331986F07557B6A175715C21F1FFBD5F28BC6633AF88C13D54A5091B99EED1E8AD59B55B,,5F267F55FC3D198085915B23A359B784CA3E041B49F900AB7E117CAC76F77F55F3940BDA369B59711513692CC55D65FA8B3E8BE864479AD088C112B553182D1D,,323405888C62FC3AA38C47529A7B3EB31A03520F6B0F4191976BD786D5BBA8437377C979294A9D7D4B2C0F0028DEED6C2CE57767DF7F21DDEEB114E8721DF189,,FDAB45B0CE3151F9F4FFA7DC16FC2AD3CE74CAC6371FAC9E32517E4B164401B1E256C5662D7EDDD76A128480CBCBD2C20B8AD12214FCC5E7F4588CFD0358C895,,
1,Linkja Project,8FEFC95C56A926766466501C9552F14447C1B19676E3DA8D984EF6A406BFFD640CDCCA764E4A87888E11019B61BDB52A7B0F840821E4BE3DD85E4424DE73B831,6D88FE407DA04739C52B18CA7F723826E45B6CC7BCEA3C87635045C04A25BA800085C16801A03D4D0CC6E692488B810644EDEB0B5CAB890AB6C1FF57C59672D3,250EA13CC2FC1AF1931826AE9B346A3CA3EE1234BE9BBD47637D87C26DFF258997108B17FE7385CB78681A956EFD0350C4133B7F4EFD61A8397464B2873753B4,0F7FC22BB798BDB05A8C8726A64EE6ABFC3C9BAD4BA073079D86CFDA92681B2E551781BD4610AA42E09039292E788D6F9C8EB5C7C035B840FE26CF1257D141B8,B2D1C895F2280367E8E2A358DC6027EA66CAB42B639E0F8DA84F72257274DDC9125D5A4B43605E6D80A62EFA76A510BD45E311E3AC5F7651ED346F55CD81F862,E4A84D501CC5904A7216512BD782F229EE090DDC60E2D89F84FAC0EA03613BA6B435E4EA38D4A5997F542F58B9BC917960D2217CAB3DCA386BEC924C628F3930,A5DD67BF52437792B755158263D9F8AEA261CA505687F9DAF7A492C908EED5F238CEDF97E7C6692B2EC1E8248676CC0625BD2ECA1938D8FFE27C2735F52230B8,202B95E133A52585CEDC312DAD37C8F7B3F8FBABDA30F2434F38FD9D07FC21C6907374784FE1CFAA80642E09ED8BF7F7A99BD0BD6EEFE609E5B45F8379400239,9465A03D730F8492388C48AA3EAEF1551C6AAF6AE72E339BF52E377E55FBA01189DEB449EAA821C8EB23DFBC6C6676A7493D33BDEA08AA0E4C5928E0D1591B5E,EF2FEB5CB9EB0BF3BBD1DA0D5C18C6F3225EC637A6979D8AED7BBB7139296242BAE0A804D4BA3B1454051B26BA32F93DE8F3FF010FB31E01F6C220BD37ECF455,BA2612778B5AF01C450AD4AF9556B64D72EBA702E3536ED36C4D4E029C06277BA62A0AA4C5AA947B94702ACA16FD63D68F2C81F540CBAB183103600FC45584D8
1,Linkja Project,5701BDFB6713D64D6884636618C21A733D745A24E17E90176E4F4A5691ED69405E7312A604979DA4EF4C701EA739D127D4A8D5BDFCC3C2753514910F90029665,,3C6CB32F88F409C7EED022281F9A479566B855B050E14F18987CBE8B0DC41D2F2113C0B8ACD45C794A84901CC6AEB02B466341159CABA1B6560A651BFACBFD95,,8FF65487BF0583963362C769E669C16727873045B6D63D66E4E860BB1C957F35B7FE9215C320F3965A6CE88F20234663D300F2766784108EC304D9626453A763,,D276C24FD269963676F4D8FF151D569D2FC03A0D42670F054DEE6738A0B35D50342F0A6131DEB25C88CCCCC30939660197D9646E048EE5CB095129553436BDC6,,85D9EE1D3605006CF9C5959B03CCFF35544476859CC45210EB3B7A2C5E4F9AF994A9AFC75B4DE11696A9F97B97893166A315468698D7AF8EDF9E953424DD1295,,
1,Linkja Project,B2D343F34C8746CFE603F59452F32D9101A0BFF42CD8B171D43BAE7BB5E4BE9811AD013E7B009722FAF8F6FC4B7B74EF75F4AA39ACD15356161AE72B8287068D,94FEDF37DF690383F3CD90CBF774B8670988FCAF3F7679F3883112AF33FD26C8BA2417758EC92120A6AAFE222374E9C6B1B1D84BA486A2E6689607ACB30297AB,649EA936A6EB8D77C233C05D2F30161278C54681D3FD2B584115A56EBF2452A8D8861AF2ABB9F9D76ADBF3B694C023851A0A77A2F4D8FB7AEA8581CAB2DFF5B1,B72D901ED0F9B5EA788403E4BF8EA0F15DCD22D9AC71C2F287B944F86A6EE933732C977D253BCA910BFB6496092854F9B5A306DC9D1EF6BF8D47A9083551E72F,2F27ADE82993DAB3CD7AE1A99B7132B9895642C9C29F0A970FF75D15B92D84F465BF106809CDBA67A082DA31BB7212B5D8EA4D77A116816B4CD3171D50EF7988,A9B81E27741DBBE179657972EC95AA08BAB0D28B0DFEC0908AABE9D7651270FE4B707EECEEDA36411553E99F3487C16A46698FDCEA6C175FF9A8FA73924C664F,1F75155A7CEB766CAE844BAC241EAE5005A7983744252673287E5C2D51ED4C35604357F46B96854DCC553373EA6840B844BFAC4B0F91F6FDC93F6E205C4CECD7,483635B4B2A2CC61D306714D39C418BCCFB8312E09BD38E3B0320EF78BE85A9D9ECE0CEAD9372ED52973AD4FCBFED1F94CBF589323274DB736EFA9D29989468C,D63C1B6704095EC561D65C5AB6561E419D62306E97046B277817870D22F8099CF1EFF494E37E3D503C75E758E3BBF8692C7A8EADE4B2B028C0F91E42574AE9A8,D2646E37842F01F95F764CC7D046AD336122DA46BBF7679BE0F9A76B8ECED1ACC4AAF158D9EBB962D6ADC9A257CE409A66CD7E1BA8507B535CD7383D0F61F841,8BE34DB166D53748088B4F61680B64D85011099783017097B5D4FB6B8D6EC075D1B19AE52F0E4A3AD560ACC3E7612C31501066D234E6AAE98439AC8601409BB5
1,Linkja Project,0F67E00C71D853A79C3E830E1A2144929EAC9ABC9C9000602B0E7B48113D34EA723B86F794698121C787661D87D5A0B7B1E431EB8B53387607776A34D1FEACB5,0A3C3065808D826A85F3F8C44157681856AC287B093CEA0AD0AEDAD0A14D291D3EFA8B4D555D4D9FE947DD9F3F476FE1B167BDB858C893114047D96825DC7DB1,DEF95498960C7398A5B4B0480E93B60F00264FDF6D630C97754052B3A7C31AFB87F1A754D88742E215B236E71AB26EF4F9173652E4B4A2E59914AE0A19503B11,3A023E7DF724EC03AC373845419B9028D39B266926747D5412A6806EE97E218C86B052EB081F3DB126B181435B3A14FF1150F909E3BC04B26D96A5A46CD5DA2F,90DAD821584F8D59317E6633261FD711196BFB781AA5AC824A04A0B19970271A61D456AED0EAE84A3CE15D1DCCAB63DD3BF89DAA5E11B1845136CF75BC67C42B,CBDEA9507D7B44653B487C731C0A4F296FDC7E4CAD2A09B7623BBCFE82E80FE36C295DCE8BB4D78022D71A81974C6D44D77874ED3D29DF801105EF5399049966,EC9DF3466204732878F36CA5DD6FED4243FBD2456F2307BBDDCCA83DC52D6F53DABDD0F05D3D94ACB919B6677AF61D3AF9713C006B3E7437F15D7999F0D1EF40,E43E2A8044C1959159C6E9BF24F04565D92F95D8D1068511D683BD5E51F1EEE8BC40D16B2C952057BF7EF1C6FE4430F68321DE14BBA26AAE19706F6C0ABBFBEF,E8969A19D179A0D757CF7822C0C47D8CFAAAA50BE23B68543A33D9F8545EE66A77B7F7B17FAE672D08387857F42BB131765D9429D3DEA2E6BBEE30DEE1EA41D0,9A9073AC9488FFD69ACB732415864ECD98D53A7C555312C654E18D998F98059BF5F49F4F804F8EDF5181AC00348A708A63322085888C5CF8012F4071125CC622,81271BB48266D11D86FAABD2F479395A14069B4D4711BFB8F8CBD0017F4C3A9DA8894DF8CF2D3B5D75C4B9DD3F2AB2839CE126878C18D61AE931F707B26FBF68
1,Linkja Project,9B634FA75A9CFBE0D3137370BB218CB4F6EC6E9F35BD86D3E042B24A112B75F6A5AC85C641FBED1AA4F079FFDF98102090048E73495C2C77391ECC6F081E594A,,B09FEF22046E2E206648105B6050CF8D75E4E25D86B29B9166251AF22B361E1548F3853E08F1DDC0800F4902A5DA4F9A027D13ED69D3BAB1CA83F515B0339DBD,,F91355F702EEDD6930FEFD7E399B9C9A71C07F6B3A2B219F951CD66A3B9BC130068C16E641ED9B0CEF6D99CBF22F252F6554A4D6C6B7C39B1E65BBAAD5B1C09A,,D4A3AAE87A4036D56E5016C1C8C1FB251005B597264602B9C667B0F8C36F77A456F8807FE7639A7F38342D4ABDD652645AD6966E057DB8D825EAD9138F2CE5A9,,397F5203E9830B6EC046081BB73153B336D3577EEF1F69C3D8C4C59D3B57F0590C46997908EBB28CFBECDE83767CCB940361869979C17A50E67F5FB0B91C2EEF,,
1,Linkja Project,DD90A8ABD6A70C2EA05CEB2D07ACAA7D7F11B5F1612D737F71F22237E34CFF27835B654472DC05EC50D4E5B19721CBCB9C64C03C2B71A5DF4807C4A7D834DAFE,,C07734A1AABFCFDB3B5923F19DC6E8CC8B4E75CC6AF50377D8588ED1F431D072937A9CB5270C1926713C2DD9574BE6D0E0E893D41B5BF54CDD20C40A6CCCBC8E,,51BC93EDE8D81AC703FAFA24E8844885D88B85410A8F3A4263B070B7C6A07E54D7BE8625105C385806B8E503FBC321F250090B8D783D699A46E061B23C7B8364,,11E9AB6CBF425BBA3670D323669A7EAD584AAA35DB7D911F58862E39918E7514EB379A70D0D079E0293CD9F418D2BC5B65FC2894F9349076A5F903170FB7A11F,,9F9D695D0DE06F08B90FC9F94BD27459A0834F6F44D96579C53EE39BBC1353FC0C6BB2C8B86AAAB30E4826F4268368E5B6626FA93799C76EB50CC0E40297464B,,
1,Linkja Project,EF51EAE78EBA256FBEA0A6EAE3116001ECD2817701E0C9EE8A66AFD29AF26920BDE36BE30F9239AC2209EA8E7E2E00CA6FEA4DDE4AD9FC59E4EFA109FB63D2EA,,701B4C2CD6DC0483D39E360D3763112963DBDB4000D74FBD8EEC0034C5C55BCFC0EF7D77E39A8A61362C6549C48F900D34E1AF05220AAF2658A731FCA8299256,,E40307655F80C5DD8B7C40AC2CB48DD5840EE485A84487B4CB7D7258273DFB047D27A20464C6716748D15305DE3EE53CE0EF95C904B4BBFF1E55AA69C12E28ED,,D8A80E6BC46B73664EFB434EAEEBAD7D7279BA57450125DD48F69DF2640FE3CB96E3FE0AA79BA256DB0F8FA251C49B9B9BD3462DEEFF48409078A2C2AC295516,,9A72380AD6F0D7649ABEA4175CB8E6EE8879E142221DF54A5A698BA2B59988CDE09A0377B998A77814E59293B828FA1FA8BC824BE82B06070BF0CDD5C2DA69F7,,
1,Linkja Project,4E91994F46B3DB173B9317EBD421C5D5B2DFA098DECB70F98F470CA6839C20EFCDB6BC68373638B04F6D899323888379DAB52D0C86F4C4FF9BEFD7D6F5DAB697,006CB53C1F66CB1E14F699821EB72A22A06C9A2B26398191E9857BF96CCE25BBBA1D6E23BD89A2F4AB761325678B5187B04969BAA2C9DB935D8E47C2C1423638,163C14C634541401D8F30C21F30B10CEDA437071D69357B7E6BA5B46E0484CB76D6E0E5F422F00B64FB057256910025A42F4C4E9CE56928FDDCC1D05DD8BB110,6FDAE440086D7DB754E3F373E68E26D8628B34C108539DEE399A1C4FB2597748F9CE9F365581DC6D01514C42370BF55E305F8A3B58971F889C5DCE282EF399D3,5DFAA05FBA33947D53226E94861C523B8F363209E36056CF9132EC3F34C26CB7A7A0D1824DAAC283FD1FCB0CAD5D6168783655FF21651BE9844360F33963D0A9,0253FCB2A98C5A761FD10E40FD1315F91793005CEF04EFBD816239FBB5EC5AF5297CB91E64D53BBCF0666B6DB615CC9726019F864ADCDFCEDE9C48A29C3D5B1F,09F804440D53E41BAB179F856B3EEF9DF6ADE2E1754BB0A06E43D242D661A2041193484D5C09935365CD6AD8D51C8BF6ACA24D096589F52D8FF59970C08A449F,0DE06C787AB1FA54261390087450C9D5EABB183578C6B76ABD71291BD06767F857942CAF908D5CEB6105EB98DCE6009B0A4BC8198733482E7DC5ED3761A55D6F,1D5D9988EFB287F14B0D11F8DA1906C62EF7E1B8A3FA2C46955C76DC4294C2C3A2684027169E9987EC99E31E94C076BD840065CD857F58418EC46B5A6CD10CF2,8E204BB95A73E9C87FA904EF338174DA80A544E41E4C7899269D0AC48BD1E864B9E321F9CDCB7AEBAFB41EA3CC4053CEDB0B516274D798933CF53860D61AB438,BD16A2E41773D89ECC46377BCDD6DF9D1C0305C8CF69771FAF46A4C23A486FA725769A2FEAAC6786F81F16F682A13F5E1CCBE2F8D031729010EEF9859064D8DB
1,Linkja Project,3440ED70906FF8185E933A0D6C2FA05C1936E2B7911D0CDD07DAB228180212D180B1DEF3008EF21E9792F33EBC25FF6C30BBA260BC7ED0ED4334E34D19A3F775,A6F9FF5B36719D43FB714850A3B1C070342FF06FFE12F942303ADE551815B0B78DED333C61308F7C2BF37783614937EB1AE48CB2D5014A62AE4F310024E3242F,AA912D6D217A472F65E6E52BA4A7130A1B9CE2A069D45D1F95723DFAE0A2C39C221BEA8DA03C99643BA8BDC185F120E9DBE2171902E3F5178532D4D985D5C4A1,70FC2F8058180A7A295E742CEC8B490EC81838F5986E6ED99AD7B6FA2BB039486B326B92F3AA0CF9A6C4663E7308CE5B8B43C4B9E32B4BA2E52E942C28E78DED,7F1965E074FFF7447DFFAA9FA58A45F68413CA52347F8E96BA4B92380AC8FE5A3D8110E40D24DC14626C0B61EFE1F68D93B917D5F535A61F0DB1E32C6AAEBEF4,99FDA9660AE4EE3D31DF768F3986350820815AFFA83CADB7355BE7F33C33F32261EE33D2837A142F0302D808F699207CC5499078FD19581C7550A2EC7073F22A,8567EF0DD5A0F199DD7FB09FF6413D820E21A2D4EA2BA40453B72B9ECCAAC90A7F7D43E78F58077D8C5F10F5915D8E9D634BD359EF05490E7BF67E62BB78B5A9,99910896FDB633C369329409E291E75EB6A1DAAAC14ACE5B4E92C3AB98E93A6F4617F5E1403DCF4F8A11185297868BAC87495B668AD2CFB91B13D5026F9AF2BF,92F3B527A038FFE8FCA11ABD189B666FC96862531A667CD46E5700350707ED2E7A31710B4C414A95DEBEBBED7251DDDCA0DFED8598B8DCC35C31C3EDAB722599,CCEB1B9562EABE5F953C60C07F2CF48C32713CAEF52CFD1F5BAB5945705A30719F877C0BE2CC0D5A7C9390B3D41CBF5147F425E10889F070BFC4AAF8837FADCD,70BDE8204724EF2DCFF2B2E1186374D84955EBC9890E0829CC9795F524E5E0C0D51F728BB5C946F05F4CA4AA5DAF67DBF4B423175870431633E76D6D3B8FDE12
1,Linkja Project,68EE9184199DEAECE5496674779578244F06CDD6F9FA183A5796A344E38109EFCF8134A69D4BFCF54EFC359A383B6C19700884629675763CA46672786003237D,,D2FB17EAFEF394B846780A53127CB17C0576899B98E9AD8BA5064E4A706EBC75213BBFCE32AF33E9B0CA61E6A470286F71251C19F881E566D0DDDDD27CA10FCF,,23FAD94AA8B94242D0469D61AF821969776CE56916765B353BFDB791C9F6F691283D3925F8CB2B5A95F7AFBADD272E74BAD31EB1779BCA650033E24D81192F8D,,0AB5C1150C1CF82395E01A73F0B112EEEB5360E9538DEF6DB2EA0EC31DEE11B3FAEABF745A9DAED9BB2B536C80FA3A34BD1B70F76DC7E66CC42EBD92A2D0FD7F,,8CBD3A98FF980ABB6B7F90EFAEE930AB3276018AAC78921AE27C7BE97F58662393D9D1C69797918DA71B5AA4D7CD35B5E34B44C82DB30517A77E213C1227E00C,,
1,Linkja Project,B5D557EBADC8B766AA3653E1A92F2C89C649E5762A87960879B4229C1B59403E01F11A42B75140746B945A040936961D6E40A183F4EAD7D51629C4E2C1252A4F,,67B00ACB5C07D32084CCF82EA1C75C48EC435512A11CFC98F3F153807E8DBA5010CDD33343058A26EE14E8F34A0F347C91856C8F20538F528F9F6DC95B3BFD53,,5A771D72A6DA3BEF8B7076D66C37A490DF7EDA34E5F9CC6B3FD13F3D7D3395F42DADB868BE83252F7BEC9F82B026A65F55D4F13C8C08A8E675F76A0490983323,,39A49288A74DDE3AD6E402E56ACCCBF40BC46A3DF4E1F02CFBD3C291FCFC035B850CA087011B718FC442DF94D9F398DCD737603679D7E51069AB8AF28F0F62D2,,0C969C95EC728BFE2EE5F38A97B80198FCC014C406D3768184E042FCD7D17340BFABF02D20367F8601F28570BC13498C6761B2610D55F4AF69AB8CDC1C26BB7E,,
1,Linkja Project,F70F45B97DD1414A6C9B4D38E098932EF1EDA1AED2F27D675D15518BB936C3DE9DB20C3F272D0A8BA1D6097715ACB5EDC6FC46D1518D5B2ECB178BAA241EB134,,1337999547D04F322545C94FBC87F0A31B1BE9CD9F258E8A681D64E3D8BAECA72AFBC2D132A1142D49EE3DB6669C1986A346082DE15EFF34C57B8C10B401D0B0,,3E5EBFEDEB4376CEE688C3F9A29635B9FC9A253DB845B29E839E8C5A189C8A3FADC83D843DAD509CD70F0C31666E907C2B23B8CC0D0ACD9DE52EAE9E4DE629B8,,F84C67244F12617BBDE3218123C733A76079344C59B5E7E0E5191CBF8DCB37AC2923972F8C069EBBE569404CD8388D7C981415E79C5BB977F1C9823244FCD6C0,,F807F36DA8FC9DEBD69E626F5C0B39A49E3604B57E90C896B5A17C2A0005C37C5A65F1420F0193972F014B7DB79FB234285B907DA04FB0B78067329982137B54,,
1,Linkja Project,A2F8A254648E1231E4F89407250C517EB8E8562DE9364B2458824973BA942F6E8F6B0E2017FB47E6EB3A99F16F6FD969404A05A32F64077654C0F4DC24711CE5,,60A62E405BB9A4AFCFDCAA0B6DFF3A4BA2FA617F9CD8AF835D20329339CF7B3ED0E09A9898A30BDD09735C682EA292B6EADB8A0C771CF5857CB78B3A1170C10D,,F25F4373E1B8872BFA3374672C96A40C43E815B50F237F3A95C109D503393E3496EA140579D210FE348237AF075A8A78785DEA35441F424F11C02A43A645F43A,,7CBF9FF1617EE7F2D55F61A413F749589C2A9709D4D42D3004CE494F33E2BFC80E797FF28126B816767126700D052A6A2C4D1EBDCF0E62ED507723A4BAE26EB5,,6BB34CC4A821DB177AE66F110D17BD3620B18544D7F76114C0DF08E7C8891FF73617B798F61DFA60D4477C4756FE730562FF9B38F996EA673DFAE23B439826EC,,
1,Linkja Project,C48A2FE24CBBE7CDA7991850CB4C6DAC8448F47E9DA4500835CFA6FE2A4672D2623DD94529C466D160EE88ECFFE3628664766F0EB69533266B766149718AF190,,965A06D1225258C1E8FAC2BB366118256338051CCD1C6553FB4C714DD6107092C0DF3B8A629F5939DB64453FCF0BEB4B4B74212575939E523D8E1B7331349FE7,,81473F2279F3AD31182008E00E8409B7C6B864B5D2AAE7ED63CFD3CCF3224CFD78A8D4F47461E1D65F2A54FA56D7A4032BCCE03BBA0BAF0B281D959DB098B67C,,36CE901FA2AA8B82EA0A82C84BD707414694FEACE091BD8BE7B288DB35135ABE136C4A55911F847836177297DE6BCEFFB52BAD92D95AC93E1CA6DC80F8D68ABA,,9810E201BA2274B6503109921485B8EA24EE54A4CEB32F9A59CCCBF8B7E252B481D0CDA843601ED7C932AA6741E9C3321A8547B8BBD778EB5FCBC37C24DB0004,,
1,Linkja Project,EE8F7DD3271537BA0B2BC6CA9F7FF0DBBB9E50B7861DA9002C497CBFE0EB7062614BCFC99F5AD5CB2A5A74E0C809EABCC18BC07F412C5BA020AB8A9262BBA273,5A2C9BF78DE066141E68412B4342D317267C950612E62EB7DDB6B1D1795A75806CE8E98E0B908B6EB80191580F6305BCCE2689E64445F8329E8DF686887CD7D7,C8F253771D0118C10E86708A07365F4576FCBFFA2E996FF3FEF6C7F5D455FFF5728812A5A373D0798FCAFE65ED16EA787584896A90E8694DBD7CD58677215CCE,0C2A4D27796597ED25D4BBB29E6A89BE07A5A0C68417F7E4FABF28573EFF2EB3ADD7C4A6E1F07A6351C4A465E564957608B65670CFF9123D3BB1102F37EF8FBC,7BE629031B76F9BFBB5433E18CF1FC1362906BE3A3293A78F19D90EEAFDE83F521A7B11EEC562963B6734F922185C51AB875EF74E7374DB44AEB4A6F56D775B9,241B6983C6A91AEAB9A0E6A8AE01A70409D3B283C68F05DF5D5B1E175D2BB17C094DA8584E1075DB7ABBFA477D7A911FE69B182FB90A16ED5F78D6D44C8FA587,035A27CA194AC7AA7DBBF205E183823E2F2922CEB2DD0D6A69C5F21FA25F98935E90732F4CA877F2FED42F5C7E198DEBCA4E465CD2687A8A72714EAF4F63AD28,E9880101C4A44B42E11C8F65F23E612DE9FFDB32F1623757A865A9B9790C28FB6C79E95AE9470D2934D05B50669C572FC850FCCAB684106AB562A5B97DB15A55,14BCEACAE5165885701459935B437085762244A384449DD87D77EB963BEAFC794D3289E88B14BA3A81DE6CE97C58EFE8670ABB1B3C9AA74EBAFCBC3A7046C164,FA0A8AD353A730959B067D3B00D7C658CAACA238F11A8212D9D54471B6F20CF15686EF966C605FB7B101CB0B085DDD3A2676E3B0BAD4301A53BCC76B2424B2F8,D4CDFB8CAA688898E98185EA3D2CF1C5749F7718E8785309B32F78A2FE5CBD27A982917A5A674E5176C29563270BB8268C8DB86BBB2D6594E274E38B67AA8387
1,Linkja Project,4F2C6B973E445E3A887629FA39C567AC2D18455781471503AAECE445CAC114D0C02EFE4A06FC2E5A27D795A46330F7C3135FFA9B39E0B09B8777EAFF8F756685,29B29EE9433CD065706E6B59B1114211276AB05152C222975C9B3192052CB37A36C69A72B4AA2C091E03CE2C06D2613C84DF7A9E4B4967847162D2DAB98E1B47,2CF952F58D8AC2E43B60AB88C8CB8C284B3BEB437374812BFDE8BE239C0DF20C137EAA3037EBEA4B0A3C95ED826091A2D869D2064BB648E7DCA90E91E1515DE0,D984A8F005D51923EA29729836292886E5B393A2531E1DBF0F08D202215964797DE21FB56ED957F59B23BD29B6F171235B134491639BB0798EEBB2138715D987,A72ACA08017A74BAE78AFCB151897782A7B599D07A840139E4C71F4D29C8F035FE9846C937204414CBDAD71F651B28CB35D11017BB2C667533CE96B61BE535D8,81EF6FCDA765A13EA2FBCB1817D04D9490292618F9A95C1E111B616A8B36529E2358B937ABF79C17814436B181C897DD2D90B3FB6FEC451C67F0306393C3E226,9D7A60D206C0F175737C778753CCAB6632A60C169194BFB6D67AEB83F49C0666181100588E79CC71ED1C6C7F5F64138F93CB331CF83F3912CDE53A1E18BD98D3,70AEB1C0D1D96FF6E73F800EAF00A9133173200066EFEAABB2C0D70C8CE7D8C8D48D9EBCDB775DA55382AD74ED0AD4234C900F6497B8C2EE182239EA4D868EB1,0557C2F25B3C48BF037C1E4383C0B71ED93762C3B0048A18C00B4995271C3B8A8455585682A529EE6C290F8B46C64FBBF5E5CF3602DDCFF24D7E7025625DFF3F,B8EB9E68393B94766A5D77D72940C047E08135B4CBB580FDB032BEB4B6D5A26ABD247AF5A3A53B242F5E32E9843A68018569928406AC42839CDBDF2679FB3E21,C39AD6BDD4D006B9A0A7E51A5285D0405B9B50E597F6D9770E520303E1A9C3E45C401F3C49A513E2FFB0BDEEAE112F79B01377305207768358148BB151B40601
1,Linkja Project,9C784B7D0F6495B45EFE50C0E7EF9186E352E3130AF63C48CC669D3F7BC77359EB929E9EAB4B22E449AED398219AD001684572C9AEA2EBAB8C7898A09A3E4E89,BE2E99A3D04228D80658FE0232A600691BC3E8050A3D6C0A0259F3ED72486F7348D676950690C9A737E1D2BF5A4D11B778EDD5194CB21805DE0EF8D715F3A2D7,5122F01B95D5D6A67F728F681F60BC5F6E573755E5EEC87BD3EE8817CEA4D902972AAD7377879F6F17A22618C3CCB453F912D1ABD1E44DBEE2E70FD58A747104,059B829E2DEB88F1B11421B676688513CC37216B26B59B2B4B759B5C4928A232F3BA0FD924AE0C18A06F742CB31BEFE09F7E985F56B8993BBF3B7637B49403BF,69BC9E7CF62413C8B62562743DA6A5F33C2557C5D6E2394B13C8A4BCD4079941C415936C86C88822BA1F76138C7C91545E5356E0AF5DA6770CE269E4CB8288E0,E7F13E84D66BA28DAA7383276F416A87553F4E5DFB666B64F8B3B81D9ECEDFDC097252696738C4126A838E3270328FCAFA41AA1A4C662E8809BFA78D6C60621F,693AA051032A8894A6E012040AE2A17690D4BFFB5DD43524C5ABC24904DEDE3EC93570E0CEF3347C40BEF37C835C876755210820F38C371E87AFC2C408413B32,304A41E89087D53E39324BF905DFE5C7EE51320975968F3549B2BAE5471040FAAE1887C6881BFC842BF823F603AEBFABE5B765641A62BA58A6009126E87F1A9A,8E798B5D58BC419E2F5E096C04FA670D96E87B325FFE872ED0B777C88F6C9141420A8412400B56659E6BA9EACC49D63E8697B94D038CB464002B14D01F774EF4,C1C0F14B552CB74CDA35D0FC870DA92CA0261F84D1D4295E6E5009F905596E61C6E83C13E6B525E5DB4A1A49A027E7AE26631D32E3FBC5D037C2A27795477A9F,06867EAA6E9BEF865687AD6BA88B53170A43CDF3C27B638D20427563AC831D0878A01549D88AEF6AD8BD7A48789F413D419A14CD28DB40EE3D5894D17B617C15
1,Linkja Project,F53E5B3BE154D103AC53B6EFF89F921CA12C7BCB03158CF47D5072504C495E832B83EB9AAC188B2770122435E1000784F83441A6163CC3C3079E12E92FDA32B2,,B4E77236F09A64627C87E31ECE8895EB475F16DC509AAD4CFE1B6ED443E7AECB0573654BDD3E8175130F53293B21E3A01FFB75F03855B237AD7B166B8B6E74D1,,2DB96FC0CEF1D8F97C76589A24DD436EA05DD26005496BDDCA6371B83632DC0809EBB72BFA9048AC97589074ED68A4C049A4C22A4571DADDAD5CE71B26A956A8,,33E607160E144B2D7EC12D09A242622004DEC2AD5BC28AC20E1F1103F413D152B7D14C5F5F4AA04BAD4A8FD07B34BE298157E6B590CDEA579C53DADAEBDFA907,,88FCC9496587B86E9161CCCFD3A4D30C24C0081B3FC7E17A17B234569186C34817B7D9BD84A7A64EF85B218FD2E21BA3611EC26F850EC9005428B43B413A3B6F,,
1,Linkja Project,EB50394C83CC33476E0A861BF46ABC4D8974A372AEA6F408CBF877068E0C708A56EDCABBBF1496D3A208719E85585605857AEF80B15FB922AFF2816663799567,,E6BC66D6547206F802F584E69526BAC0AAED4B354B8A5EFA4DF4D800BD0172D15AC74AAEE266282DA196C941DB6885024C5809325A019A67EA5B20FE425300F4,,E72D1F52190B6FFED2D17E0A833173A6AF09E089B47074520D3280B34295521F0CDBDE5728079EFD0B5C4CAAD199F51E516644D08A8CF1AB3C9BF38B8848AF5B,,435367B32B6759B6590C203D2FC6F30F86A2E766F6D0C58C78FE5A35E97E933D5417760354A11F30B78330956FF89BBD9B10C877CF22282275813A7251ACEE53,,FA1874FC08BA8B1A4C26F43863BFD432F9DD4C6DB82927CBCFF7D9FE918D016437AC4B90B6D0303B362A032F79325CB83BF26D0784457342D7085AB1A35A5DA4,,
